ap 0
ap 1
ap 2
ap 3
sp 41
c 42
t 73938 73868 78850 73971 73977 73983 75297 79114 73947 73861 73921 73976 73940 73941 79029 73951 73942 76680 74363 73970 75296 79194 73950 73943 73979 73972 73969 81149 81140 75277 76732 73974 73945 75450 81150 75278 75276 75279 78996 73948 75354 75880 75445 73860 75363 73856 78997 73867 75274 78999 75365 73797 74177 74178 75271 74183 73804 74361 75446 75451 74004 74181 75440 76574 75410 74176 75442 74179 74400 74362 74364 75862 75848 75869 75860 75861 75840 75867 74191 75849 74359 75859 74415 75870 75856 74180 75865 75863 80421 74404 74402 74358 74401 74442 74441 75441 75413 73806 75360 74440
p 0.92308 0.07317 0.5 0.91667 0.65217 0.91667 0.44444 1.0 1.0 0.06667 1.0 0.6 0.93548 0.94737 0.25 0.94737 1.0 1.0 0.77551 0.94286 0.52381 1.0 0.92 0.94444 0.55 0.92857 0.93103 1.0 1.0 0.86667 1.0 0.74074 1.0 0.63636 1.0 0.66667 0.875 0.86667 0.5 0.93333 0.33333 0.5 0.73333 0.09091 0.66667 0.08163 0.53846 0.03797 1.0 0.5 0.11111 1.0 0.13953 0.25 0.92308 1.0 0.875 0.86364 0.54545 0.57895 0.16667 0.66667 0.44 0.03704 0.06522 0.22 0.38462 0.10345 0.69048 0.89474 0.84 0.94737 1.0 0.75 0.94444 0.95 1.0 0.94444 0.85714 1.0 0.82927 1.0 0.1519 0.66667 1.0 0.66667 0.84211 0.81818 1.0 0.28986 0.71429 0.62745 0.82857 1.0 1.0 0.375 0.03846 0.75 0.45 1.0
sp 42
c 41
t 73863 79023 73951 78863 73855 73868 73897 79001 73811 73861 73867 75302 73872 78945 73808 73970 78855 75296 78998 73885 73852 79030 73865 75298 79026 75369 78997 73862 75366 75371 78996 73979 75367 73856 73976 75277 78999 79293 80953 75297 80950 79006 73869 78952 73860 75365 73883 73814 79019 79017 73878 73877 73818 74044 75211 75299 75423 73866 75351 73820 73813 73834 73831 80187 80182 80177 80186 80176 80166 80673 80870 80161 80185 80206 73812 80860 80672 80850 80675 80472 75880 74037 74039 80869 73879 73864 75414 75443 73773 73755 75168
p 0.93421 0.25 0.05263 0.75 1.0 0.90244 1.0 0.5 1.0 0.93333 0.96203 0.47059 0.96774 1.0 1.0 0.05714 1.0 0.47619 0.46154 1.0 1.0 0.75 0.93151 0.72727 0.625 0.8 0.46154 0.95062 0.625 0.64 0.5 0.45 0.84211 0.91837 0.4 0.06667 0.42857 1.0 0.66667 0.55556 0.57143 0.83333 0.88889 1.0 0.88636 0.83333 0.96078 1.0 0.25 0.42857 0.96078 1.0 1.0 0.84 0.07692 0.5 0.10714 0.91892 0.66667 1.0 1.0 1.0 1.0 1.0 1.0 1.0 1.0 1.0 1.0 1.0 1.0 1.0 1.0 1.0 1.0 1.0 1.0 1.0 1.0 1.0 0.125 0.26667 0.72973 1.0 1.0 0.91111 0.01075 0.63158 1.0 1.0 1.0
ap 4
ap 5
sp 43
c 44
t 28138 27907 28132 25806 28129 322 27991 28489 28490 28536 25733 27905 28579 28627 28663 28128 28668 28492 28539 28666 28153 28155 27925 28487 28449 28485 28537 28494 28448 28152 27976 28493 28451 28031 28620 1610 28452 28157 28450 265 28542 28540 28538 354 28612 272 25763 441 443 414 625
p 1.0 1.0 1.0 1.0 1.0 1.0 1.0 1.0 1.0 1.0 1.0 1.0 1.0 1.0 1.0 1.0 1.0 1.0 1.0 1.0 1.0 1.0 1.0 1.0 1.0 1.0 1.0 1.0 1.0 1.0 1.0 1.0 1.0 1.0 1.0 1.0 1.0 1.0 1.0 1.0 1.0 1.0 1.0 1.0 1.0 1.0 1.0 1.0 1.0 1.0 1.0
ap 6
ap 7
sp 45
c 46
t 8087 8082 3444 3526 3547 3533 8090 8115 7978 5263 3780 3531 3442 3781 3455 3451 3525 7452 3413 8075 7511 8164 3157 7475 7514 7512 7646 3524 3521 3440 5315 5318 3446 8010 8008 8071 5314 7483 7530 7473 7489 8073 7478 5269 7897 3527 3249 3497 8065 7597 8173 8165 3410 3778 3443 3452 8153 8180 8191 3493 3507 8166 7472 5267 7474 3492 8160 8171 3508 8168 3430 7589 7455 7467 7516 7453 8162 3506 3504 3500 3482 3495 7471 3513 3501 8016 3503 3134 12129 12121 7513 12038 3490 3487 3103 3089 12059 12054 12142 12119 3470 3822 12128 11745 11917 12122 12208 12133 12134 12118
p 1.0 1.0 1.0 1.0 1.0 1.0 1.0 1.0 1.0 1.0 1.0 1.0 1.0 1.0 1.0 1.0 1.0 1.0 1.0 1.0 1.0 1.0 1.0 1.0 1.0 1.0 1.0 1.0 1.0 1.0 1.0 0.66667 1.0 1.0 1.0 1.0 0.75 1.0 1.0 1.0 1.0 1.0 1.0 1.0 1.0 1.0 0.04545 1.0 1.0 1.0 1.0 1.0 1.0 1.0 1.0 1.0 1.0 1.0 1.0 1.0 1.0 1.0 1.0 1.0 1.0 1.0 1.0 1.0 1.0 1.0 1.0 1.0 1.0 1.0 1.0 1.0 1.0 1.0 1.0 1.0 1.0 1.0 1.0 1.0 1.0 1.0 1.0 0.66667 1.0 0.85714 1.0 1.0 1.0 1.0 1.0 1.0 1.0 1.0 1.0 0.4 1.0 1.0 1.0 1.0 1.0 0.85714 0.57143 1.0 1.0 0.66667
sp 46
c 45
t 3192 3190 1927 3278 1797 3195 3184 4014 1955 2676 4015 1912 1799 3249 3335 3251 2458 3333 1222 1220 3338 1932 2664 2665 1381 1109 1915 1796 1221 3340 1217 1149 3255 3260 3187 1998 3230 2618 3243 1916 3258 3253 3252 3232 3277 1925 1122 3248 1033 1954 3292 3240 3254 3179 3166 3186 3257 3274 2590 1127 3301 2679 3194 3189 3276 3268 3193 3196 1965 3271 2654 2739 2718 2675 2728 1935 2591 2672 1223 2589
p 0.58462 0.95833 0.55 0.54386 1.0 0.58824 0.96 1.0 0.50943 0.625 1.0 0.4902 1.0 0.95455 1.0 0.94737 0.05263 1.0 1.0 1.0 1.0 0.55 0.54286 0.64706 1.0 1.0 0.63636 1.0 1.0 1.0 1.0 1.0 1.0 1.0 1.0 0.48 0.93333 0.5 0.95652 1.0 1.0 0.94737 0.94118 0.57143 0.78049 0.5 1.0 0.94444 1.0 0.94118 1.0 1.0 0.94737 0.9375 1.0 0.92857 1.0 0.90909 0.6 1.0 1.0 0.57143 0.79245 0.91304 0.75 1.0 0.63333 0.84615 0.2 0.92308 0.55882 0.5 0.48649 0.55882 0.52778 0.52941 0.6 0.53333 1.0 0.6
sp 47
c 48
t 2432 9922 8882 9647 8799 8411 8877 9645 8608 9593 8917 8384 9609 9632 9466 9616 9462 8796 9456 8763 8786 9250 9293 2761 9641 2679 2611 2615 2718 2737 1924 2757 9565 1922 1933 9924 9440 2675 9634 9638 8872 1927 9640 1920 1945 1964 2664 2739 1925 2654 9467
p 0.02222 0.70968 1.0 0.64706 0.25 0.58333 1.0 0.71429 1.0 0.03797 1.0 0.63636 1.0 0.06667 1.0 0.66667 0.71429 0.25 0.66667 0.85714 0.25 0.66667 1.0 0.66667 0.17391 0.14286 0.2 0.38462 0.27027 0.25 0.5 0.4 1.0 0.55556 0.38889 0.65217 0.75 0.23529 0.30508 0.10638 0.25 0.45 0.27273 0.72727 0.83333 0.8 0.28571 0.26316 0.5 0.23529 0.83333
sp 48
c 47
t 3199 9503 12152 12259 12155 9677 9528 9531 11690 8411 9635 9889 3624 15874 9501 9492 9595 12193 9679 11700 9498 11689 9491 9409 9678 11915 11792 11836 11687 12103 9502 11913 3466 11678 11761 12146 12127 12119 9534 12158 12284 9490 10223 3833 12203 12233 11601 12107 12144 9500 9535 12197 11959 12198 12209 12211 12190 12201 11965 12191 12181 12188 11793
p 0.2 0.46875 1.0 1.0 0.61538 0.07576 1.0 0.71429 0.66667 0.08333 0.04 0.16667 0.2 0.5 0.4 0.44828 0.02899 0.88889 0.12195 0.33333 0.4 0.66667 1.0 1.0 0.08955 1.0 0.4 0.11111 0.71429 1.0 0.32143 1.0 0.5 0.625 1.0 0.46667 0.58333 0.5 1.0 1.0 1.0 0.56522 1.0 1.0 0.71429 1.0 1.0 0.66667 0.52941 0.48148 0.56522 0.81818 1.0 0.73333 0.85714 0.85714 1.0 0.75 1.0 1.0 1.0 1.0 0.4
sp 49
c 50
t 3663 3620 3650 7929 3610 3631 15703 15708 15675 16377 16198 15626 15628 13377 16352 15725
p 0.875 0.875 0.77778 1.0 0.5 0.77778 1.0 1.0 1.0 1.0 1.0 1.0 1.0 1.0 1.0 1.0
ap 8
ap 9
sp 50
c 49
t 12197 12144 12146 12203 12148 12149 12127 11815 11793 11874 11851 11777 3613 11845 11844 15885 11899 11808
p 0.18182 0.47059 0.53333 0.28571 0.53333 0.63636 0.33333 1.0 0.4 1.0 1.0 1.0 0.2 1.0 1.0 1.0 1.0 1.0
sp 53
c 54
t 29926 29930 29929 29898 29195 29897 29190 29194 29191 32654 29923 8419 29931 32653 29232 29234 29239 29237 29247 29243 29925 29921 29238 8417 29920 29928 29244 29236 9787 8431 8409 29242 8418 29240 11150 32650 29927 29911 8421 9784 9785 8416 9786 11149 11148 8420 29916 9782 29922 8422 8661 8390 9767 8405 9872 9862 9875 9856 9867 9881 11027 9926 8427 9877 9883 9882 9668 32652 10193 10192 9873 9592 9900 9633 9677 9635 9665 9673 9632 9879 9558 9780 9676 9593 9554 9670 9852 9638 9841 9678 9666 9627 9925 9588 8384 9850 9594 9846 9589 9880 9679 9641 9634 8816 9902 9891 9889 9669 10198 9457 9639 9636 9890 9643 9640 9377 9903 9637 9599 9513 9511 9541
p 1.0 1.0 1.0 1.0 0.8 1.0 0.8 0.8 0.8 1.0 1.0 1.0 1.0 1.0 1.0 1.0 0.96875 1.0 1.0 1.0 1.0 1.0 1.0 1.0 1.0 1.0 0.9 1.0 0.97015 1.0 0.27273 0.9697 1.0 1.0 0.98675 1.0 1.0 1.0 1.0 0.98919 0.96491 1.0 0.69231 0.66667 0.47059 1.0 1.0 0.95833 1.0 1.0 0.02857 0.2 1.0 0.4 0.33333 0.16667 0.12821 0.45238 0.14286 0.52381 0.04255 0.5 1.0 0.50909 0.5082 0.54386 0.80769 1.0 0.03125 0.02143 0.12121 0.89024 0.58333 0.88889 0.89394 0.89333 0.78571 1.0 0.89333 0.54717 1.0 0.75 0.89655 0.88608 1.0 0.90909 1.0 0.85106 1.0 0.89552 0.72222 0.33333 0.5 1.0 0.27273 1.0 0.90196 1.0 0.88235 0.53571 0.82927 0.82609 0.66102 0.25 0.62222 0.88462 0.8 0.83333 0.02055 0.25 0.43902 0.54839 0.81579 0.78125 0.72727 1.0 0.66667 0.59701 1.0 0.14286 0.4 1.0
sp 54
c 53
t 11090 11076 11091 10739 10743 10570 10746 10745 52838 52912 11079 11084 11081 11262 11089 10572 11093 29333 29331 11043 11260 11077 10744 11085 11087 11217 11078 11088 11216 10741 11046 10747 11099 29312 10574 10742 11031 10736 10740 10751 11042 11040 11041 10706 11083 10564 11044 11052 11045 11072 10737 10738 11071 10567 10566 52782 11055 11095 11050 11074 11049 9865 11026 10748 10569 10571 11086 10561 11047 11054 11053 11096 11036 11039 9867 10749 9856 10750 9883 9872 11032 11034 11028 11069 11140 11035 11030 9875 11011 11143 10198 11027 11019 10719 11051 11033 11048 11029 11008 11016 9864 9881 9786 11146 9873 11023 10187 10192 11014 10197 11012 10717 10709 10716 10718 11025 10733 10697 10708 9918 11018 11017 9788 9878 9668 10711 10203 10068 10730 10729 10725 10196 11060 10098 9874 9882 9892 9879 9633 9503 9914 11059 9519 11058 10059 11024 9900 9901 9522 10177 11070 11443 11434 10185 10176 9877 10201 9501 9860 9863 10165 11701 10111 11689 10182 10100 10184 9523 10200 10217 11371 10179 10925 11688 10193 10207 9520 10178 10181 10225 11561 10199 10227 10205 10218 10219 11440 12247 11362
p 1.0 1.0 1.0 0.96078 0.96591 0.85714 0.97403 0.98684 0.2 0.11765 1.0 1.0 1.0 1.0 1.0 0.94643 1.0 0.5 1.0 0.97826 1.0 1.0 0.98 1.0 1.0 1.0 1.0 1.0 1.0 0.97872 0.98198 0.98958 1.0 1.0 1.0 0.98958 0.91781 0.97674 0.97368 0.95833 1.0 0.99029 0.9881 0.92857 1.0 0.5 0.98936 0.96939 0.98 1.0 0.97101 0.98529 0.96774 0.86538 0.64286 0.05882 0.98718 1.0 0.95294 1.0 0.9875 0.79487 0.90698 0.9403 0.72727 0.6 1.0 0.36364 0.96226 0.95122 0.97368 1.0 0.91304 0.92683 0.77143 0.94444 0.52381 0.88235 0.45902 0.66667 0.93023 0.92105 0.92157 0.96875 0.36364 0.88462 0.9 0.84615 0.96 0.75 0.86301 0.91489 0.87879 0.97674 0.98058 0.90476 0.98039 0.89286 0.93333 0.88889 0.85714 0.44444 0.30769 0.8 0.84848 1.0 0.86239 0.85714 0.88 0.85156 1.0 0.96875 0.92308 0.9375 0.97059 0.88095 1.0 0.33333 0.96296 0.86667 0.9 0.85714 0.72727 0.47541 0.07692 0.91667 0.89041 0.58333 1.0 1.0 1.0 0.78409 1.0 0.4375 0.7 0.42105 0.27273 0.41509 0.01389 0.4375 1.0 1.0 0.33333 1.0 1.0 0.85714 0.375 0.36957 0.46875 0.95312 0.95455 0.57143 1.0 0.85294 0.87603 0.45455 0.9 0.46667 0.33333 0.63158 0.11111 0.66667 0.58333 0.33333 0.86607 0.58333 0.9 0.62069 1.0 0.85714 0.57143 1.0 0.33333 0.375 0.8125 0.85366 0.88889 0.86364 0.91176 0.75 1.0 0.88288 0.63636 0.925 0.85714 0.83333 0.57143 1.0 1.0
sp 55
c 56
t 12892 16283 16256 11513 11348 11441 13543 16129 13042
p 0.0625 1.0 1.0 1.0 1.0 0.28571 1.0 1.0 0.00962
sp 56
c 55
t 10194 9501 10198 11440 9497 11907 10205 9518 10135
p 0.02381 0.1 0.0137 0.14286 0.66667 1.0 0.025 0.5 0.04545
ap 10
ap 11
sp 59
c 60
t 32363 32435 32371 32361 9043 32360 32432 9160 9166 9131 9042 9086 9035 9023 9151 9161 9106 9162 32444 32433 9122 2107 9012 9117 32350 9116 9138 9118 32358 32336 32271 32364 32443 32259 32266 32365 9119 9108 9137 32349 32352 32353 9083 32372 32348 32351 32357 32362 32356 32260 32257 32258 32256 32366 9111 32458 9121 32367 32354 48593 32261 9077 9114 32268 9126 32279 9128 9120 48594 9064 32262 8689 32275 32272 32318 32317 9132 32304 32267 32315 9089 9092 8996 25503 25532 9007 8998 8690
p 1.0 1.0 1.0 1.0 1.0 1.0 1.0 1.0 1.0 0.83333 1.0 1.0 1.0 0.2 0.73171 1.0 0.625 1.0 1.0 1.0 0.8 0.1 0.2 0.30531 1.0 0.25098 0.77966 0.7 1.0 1.0 0.95122 1.0 1.0 1.0 0.78571 1.0 0.32189 0.31304 0.85 1.0 1.0 1.0 1.0 1.0 1.0 1.0 1.0 1.0 1.0 0.96667 1.0 1.0 0.98039 1.0 0.23462 1.0 0.88889 1.0 1.0 1.0 0.94828 1.0 0.13974 0.93548 0.88889 1.0 0.65 1.0 0.33333 0.71429 0.96154 0.16667 0.38095 0.92308 0.08929 0.09434 0.14545 1.0 0.91892 0.42857 0.06024 0.02353 0.375 0.07143 0.02632 0.33333 0.2 0.12
sp 60
c 59
t 48475 48471 48429 48470 48428 48476 48421 48466 48463 48487 48630 48449 48632 48417 48629 48481 48626 48624 48628 48606 48636 48633 48473 24738 48418 24715 48625 24746 48635 48460 48617 48588 48934 48618 48627 48909 48937 24740 48928 24711 48480 24887 24714 48459 48423 48424 24880 48933 48615 48619 48944 48425 48936 48614 24712 24716 24890 24719 48416 48426 48931 49144 48929 49137 48943 48613 24886 48954 24885 24717 24891 25579 48953 25379 25377 49108 48427 48930 25414 25430 25574 25578 25573 25080 25575 24727 48955 25594 48608 24726 24881 48995 25592 25420 48609 25570 48783 48610 24713 24910 25448 25418 25571 25593 32263 48772 25436 25429 48773 24888 25421 25576 48770 48611 48952 24760 25423 24675 25432 32268 24865 24761 24893 24765 8663 24764 9109 9139 9065 24862
p 1.0 1.0 1.0 1.0 1.0 1.0 1.0 1.0 1.0 1.0 1.0 1.0 1.0 1.0 1.0 1.0 0.95238 1.0 0.95238 0.88889 1.0 1.0 1.0 0.5 1.0 0.40909 1.0 1.0 1.0 1.0 0.9 1.0 1.0 0.89286 1.0 0.6 1.0 0.4 1.0 0.55263 1.0 0.55882 0.41818 1.0 1.0 1.0 0.47619 1.0 0.85185 0.94286 0.91667 1.0 1.0 0.84 0.32609 0.64286 0.61765 0.89474 1.0 1.0 1.0 1.0 1.0 1.0 1.0 0.82609 0.64706 0.93333 0.60714 0.80769 0.64103 0.53333 0.82353 0.32143 0.31818 1.0 1.0 1.0 0.05319 0.04348 0.68571 0.70588 0.7 0.31579 0.73333 1.0 0.81395 0.14815 0.78 1.0 0.45455 1.0 0.26087 0.16949 0.67273 0.47826 0.47222 0.64 0.3913 0.35294 0.07143 0.08219 0.625 0.20513 0.05128 0.3913 0.05263 0.0396 0.31579 0.60714 0.18182 0.48276 0.45 0.65306 0.80488 0.85714 0.16667 0.85714 0.02326 0.06452 0.25 1.0 0.32653 0.6 0.02632 0.6 0.0038 0.04878 0.5 0.23529
sp 61
c 62
t 9116 9020 9106 2244 2242 9012 9111 8691 2129 9000 9119 2174 9114 9130 9109 9058 9132 9108 2434 9091 32275 9112 2241 9133 9090 9089 32316 9103 9113 9138 32267 2243 9011 9115 32318 25445 9093 25444 9088 9092 9101 48603 48604 32311 25454 9102 25493 48696 25521 25529 25448 25446 2424 2465 25345 9110 25492 25503 25487 32312 2464 25452 2799 24857 9117 9094 25477 25522 25502 25490 25346 2450 25447 25520 25451 2427 25453 25482 25533 25480 2285 2495 9015 2264 2486 25532 25534 2110 2448 2101 2451 2263 2443 2338 2438 2260 2425 2307 2394 2510 2370 2059 2328 2414 2055 2440 2392 2351 2442 2052 2371 2350 2063 2147 2062 2206 2145 2340 2318 2048 2050 2890 2889 2148 2146 2236 2444 2106 2441 2466 2310 2235 2305 2309 2433 2456 2432 2439 2479 2477 2402 2407 2417 2766 2469 2713 2732 2508 2426
p 0.7451 0.5 0.35417 0.55556 0.57895 0.5 0.76154 0.2381 1.0 0.33333 0.66953 0.75 0.8559 0.77974 0.74905 1.0 0.85455 0.68261 0.54167 0.92754 0.61905 0.92308 0.54762 0.92308 0.94624 0.93976 0.93827 0.98667 0.9381 0.20339 0.05405 0.53659 0.83333 0.94146 0.91071 0.37255 0.975 0.35294 0.97368 0.97647 0.97674 1.0 0.07692 0.92424 0.19048 1.0 0.875 0.81818 0.61111 0.1 0.21429 0.375 0.77778 0.7027 0.18182 0.89268 0.88889 0.71429 1.0 0.9375 0.69444 0.28571 0.6 0.05882 0.68584 0.96721 1.0 0.625 0.4 0.8 0.225 0.31579 0.38776 0.47059 0.46154 0.78125 0.31579 0.66667 0.6 0.53333 0.5 0.6 0.5 0.45833 1.0 0.57895 0.575 0.83333 0.33333 0.5 0.41667 0.5 0.31707 0.71429 0.3617 1.0 0.79412 0.875 0.57143 0.91667 0.77778 0.75 0.875 0.89474 0.73333 0.3913 0.84211 0.77778 0.52381 0.81818 0.7619 0.8 0.86207 0.94444 0.94118 1.0 0.94737 0.71429 1.0 0.81818 0.85 0.5 0.5 0.875 0.88889 1.0 0.4 0.45455 0.39394 0.55556 1.0 1.0 1.0 1.0 0.45161 0.2381 0.33333 0.5 0.35714 0.25 1.0 0.57143 0.5 0.55 0.55172 1.0 1.0 1.0 1.0
sp 62
c 61
t 24891 24887 48908 25568 48906 25592 25574 25594 25569 25379 24880 25571 25593 25377 48614 25420 25423 25378 25415 25597 48609 25591 48783 48610 25411 24893 25408 48612 25436 48770 25410 25414 25430 25409 25419 25598 25383 25417 25418 24714 25429 25437 25428 25512 25424 25439 25438 25391 25413 25427 25425 25434 25390 25433 48778 24712 25416 48611 48952 25080 48775 25576 25426 24713 25470 25596 25456 25471 25460 24855 25469 24859 48773 25544 48781 48776 25432 24888 24890 25462 24886 25468 24876 24858 48785 25461 25502 25458 25459 25523 24884 24716 25572 24883 25422 25033 25043 24956 25382 24909 25453 25454 25346 24851 25455 24854 24857 25445 25069 25068 25444 25520 25526 24931 24957 25532 24842 25531 25035 25041 25442 25345 25480 2241 25441 24764 3071 2185 2183 2168 3026 3028 3037 25032 25443 25528 3039 3031 2265 3038 25440 25357 24958 24951 2212 2223 24950 25034 25353 25070 25040 25048 24954 3035 3019 25219 2891 3029 2889 24998 24944
p 0.35897 0.44118 0.5 0.33333 0.6 0.73913 0.31429 0.85185 0.38462 0.67857 0.52381 0.375 0.79487 0.68182 0.16 0.83051 0.83333 0.77778 0.875 0.94118 0.32727 0.87234 0.52778 0.36 0.94118 0.67347 0.94253 0.30612 0.84211 0.55 0.91304 0.94681 0.95652 0.93182 0.95 0.95833 1.0 0.96629 0.91781 0.58182 0.9604 0.92308 0.96262 0.82353 0.95935 0.97015 0.86207 0.93333 0.89189 1.0 0.975 0.8125 0.93333 0.86111 0.69231 0.67391 0.98551 0.34694 0.19512 0.68421 0.63636 0.51724 0.9717 0.6087 1.0 0.91111 1.0 1.0 1.0 0.94118 1.0 0.9375 0.68421 1.0 0.46341 1.0 0.83721 0.39286 0.38235 1.0 0.35294 1.0 0.9 0.94118 1.0 1.0 0.5 1.0 0.89655 0.45833 0.4 0.35714 0.5 0.53571 0.75439 1.0 1.0 1.0 0.90909 0.4 0.63158 0.78571 0.7 0.78261 0.61111 0.9375 0.94118 0.56863 1.0 1.0 0.58824 0.41176 0.35714 0.16667 1.0 0.07895 0.4 0.53333 1.0 1.0 0.60526 0.81818 0.06667 0.09524 0.57895 0.4 1.0 1.0 1.0 0.75 1.0 1.0 1.0 1.0 0.76471 0.7 1.0 1.0 0.1 1.0 0.54762 0.88889 1.0 1.0 1.0 1.0 1.0 1.0 1.0 1.0 1.0 1.0 1.0 1.0 1.0 1.0 0.5 1.0 0.5 1.0 1.0
sp 63
c 64
t 25444 2396 25532 2241 2264 25531 8997 25442 2242 25534 32405 2112 2113 2243 2286 2254 9194 2267 2465 8684 8663 2443 2440 2448 1431 2438 2244 2165 2419 2728 2105 2469 2717 8686 2718 2449 2454 8978 2437 2052 2139 2055 2459 2439 8836 2432 2063 2456 2458 2391 8996 2104 8998 9248 2395 2468 2478 2457 2754 2753 2249 2476
p 0.05882 0.42857 0.31579 0.33333 0.41667 0.06667 0.625 0.07895 0.31579 0.3 1.0 1.0 1.0 0.31707 0.375 0.2 1.0 0.38889 0.27027 0.23529 0.07895 0.63415 0.56522 0.61111 1.0 0.51064 0.2963 1.0 0.5 0.22222 0.33333 0.37931 0.33333 0.42857 0.21622 0.61538 0.68421 0.2 0.32258 0.18182 1.0 0.26667 0.68421 0.5 1.0 0.53333 0.13793 0.57143 0.73684 0.5 0.625 0.4 0.5 0.2 0.2 0.4 0.58824 0.65217 0.36364 0.375 0.5 0.61111
sp 64
c 63
t 8689 2434 8688 9020 8661 8812 8660 8671 8813 2477 9011 2392 8799 3192 3235 1998 8796 2798 2740 2749 2370 8663 3278 2762 8666 2613 2751 2738 8873 3195 1912 2679 8797 2673 2449 2590 8677 8808 8704 8818 8679 2466 8665 8668 2680
p 0.66667 0.25 0.46667 0.2 0.91429 1.0 0.875 0.8 1.0 0.05 0.16667 0.10526 0.75 0.41538 0.45 0.52 0.75 0.33333 0.66667 1.0 0.22222 0.86842 0.45614 0.28571 0.76923 0.2 1.0 0.13636 0.33333 0.41176 0.5098 0.28571 0.77778 0.05263 0.03846 0.2 0.5 0.66667 1.0 0.71429 0.73333 0.03704 0.75 0.86486 0.16667
ap 12
sp 57
c 58
t 38347 38313 38147 37902 38295 38314 38146 38293 38150 38257 38311 38300 38290 38303
p 1.0 1.0 1.0 1.0 1.0 1.0 1.0 1.0 1.0 1.0 1.0 1.0 1.0 1.0
sp 58
c 57
t 40923 40917 40614 40387 40560 40904 40612 40919 40606 40616 40619 40411 40801 40722 40915 40795 40409 16505 40912 40803 16588 16458 16589 40888 40940 16504 16509 40762 16506 16575
p 1.0 1.0 1.0 1.0 1.0 1.0 1.0 1.0 1.0 1.0 1.0 1.0 1.0 1.0 1.0 1.0 1.0 1.0 1.0 1.0 1.0 1.0 1.0 1.0 1.0 1.0 0.5 1.0 1.0 1.0
ap 13
ap 14
ap 15
sp 65
c 66
t 10823 10820 36416 36443 10830 10821 10786 10876 10818 10659 10799 14028 10878 10788 10797 10785 10657 10874 10796 10798 10777 12985 12904 10913 12814 10789 10774 13771 13776 12897 12899 13808 13781 10775 14117 13769 13783 14127 10790 14124 13767 13782 12898 12813 12812 10130 10132 10143 10099 13791 13822 10142 10769 12805 10822 10959 14118 13814 14122 12804 13574 10817 10768 13768 12802 12864 16311 12861 10801 11336
p 1.0 1.0 0.83333 0.83333 0.7 1.0 0.89474 1.0 1.0 0.55556 0.96364 1.0 1.0 0.90909 0.95918 0.55 0.55556 1.0 0.69811 0.97826 0.89474 0.15789 0.05 1.0 0.41667 0.65957 0.70833 0.76923 1.0 0.28 0.33333 1.0 0.9 0.51282 1.0 0.69231 0.83333 1.0 0.24 1.0 0.23529 0.90909 0.45 0.38462 0.33333 0.25 0.26923 0.23684 0.11111 0.8 1.0 0.15789 0.38462 0.375 1.0 0.83333 1.0 1.0 1.0 0.38889 0.33333 1.0 0.4 0.75 0.55556 0.25 1.0 1.0 0.5 1.0
sp 66
c 65
t 13040 13012 13023 13022 13351 13355 13735 13011 13021 13042 13009 13041 13013 13721 13010 13740 13014 13043 13356 13055 12875 12904 12968 13353 12873 12872 13350 13008 13044 13052 13574 13354 13587 13340 13579 13020
p 0.91429 0.80165 0.84466 0.85965 1.0 0.94444 1.0 0.60976 0.84444 0.85577 0.75676 0.88889 0.77311 0.5 0.78351 0.75 0.72 0.89873 1.0 0.78049 0.4 0.15 0.3 0.97222 0.6 0.5 0.9375 0.74324 0.85526 0.875 0.66667 1.0 1.0 1.0 0.75 0.82143
sp 67
c 68
t 12807 10617 10098 10616 10657 10163 10924 10927 10780 10160 10132 10993 10111 10088 10770 10089 12810 12980 12898 12977 10794 10782 10129 10813 10784 10120 12665 12816
p 0.15 0.375 0.1875 0.375 0.33333 0.10256 0.66667 0.66667 0.2 0.26667 0.03846 0.33333 0.25 0.18182 0.15 0.44444 0.1875 0.13333 0.1 0.08333 0.18182 0.3 0.22222 0.4 0.125 0.2 1.0 1.0
sp 68
c 67
t 11035 11029 11049 11052 9867 11024 10198 10194 9879 11034 11017 9881 10098 10163 10143 10763 10197 11031 9861 10231 10236 9869
p 0.11538 0.10714 0.0125 0.03061 0.08571 0.11905 0.08219 0.14286 0.03774 0.07895 0.09524 0.03175 0.125 0.05128 0.05263 0.04762 0.09375 0.08219 0.21053 1.0 1.0 0.6
sp 69
c 70
t 13046 12907 12988 12983 13772 12295 13728 12902 10995 13687 12813 12985 13040 10780 12995 13016 12905 12978 13009 13011 13770 13010 12993 12882 10781 12926 12927 12883 13054 13021 13008 13015 13012 12914 10794 12957 13783 10795 12815 13685 13692 12894 13031 12886 12904 10793 12807 12708 12895 12903 13720 13018 13023 13020 13017 12992 13721 13013 13019
p 0.0625 0.22222 0.5 0.16667 0.57143 1.0 1.0 0.2 0.66667 0.625 0.30769 0.10526 0.05714 0.43333 1.0 1.0 0.42857 0.2 0.22973 0.36585 0.44444 0.19588 1.0 0.84615 0.54167 0.75 0.81818 0.6 0.30952 0.14444 0.24324 0.20455 0.18182 0.81818 0.45455 0.5 0.16667 0.45455 0.33333 0.8 0.55556 0.47059 0.8 0.42857 0.35 0.6 0.5 1.0 0.69231 0.55556 0.5 0.3913 0.14563 0.17857 0.45833 0.625 0.5 0.21849 0.48148
sp 70
c 69
t 11000 10749 10568 10663 10617 12723 12982 10890 10687 12944 10789 10579 12899 10796 12987 12976 12980 10775 10773 12979 13987 12892 12907 13772 10166 13767 12954 13770 12905 10143 10163 10141 10164 10175 10180 10161 12893 13687 10192 12881 12884 10760 10771 12814 10142 10784 12934 10174 10099 10162 13009 10774 10772 10695 10152 10153 10182
p 0.3 0.03704 0.11111 1.0 0.125 1.0 0.61538 1.0 1.0 1.0 0.08511 0.25 0.33333 0.0566 0.66667 0.6 0.6 0.12821 0.125 0.25 1.0 0.25 0.62963 0.28571 0.77778 0.23529 1.0 0.22222 0.33333 0.63158 0.69231 0.64103 0.5 0.625 0.14286 0.67568 0.25 0.25 0.02143 0.14286 0.30769 0.70588 0.6 0.20833 0.73684 0.16667 1.0 0.77778 0.48148 0.625 0.01351 0.16667 0.15385 0.66667 0.77778 0.86364 0.03571
ap 16
ap 17
ap 18
ap 19
ap 20
sp 95
c 96
t 55578 55577 55589 55554 55579 55590 54738 55592 55595 55616 55588 74530 55617 55623 74392 56093 55593 55621 54746 54739 54728 55647 54781 56011 54773 55668 54777 56484 55795 55666 54729 54604 54775 55072 56488 55075 56482 55242 56481 56489 55130 40176 38801 40179
p 0.175 0.25926 0.1625 0.11111 0.29167 0.20635 0.70588 0.08911 0.2 0.54545 0.15517 0.05263 0.2 0.14286 0.01493 1.0 0.16038 0.31818 1.0 0.64706 0.51515 0.57143 0.66667 0.33333 0.75 0.61538 0.75 0.45455 1.0 0.61538 0.5 0.3 0.77778 1.0 0.66667 1.0 0.3125 0.5 0.33333 0.66667 1.0 1.0 1.0 1.0
ap 21
ap 22
ap 23
ap 24
sp 71
c 72
t 74767 76426 74850 74754 76593 75535 75227 75952 75537 75581 75245 75222 75244 75223 75531 75398 75392 75884 76428 76594 75539 75922 74757 74863 74307 75523 76258 76602 75879 76598 75967 75263 75621 75217 74756 75538 76603 74852 75200 75529 75965 75966 75886 75192 76420 75525 75881 74765 76575 75536 76256 75863 75623 74753 75414 75627 74844 75413 75403 75526 76423 75582 75580 75418 74858 75626 74860 74283 74854 75224 76259 75439 75620 75583 75415 74759 75201 75707 76595 76601 74861 74285 75419 75607 74992 74937 75393 75702 75438 75437 75628 75610 74762 75399 75404 75622 75614 75203 75693 75613 75612 75615 75524 75605 75591 75533 74848 74766 74855 75020 74326 74304 74823 74314 74859 75671 74938 75634 75696 75616 75602 75604 75697 75636 75633 75619 75647 74935 75701 75703 74853 75706 75705 75692 76882 77002 74278 75698 75700 74933 74279 75624 53347 77004 76885 76996 76889 76880 76888 76891 75676 75677 76910 75674 76916 76922 76803 77005 76997 53253 53355 53353 76906 53344 53432 76890 76981 53261 54853 76804 77194
p 0.76404 0.57895 0.70588 0.76404 0.25 0.3125 0.5 0.6 0.43478 0.50769 0.33333 0.33333 0.38889 0.375 0.43056 0.26136 0.2619 0.625 0.44444 0.25806 0.45455 1.0 0.69444 0.7449 0.88889 0.08333 0.42857 0.34783 0.71429 0.33333 1.0 0.4 0.69444 0.27273 0.76404 0.4058 0.38095 0.7027 0.66667 0.46269 1.0 1.0 0.66667 0.65714 1.0 0.36538 0.5 0.70769 0.25 0.43077 0.44444 0.18182 0.74074 0.83636 0.29032 0.83582 0.30952 0.25 0.25926 0.27869 0.57143 0.52381 0.44828 0.44444 0.29333 0.80952 0.74324 0.92308 0.31481 0.57692 0.36842 1.0 0.55556 0.46154 0.29545 0.66667 0.78947 0.78125 0.25 0.3913 0.77143 0.90909 0.32584 0.63636 0.9 0.22581 0.31148 0.86957 0.8125 1.0 0.61111 0.55 1.0 0.15556 0.16667 0.80328 0.56522 0.68182 1.0 0.55172 0.67347 0.56667 0.33962 0.59524 0.25 0.31818 0.31579 0.66667 0.55263 0.36364 1.0 0.875 1.0 1.0 0.18824 1.0 0.16129 0.55769 0.85294 0.75806 0.47059 0.60417 0.90476 0.48387 0.54762 0.66667 0.46667 0.15625 0.93333 0.92 0.58678 0.90909 0.73171 1.0 1.0 1.0 0.92308 0.94286 0.94286 0.08511 0.90909 0.78431 1.0 1.0 1.0 1.0 1.0 1.0 1.0 1.0 1.0 1.0 1.0 1.0 1.0 1.0 1.0 1.0 1.0 1.0 1.0 1.0 1.0 1.0 1.0 1.0 0.5 1.0 1.0 1.0 1.0
sp 72
c 71
t 76257 75234 76601 76256 76259 75398 75246 75447 75225 75226 76593 76575 76267 75221 76643 75414 75404 76554 75419 75393 75192 75423 75392 75235 74776 75200 76641 76728 75408 75105 76594 75538 76574 75567 75397 75579 75403 75544 75452 76642 75545 75587 76602 75564 75556 75217 75233 76558 75537 75237 75442 74863 75364 75412 75618 75559 75399 75413 75553 75576 76605 76597 75551 74307 75524 75539 75525 74767 75536 75218 75630 75107 75588 75216 75598 75227 76604 75578 75520 75583 75238 74850 74754 75619 75616 75611 75609 75590 75410 75701 75596 75580 75523 76596 76430 75542 75547 75243 75540 74756 75622 74855 75526 75605 75607 74765 74852 75581 75040 75041 74861 75572 75575 75568 74854 75615 74934 75634 75604 75602 75623 75601 75626 75582 75531 74839 74935 75614 75019 75024 75774 74939 75633 75707 75627 75635 75636 75522 75631 75620 74938 74857 74859 74933 74940 75696 74928 75017 75731 75624 74961 74846 74278 74869 74870 74845 74844 75007 74836 74847 74941 75027 75754 75071 76986 74866 74953 74856 74824 74877 74952 74841 74842 74867 77775 74913 74914 74864 74912 74853 77762 74906 77133 77135 77089 53399
p 0.58824 1.0 0.6087 0.55556 0.63158 0.72727 0.56 0.3 0.48276 0.54167 0.71875 0.71429 0.42857 0.7 0.72727 0.67742 0.83333 0.75 0.65169 0.68852 0.34286 0.60714 0.72619 0.9 0.33333 0.27778 1.0 0.38889 0.70787 0.375 0.70968 0.5942 0.7037 1.0 0.72308 1.0 0.7284 0.90909 0.5 1.0 0.9 0.90909 0.65217 1.0 1.0 0.63636 1.0 0.66667 0.56522 0.8 0.5 0.2551 0.09091 0.7234 0.51064 1.0 0.84444 0.65385 1.0 0.76923 1.0 0.6875 0.76 0.11111 0.66038 0.54545 0.63462 0.23596 0.56923 0.7 0.7 0.34615 0.85714 0.52941 1.0 0.46154 0.78571 0.6 0.73438 0.53846 1.0 0.29412 0.23596 0.33333 0.24194 0.66667 0.61538 0.8 0.73913 0.06667 0.66667 0.55172 0.91667 0.75862 0.63636 0.61667 0.73333 1.0 0.64286 0.23596 0.19672 0.44737 0.72131 0.40476 0.36364 0.29231 0.2973 0.49231 1.0 1.0 0.22857 0.66667 0.5 1.0 0.68519 0.43333 0.82716 0.44231 0.39583 0.52941 0.25926 0.5 0.19048 0.47619 0.56944 0.55172 0.84375 0.43478 1.0 1.0 1.0 0.82716 0.45238 0.21875 0.16418 0.45238 0.51613 0.67273 0.58621 0.44444 0.83871 0.77647 0.81176 0.91489 0.77778 0.14706 0.8642 1.0 1.0 0.21569 1.0 0.8 0.07692 1.0 1.0 0.82353 0.69048 1.0 0.72222 0.8 0.86667 1.0 1.0 1.0 0.5 1.0 1.0 0.85938 1.0 1.0 1.0 0.41176 0.375 1.0 1.0 1.0 1.0 1.0 1.0 0.41322 1.0 1.0 1.0 1.0 1.0 1.0
sp 73
c 74
t 14352 54020 54157 14386 54031 14347 54146 54200 14340 14354 14366 14385 14390 54123 14367 15333 14351 54193
p 0.9 0.66667 1.0 0.92857 0.33333 1.0 1.0 0.2 1.0 0.9375 1.0 1.0 1.0 0.66667 0.92308 1.0 1.0 1.0
ap 25
sp 75
c 76
t 42656 42631 42468 42675 42479 42600 42611 42654 42609 42590 42664 42462 42608 42614 42700 42473 42672 42461 42618 42463 42712 42481 42794 42394 42412 42415 42393 42795 42404 42034 42013 42012 42015 42007 41513 42430 42386 42073 42429 42047 42395 42033 42084 44198 41985 42145 44891 42031 44873 44875 44971 45052 45046 44197 44889 44871 44864 44870 44908 42948 42931 44865 42029 44888 42946 44869 44204 26602 42920 26589 44195 44841 20611 20654 44389 44407
p 0.45455 1.0 0.66667 0.48571 0.66667 0.48571 0.67647 0.64 0.59259 0.56757 0.67647 0.75 0.65217 0.52381 0.5 0.66667 0.32143 0.75 0.375 0.71429 0.14286 0.85714 1.0 0.71429 0.46667 0.33333 0.71429 1.0 0.33333 0.55882 0.44 0.44118 0.62162 0.68182 1.0 1.0 1.0 1.0 1.0 0.75 1.0 0.52941 1.0 0.3 1.0 1.0 1.0 0.25 1.0 1.0 1.0 0.75 0.33333 0.36364 1.0 0.71429 1.0 1.0 1.0 1.0 0.15 1.0 0.5 1.0 1.0 0.8 0.13333 1.0 0.16667 1.0 0.5 1.0 1.0 1.0 1.0 1.0
sp 76
c 75
t 43809 43479 43510 43486 43498 43812 43821 43810 43507 43499 43827 42806 43662 43628 43505 43699 42812 43494 43493 42813 43671 43490 43489 43700 43703 43650 43675 43629 43688 43631 42852 43706 43698 43677 43701 43702 43697 42754 42757 42753 42767 42863 42842 42872 42860 42855 44321 42858 44202 42857 44316 44199 42862 42776 43535 43524 45050 44877 42797 44188 42873 42856 42931 42920 42910 43497 42840 44197 43525 44191 42861 44189 44308 42928 43532 44491 44370 43608 42846 27153
p 1.0 1.0 1.0 1.0 1.0 1.0 1.0 1.0 1.0 1.0 1.0 1.0 1.0 1.0 1.0 1.0 1.0 1.0 1.0 1.0 1.0 1.0 1.0 1.0 1.0 1.0 1.0 1.0 1.0 1.0 1.0 1.0 1.0 1.0 1.0 1.0 1.0 1.0 1.0 1.0 1.0 1.0 1.0 0.66667 1.0 1.0 0.66667 1.0 0.77778 0.94444 1.0 0.76471 1.0 1.0 1.0 1.0 0.33333 0.4 1.0 0.93333 1.0 0.88 0.85 0.83333 0.83333 1.0 1.0 0.63636 1.0 1.0 1.0 1.0 1.0 0.90909 1.0 1.0 0.5 1.0 0.875 1.0
ap 26
ap 27
sp 77
c 78
t 74038 74037 74730 74036 74032 74731 74729 74045 74727 74047 74413 74726 74192 74015 55739 74005 58286 74697 74044 74196 55654 74197 55728 74203 74428 74357 81434 74407 74358 74356 74024 74406 74412 55606 74179 74421 74738 74536 74420 74423 74422 74417 74385 74393 74405 74386 74576 74430 74718 55609 56301 74429 55575 74384 74414 74416 74352 74388 74176 74239 74229 56280 74582 74408 58268 74392 74194 74198 56278 74707 74354 74201 74716 58264 74353 81469 81416 74719 74200 74387 81470 58291 58285 74394 55734 56259 55594 55639 58284 74399 74418 56000 74431 55647 54731 55576 55668 54729 55634 55599 55589 55930 55600
p 0.81818 0.73333 1.0 0.70588 0.92308 1.0 1.0 0.24138 1.0 0.61538 0.81481 1.0 0.78723 0.83333 0.35 0.66667 0.94737 0.5 0.14 0.75 0.36842 0.85714 0.33333 0.72222 0.8125 0.34 0.16667 0.9 0.35294 0.56667 0.75 0.38462 0.88406 0.1875 0.7931 0.88889 0.5 0.09091 0.91892 0.86667 0.83333 0.90909 0.875 0.93103 0.6875 0.9375 0.5 0.78261 1.0 0.15385 0.08696 0.90909 0.05263 0.88095 0.81333 0.9 0.57576 0.97561 0.68 0.69231 0.21429 0.25 0.5 1.0 1.0 0.91045 0.75 0.77551 0.14286 0.5 0.89474 0.71698 0.63158 1.0 0.9 0.33333 0.77273 0.41667 0.77586 0.78261 0.80952 0.5 0.94444 0.93548 0.31818 0.42857 0.04 0.33333 1.0 0.95652 0.93333 0.33333 0.90741 0.28571 0.06452 0.04545 0.23077 0.05882 0.21429 0.075 0.05 0.5 0.05556
sp 78
c 77
t 74197 74176 74709 74415 74700 74710 74708 74199 74699 74177 74736 74196 55594 74412 74414 55592 55579 55743 55661 55597 55599 74537 74574 74061 74531 74587 74575 74235 74233 74230 55590 81426 56288 55623 55591 55589 58290 55602 55604 74530 74528 55601 55603 55605 74542 74400 56296 74606 56297 74224 55564 74423 55581 74563 55440 55582 55452 56286 56285 56298 74520 74519 55655 55660 58303 74401 74565 55575 74562 56307 74529 74534 58301 55436 74538 56284 55649 55576 56306 55737 55580 55483 74532 74535 74533 55310 55650 55571 55698 55553 55730 55732 55734 55731 55739 55729 56305 56308 55481 55566 55615 55588 55595 55728 58257 55733 56309 55441 55557 55443 56304 55552 54730 55635 55738 56315 55800 55585 55801 56141 55593 55679 56012 56005 54731
p 0.07143 0.08 0.81818 0.07595 1.0 1.0 0.75 0.08108 0.66667 0.0814 0.33333 0.125 0.55 0.05797 0.08 0.77228 0.58333 1.0 0.875 0.42 0.475 0.64286 0.9 1.0 0.93333 0.6 0.93333 0.86667 0.84615 0.76923 0.4127 0.11111 0.07143 0.21429 0.46739 0.425 0.66667 0.90909 0.72727 0.94737 0.90476 0.89362 0.85714 0.61538 1.0 0.04762 0.66327 1.0 0.52113 0.63158 1.0 0.06667 0.72727 1.0 1.0 0.80645 1.0 0.67 0.59155 0.4375 1.0 1.0 0.71429 0.83333 1.0 0.05714 1.0 0.73684 0.93333 0.73118 0.95 0.91667 1.0 0.5 0.81818 0.4375 0.71429 0.59091 0.88571 0.76471 0.68254 1.0 0.94444 1.0 0.94444 1.0 0.71429 1.0 1.0 0.63636 0.8125 0.8 0.68182 0.71429 0.65 0.76923 0.62687 0.69231 1.0 1.0 1.0 0.44828 0.50588 0.66667 1.0 0.73913 0.83333 1.0 0.83333 1.0 0.5 0.57895 0.07407 0.75 0.71429 0.42424 1.0 0.35294 1.0 1.0 0.60377 0.21429 0.66667 0.5 0.06452
sp 79
c 80
t 56295 56293 56292 74227 74536 74225 56298 56284 56287 56282 56288 55438 56281 56296 56277 56279 56300 56308 54990 54996 74376 54660 54661 54985 54994 54282 54281 54997 54999 55018 55020 55015 55245 54653 54607 56432 56285 55002 55013 55010 54560 55274 54569 54571
p 0.5122 0.5 0.47059 0.4 0.36364 0.28571 0.34375 0.35938 0.19048 0.45455 0.28571 0.25 0.35294 0.13265 0.47368 0.56098 0.48889 0.23077 0.16667 0.67568 0.02857 0.75 0.66667 0.14286 0.57143 1.0 0.66667 0.66667 0.77273 0.86842 0.86842 0.86842 0.25 0.1 0.22222 0.33333 0.25352 0.79487 0.95238 1.0 0.22222 1.0 0.33333 0.3
sp 80
c 79
t 55595 55623 55593 55590 55589 55616 55621 55599 55592 54739 54731 54781 54605 54647 54775 54653 54561 54713 54284 54571 55286 54709 54279 54288 54607 54632 54635 54287 54620 54633 54712 54630 54728 55291 56481 55247 54729 54650 54543 54730 54715 54727 54570 55245 54564 54629 54628 54569 54639 54627 54626 54572 55161 55162 54541 55236
p 0.25882 0.64286 0.20755 0.31746 0.275 0.36364 0.5 0.1 0.11881 0.23529 0.29032 0.28571 0.44444 0.5 0.22222 0.25 0.63636 1.0 1.0 0.6 0.57143 1.0 1.0 0.5 0.55556 1.0 1.0 1.0 1.0 1.0 1.0 1.0 0.27273 0.625 0.26667 0.3125 0.29412 0.57143 1.0 0.2963 1.0 0.42857 0.66667 0.4375 0.55556 1.0 1.0 0.5 1.0 1.0 1.0 1.0 0.42857 0.375 1.0 0.36364
sp 96
c 95
t 74197 56289 74237 74239 74206 56288 56298 55611 74236 74387 55600 56302 56295 74393 56294 56301 56284 74376 74230 74421 56280 56297 56281 74203 54985 54988 56317 54906 54982 74430 55577 54977 55002 54904 54990 54987 54989 55599 54993 54994 54997 74388 55618 55588 54999 54996 55015 54601 54657 54607 54729 54732 55280 56481 54771
p 0.07143 0.45455 0.3 0.23077 0.16667 0.42857 0.21875 0.46154 0.5 0.19565 0.13889 0.55 0.36585 0.01724 0.37838 0.47826 0.20312 0.28571 0.07692 0.05556 0.55 0.21127 0.41176 0.05556 0.85714 1.0 0.2 0.83333 0.83333 0.19565 0.03704 1.0 0.20513 0.83333 0.83333 0.85714 1.0 0.2 0.48 0.42857 0.33333 0.02439 0.24242 0.13793 0.22727 0.32432 0.13158 0.2 0.33333 0.11111 0.02941 0.28571 0.11111 0.13333 1.0
ap 28
sp 81
c 82
t 57545 57536 57539 81858 57344 57466 57469 79017 57457 57470 81693 57563 57351 79015 57538 79067 79019 57426 57558 57460 57552 79008 78444 78421 78966 57501 81684 79014 57559 81854 57598 57555 78964 57564 58923 57554 78933 57788 81848 57350 81837 57591 81853 57345 58912 57537 57548 81847 79012 57442 79042 81671 81811 81852 81850 57385 57550 81673 57541 57359 81676 57506 57519 78233 57508 58960 57512 57456 57386 57381 57467 57382 57439 59005 59122 59007 57429 59083 57450 57505 58961 59135 57515 59094 57592 59090 59091 57380 57346 59081 59101 59088 78359 79078 59006 59092 78423 57391 57395 78427 59121 59103 59120 78425 78389 57455 57384 57387 57349 57373 57447 57383 57372 58072 59102 57357 57363 57355 60345 58796
p 1.0 1.0 0.95652 0.66667 0.78571 1.0 1.0 0.57143 1.0 1.0 1.0 1.0 0.5 0.38462 1.0 1.0 0.75 1.0 1.0 1.0 1.0 0.83333 1.0 1.0 0.85714 1.0 1.0 0.77778 0.85714 0.94444 1.0 1.0 1.0 0.66667 1.0 1.0 1.0 0.33333 1.0 0.75 0.66667 1.0 0.95 0.78571 1.0 1.0 1.0 1.0 0.83333 0.14706 1.0 1.0 0.86667 1.0 1.0 1.0 1.0 1.0 1.0 0.175 1.0 1.0 1.0 1.0 1.0 1.0 1.0 1.0 1.0 1.0 1.0 1.0 1.0 0.85714 1.0 1.0 1.0 0.94444 0.66667 1.0 1.0 1.0 1.0 1.0 1.0 1.0 0.94118 1.0 0.39394 0.93333 0.6 0.95455 1.0 0.5 0.88889 0.94737 1.0 1.0 0.36364 1.0 1.0 0.9375 1.0 1.0 1.0 0.26087 0.68182 1.0 0.73684 0.77778 0.27273 1.0 0.875 1.0 0.57143 0.14706 1.0 0.73333 0.33333 0.2
sp 82
c 81
t 57358 57441 57785 81282 57581 57442 57699 57444 81733 81267 57784 81783 57565 81306 81743 80954 81284 60176 60166 81811 81787 81286 57349 58905 81320 58880 58886 58907 80955 57443 57615 58926 57783 57351 58947 81742 57709 57625 81836 57611 79078 57357 57451 81417 81801 81426 81425 81424 60205 81431 59930 81447 60160 60177 59875 81436 59224 59158 81443 60181 59949 60203 59226 81442 59225 59948 81441 59913 59188 59201 60188 59904 59940 59877 60040 60186 58741 59223 59227 60201 60204 60183 23291 59915 59992 59882 59048 59929 59222 59322 59903 59231 58998 59931 59046 59982 59218 59249 59220 59260 59920 59081 59337 59255 60036 58788 59683 59350 60345
p 0.89655 0.90625 0.92857 1.0 1.0 0.85294 1.0 0.80769 1.0 1.0 0.92308 1.0 0.33333 1.0 1.0 0.5 1.0 0.9 1.0 0.13333 1.0 1.0 0.26316 1.0 1.0 1.0 1.0 1.0 0.22222 0.88889 1.0 1.0 0.75 0.5 1.0 1.0 1.0 1.0 0.5 1.0 0.5 0.85294 0.33333 0.29412 0.6 0.66667 0.4375 0.5 0.375 0.83333 0.34426 0.83333 0.8 0.85714 1.0 0.83333 0.875 1.0 1.0 0.52632 0.39286 0.4 0.82353 1.0 0.82353 0.33846 1.0 0.375 1.0 1.0 0.41176 0.5 0.31429 0.33333 0.5 0.41176 0.5 0.83333 0.82353 0.4 0.35294 0.35294 0.2 0.47059 0.25 0.3 1.0 0.41509 0.8 0.33333 0.25 0.6 0.66667 0.44118 1.0 0.07692 0.31818 0.22222 0.64706 0.10714 0.38095 0.06667 0.08696 0.11765 0.5 0.16667 0.1 0.03846 0.33333
ap 29
sp 89
c 90
t 69605 69582 66702 66873 66693 69608 69611 67215 66837 66992 66993 65561 69606 68767 68929 67558 68765 67564 66958 65927 66903 68923 69579 68918 69592 66660 66735 66724 66872 67525 69580 66681 66675 66722 65543 73427 69575 69583 65546 73439 69581 66683 66678 66540 73458 66723 73426 65545 47468 66078 66794 66054 66680 66759 66099 66792 66773 47454 66257
p 0.83333 1.0 1.0 1.0 1.0 0.66667 0.81818 1.0 1.0 1.0 1.0 1.0 1.0 1.0 1.0 1.0 1.0 1.0 1.0 0.5 1.0 1.0 0.42857 1.0 1.0 1.0 1.0 1.0 1.0 1.0 1.0 1.0 0.66667 1.0 0.4 0.10526 1.0 1.0 0.36364 0.07143 1.0 1.0 1.0 0.05882 0.05882 1.0 0.09524 0.66667 0.5 1.0 1.0 1.0 1.0 1.0 1.0 1.0 1.0 0.125 1.0
sp 90
c 89
t 65928 65972 65975 65982 65939 65983 68488 65937 65968 69629 71564 69608 65938 65929 65903 65940 69587 65598 65901 66664 65978 69576 68071 65947 69615 65970 73471 65931 47539 71565 65971 65969 65980 66535 66534 50014 50096 50111 50101 65899 50098 50108 50099
p 1.0 1.0 0.72727 0.9 1.0 1.0 1.0 1.0 1.0 1.0 1.0 0.33333 1.0 0.88889 1.0 1.0 0.75 1.0 1.0 0.33333 0.66667 0.66667 1.0 1.0 0.5 1.0 0.02273 0.88235 0.14286 1.0 1.0 1.0 0.69231 0.22222 0.5 0.11765 0.26087 0.66667 0.41176 1.0 0.36842 0.6 0.3
ap 30
sp 91
c 92
t 53168 52996 53093 53080 52716 52673 53174 28908 53089 30256 53182 29353 30271 28902 29190 29367 29335 10747 52829 53007
p 1.0 0.66667 1.0 1.0 1.0 0.5 1.0 1.0 1.0 1.0 1.0 1.0 1.0 1.0 0.2 0.5 0.5 0.01042 0.14286 0.75
sp 92
c 91
t 52831 52842 52820 52918 52808 52917 52843 29600 28858 29645 29603 28769 10719 52904 29562 52825 10566 29317
p 0.66667 0.27273 0.57143 0.20513 1.0 0.13953 0.31579 0.66667 1.0 0.5 0.66667 1.0 0.02326 0.1 0.66667 0.08333 0.03571 0.5
sp 93
c 94
t 36296 13892 53047 36349 52598 36098 36309 36314 52605 29679 36308 53052 36306 53053 36160 53002 52916 36662 36513 36514 28847 52892 36515 52991 52754 52917 52845 36311 52753 10532 10521 36518 52772 52744 52802 36471 12379 12352 36512 52926 53011 52924 52893 52887 52821 50837 36476 36438 11215 52925 36522 52738 52746 36327 36486 36505 36484 36523 36511 52765 52767 52843 52822 52927 52895 52882 52875 52999 52874 52827 53046 52919 13894 12376 52752 29590 52825 29614 52758 36393 52918 52769 52815 52770 52883 52894 52872 52904 52914 53048 52805 53018 52881 52921 29317 52781 52774 52755 52757 29574 29602 52837 52804 29615 52813 52801 52839 29607 36332 36316 10513 29613 10518 10522 52836 29608 52776 29589 29597 52756 52777 10560 52803 29620 10567 29616 52846 52912 29591 29599 10379 52771 52759 52782 29593 29545 10520 29619 52761 29594 52760 52763 10562 10564 10543 29564 10565 11210 52764 52778 10569 52797 29621 52780 52783 52762 29622 36384 10387 36382 52787 52768 10571 36386 52779 12943 36482
p 1.0 0.28571 1.0 1.0 1.0 1.0 1.0 1.0 1.0 1.0 1.0 1.0 1.0 1.0 1.0 1.0 0.81395 0.25 1.0 1.0 1.0 0.91667 1.0 1.0 1.0 0.81395 0.90909 1.0 1.0 0.66667 1.0 1.0 1.0 1.0 0.96875 1.0 0.05882 0.07692 1.0 1.0 1.0 0.90625 0.92857 1.0 0.4 0.5 1.0 0.16667 0.5 0.91667 1.0 1.0 1.0 1.0 1.0 1.0 1.0 1.0 1.0 1.0 1.0 0.47368 0.57143 0.92308 1.0 1.0 1.0 0.66667 1.0 0.88889 1.0 0.84211 0.22222 0.07547 1.0 1.0 0.91667 1.0 1.0 1.0 0.69231 1.0 1.0 1.0 1.0 0.92308 1.0 0.9 0.78378 1.0 1.0 1.0 1.0 0.70833 0.5 0.95455 1.0 1.0 1.0 1.0 0.66667 0.61538 1.0 1.0 1.0 0.89474 0.61538 1.0 1.0 1.0 1.0 1.0 1.0 1.0 0.8 1.0 1.0 1.0 1.0 1.0 1.0 0.53846 0.875 1.0 0.11538 1.0 0.83333 0.64706 1.0 1.0 1.0 1.0 1.0 0.94118 1.0 1.0 1.0 1.0 0.94737 1.0 0.92857 1.0 0.58333 0.44444 0.57143 0.5 0.29032 1.0 1.0 1.0 0.15152 1.0 1.0 0.95652 0.9697 0.95652 1.0 1.0 1.0 1.0 1.0 1.0 0.28 1.0 1.0 1.0 1.0
sp 94
c 93
t 54113 54164 12403 54070 12372 53899 12374 12373 12428 54203 12427 54031 12401 12436 12380 36668 12383 12368 12421 12379 12444 12365 13901 12392 14073 13902 14074 12353 13898 12402 36661 12430 12445 12455 12416 12355 12352 13940 13895 12291 12322 12398 12377 13900 13283 13281 12393 12334 12388 12433 12325 12363 12429 12382 12446 36663 36666 12447 12381 13893 12456 12397 12356 12378 12335 12600 12376 12359 12389 13897 12390 12391 12358 13896 12396 12312 12384 12475 13690
p 0.71429 1.0 1.0 1.0 1.0 1.0 0.95522 0.98319 1.0 0.66667 1.0 0.66667 1.0 1.0 1.0 1.0 1.0 0.95161 1.0 0.94118 1.0 1.0 0.92308 1.0 1.0 1.0 1.0 0.91111 0.92308 1.0 0.8 1.0 1.0 1.0 1.0 0.91837 0.92308 1.0 0.85714 0.9375 1.0 0.95652 0.94444 0.94118 1.0 1.0 1.0 0.96552 1.0 1.0 1.0 0.90625 1.0 1.0 1.0 0.8 0.90909 1.0 1.0 0.83333 1.0 0.96154 0.97297 0.95312 1.0 1.0 0.92453 1.0 1.0 0.88889 1.0 1.0 0.93617 1.0 0.96429 0.92857 1.0 1.0 0.0625
ap 31
sp 74
c 73
t 35539 51591 34590 51611 35569 34257 34120 35557 35581 51967 35363 51934 34164 35571 34219 34175 34161 34295 34197 34206 34218 34163 34894 34196 34293 33811 51257 34604 51052 34134 51327 51612
p 1.0 1.0 1.0 1.0 1.0 1.0 1.0 1.0 1.0 1.0 1.0 1.0 1.0 1.0 1.0 1.0 1.0 1.0 1.0 1.0 1.0 1.0 1.0 1.0 1.0 1.0 1.0 1.0 1.0 1.0 1.0 1.0
sp 83
c 84
t 49945 49944 50165 49923 66536 73456 49985 49934 66499 50121 47212 50024 49986 73457 73462 50135 50150 47211 50096 47520 50097 50099 50100 50107 50025 50102 47504 50016 49446 49692 49708 50038 50590 49912 50588 50004
p 1.0 1.0 1.0 1.0 0.5 0.11905 0.28571 1.0 0.14815 0.33333 1.0 0.375 0.4 0.11628 0.11429 0.5 0.5 1.0 0.56522 0.16667 0.52381 0.45 0.4375 0.54545 0.375 0.5625 1.0 0.6 1.0 0.5 0.5 0.14286 1.0 1.0 1.0 0.06667
sp 84
c 83
t 66538 66540 50013 73457 50012 50102 73460 66542 50099 47531 73459 66499 50014 73188 73634 47529 47556 50100 47472 47475 47464 47525 47526 47452 50007 50024 50364 50038 73223 50282
p 0.25 0.17647 0.43478 0.09302 0.45455 0.125 0.03704 0.18182 0.25 0.90909 0.10526 0.14815 0.58824 0.33333 0.33333 1.0 1.0 0.125 0.9 0.84615 0.75 0.875 0.88889 0.66667 0.35294 0.41667 1.0 0.14286 0.5 1.0
sp 85
c 86
t 73344 49232 49222 50709 49227 49238 53078 49260 49263 49216 49243 50865 49335 49690 49241 49244 49703 49239
p 0.11111 0.92857 0.86667 0.44444 0.86667 0.9375 1.0 1.0 1.0 0.93333 0.9375 1.0 0.5 0.5 1.0 1.0 0.5 1.0
sp 86
c 85
t 50150 50009 49925 49642 50033 49630 49993 49985 49641 50004 49979 49984 30863 50007 50005 73621 49976 30851 49420 49415 49829 50131 49806
p 0.5 0.83333 1.0 1.0 0.07692 1.0 0.25 0.57143 1.0 0.53333 1.0 0.57143 1.0 0.58824 0.58824 0.05882 1.0 1.0 0.5 0.5 1.0 0.2 0.66667
sp 87
c 88
t 70750 70815 73456 73425 70722 70822 70781 49988 73332 73334 70834 70760 70833 70780 66511 70857 73333 70847 66499 73460 70854 70863 73469 66542 70749 73416 73328 73387 73458 70873 73459 70850 73391 70754 50039 73426 70890 66540 66541 70892 73390 73462 73428 73438 67131 73289 73471 73457 73627 66520 73643 73360 70872 66535 73461 73288 70682 70779 73645 70845 73371 49380 49389 70813 50174 49381 50742 70769 73616 73621 73223 70836 70723 73335 70804 50132 73348 49390 70767 70801 73376 50038 73339 49634 70765 70807 50691 73600 70658 70661 70659 71010 70802 70764 70805 70772 70766 73644 70746 73603 70744 73230 70683 50080 70835 70761 70681 73196
p 1.0 0.95455 0.7381 0.86364 0.71429 1.0 0.8 0.2 1.0 0.88571 0.95 1.0 0.95238 1.0 0.625 0.57143 0.96154 0.9375 0.66667 0.7963 0.375 0.5 0.87097 0.72727 0.91667 0.75 0.85294 0.82143 0.76471 0.33333 0.71053 0.36364 0.28571 0.6 0.5 0.85714 0.66667 0.70588 0.75 0.57143 0.28571 0.77143 0.84848 0.72727 1.0 1.0 0.86364 0.72093 0.5 0.72727 0.5 0.44444 0.28571 0.44444 0.79545 0.91667 1.0 1.0 0.3 1.0 0.4 0.16 0.38462 0.94118 0.2 0.19048 0.2 1.0 0.6 0.64706 0.5 0.94444 0.8 0.95833 0.94737 0.5 0.33333 0.33333 0.88889 1.0 0.82143 0.57143 0.87879 0.5 0.9 1.0 0.5 0.34783 0.875 0.66667 0.8 1.0 0.94118 1.0 1.0 0.75 0.8125 0.33333 1.0 0.36364 0.84615 1.0 1.0 0.6 0.95455 1.0 1.0 0.5
sp 88
c 87
t 70083 70463 73382 70658 51375 51374 70411 49222 70311 51638 70461 51337 70410 73456 73339 51468 50174 70459 70107 73380 51361 49382 70853 70859 50718 70854 70417 70874 50003 70849 70412 73385 49387 73365 73366 70418 70851 70753 49276 73395 73163 73646 73155 49372 50044 73389 73371 70834 73639 70723 70740 73390 73627 73152 73622 73624 70883 50715 70200 51363 49377 73601 70738 73603 73347 50717 73612 73600 70893 49389 70462 70318 51336 70413 51340 51469 70414 51471 51386 49379 73607 50738 49376 73605 73611 73610 49381 70894 49391 70309 70408 70316 70113 49378 50736 51466 51554 70317 70297 51343 51354 51345 51373 49223 50789 70009 70460 70315 51341 51335 51351 51518 51383 70126 70092 70007 70260 70226 51372 51388 51380 70286 50709 52195 51356 50750 51512 51465 50707 51353 50704 49364 49375 52115 51364 52678 51405 51391 50832 51371
p 1.0 1.0 0.2069 0.125 1.0 1.0 1.0 0.13333 1.0 1.0 1.0 1.0 1.0 0.02381 0.12121 1.0 0.4 1.0 1.0 0.5 1.0 0.76471 0.55556 0.6 1.0 0.625 1.0 0.42857 0.4 0.54545 1.0 0.5 0.75 0.5 0.44444 1.0 0.61538 0.5 1.0 1.0 1.0 0.61538 0.75 1.0 0.33333 0.71429 0.5 0.05 0.25 0.2 0.5 0.71429 0.46154 1.0 0.35 0.56522 1.0 0.44444 1.0 1.0 0.86667 0.68182 0.33333 0.63636 0.55556 0.63636 0.94118 0.65217 0.6 0.61538 1.0 1.0 1.0 1.0 1.0 1.0 1.0 1.0 1.0 1.0 0.92857 0.75 0.77778 0.92857 0.66667 0.8 0.80952 0.71429 0.73684 1.0 1.0 1.0 1.0 0.90476 0.8 1.0 1.0 1.0 1.0 1.0 1.0 1.0 1.0 0.33333 1.0 1.0 1.0 1.0 1.0 1.0 1.0 1.0 1.0 1.0 1.0 1.0 1.0 1.0 1.0 1.0 1.0 1.0 0.55556 1.0 1.0 1.0 1.0 1.0 1.0 1.0 0.55556 1.0 1.0 1.0 1.0 0.5 1.0 1.0 0.5 1.0
ap 32
ap 33
ap 34
ap 35
sp 37
c 38
t 59556 22934 59536 78604 22912 78667 23255 23263 78762 23272 23275 60139 23277 65147 65190 59658 23274 22891 59473 23278 78757 22915 22965 22962 23271 65195 65189 65186 22914 65058 22960 78760 41840 78764 78750 23295 65185 65191 65014 65039 22694 78710 22700 22920 78704 41825 22931 65184 22933 65203 65199 59655 65194 41846 60183 59566 60188 65122 23270 65200 23257 22936 22937 23256 78600 59660 23258 23265 23273 22975 23269 78748 22929 59649 78715 59572 22798 22712 22939 65036 22705 23260 60191 65129 23253 59651 23259 41851 59650 22935 23264 59652 22930 59807 22913 22940 22970 78761 65187 22966 22713 65181 65182 22696 65196 22704 65527 65197 59713 60136 59749 59362 23254 59361 59521 22951 22956 22953 22943 22928 22888 22932 22941 22942 22889 22968 65535 65358 42405 59104 41894 59951 59890 59353 41944 59718 59352 41841 59712 59734 23252 59739 59374 23248 59344 23118 23250 23232 59931 23284 23282 59940 22963 23261 65530 22714 22892 65121 22885 65312 22893 65356 41445 59354 59969 59948 59950 41805 59720 42460 59729 59728 59723 23292 59982 59355 23287 23251 59939 59942 59732 23245 22874 22945 22958 22709 65315 22796 23516 23489 42024 41450 41444 65183 41607 41845 60549 41453 41454 59902 59992 65164 59859 23134 59949 23075 23114 59731 23116 59914 23112 23242 59775 23161 23236 65139 23519 23517 23508 65532 23510 41643 41615 42025 23524 41642 65204 23535 65215 22867 59937 41602 58744 41601 22989 41600 65481 23200 23202 23506 23530 65118 22864 59653 41842 41614 41613 22948 41443 41442 42013 43883 59336 23234 41446 41637 58787 65157 59100 41596 59262 59913 59001 59324 65289 23538 22938 41355 65533 41661 65478 58747 64997 59347 59261 65001 59263 59112 59325 59947 59316 59375 59087 23074 59654 23276 23501 22901 22856 23502 22797 62629 41663 42681 64999 42412 59252 59253 59217 59221 59114 59249 41015 59223 57365 59260 59946 59966 60550 59924 23076 23126 23372 23417 23379 23418 23416 23459 23548 41486 42404 42603 65004 59930 41650 41629 58786 59337 59226 60546 59922 23419 23457 23155 41652 22977 41618 23212 59255 42683 64983 59281 59287 60205 59306 59965 23376 23414 59915 59877 59929 23005 59904 59967 59248 59867 60180 58791 59878 59271 59274 59956 23367 59959 23380 59957 23410 59301 59286 59269 23026 57395 60199 59932 60553 59257 60734 60578 60579 59886 59137 59868 59285 60554 23411 60545 60186 60555 60733 59964 59298 60202 59280 59297 60538
p 0.66667 0.57143 0.5 0.66667 0.66667 1.0 0.9863 0.97143 0.91667 1.0 1.0 1.0 1.0 0.37209 0.5625 1.0 1.0 0.33333 1.0 1.0 1.0 0.83333 0.90909 0.85294 1.0 0.74194 0.58824 0.28846 1.0 1.0 0.46429 0.72727 1.0 1.0 0.77778 0.89362 0.28 0.78571 0.11765 1.0 1.0 0.66667 1.0 1.0 0.85714 1.0 0.85714 0.37255 0.70732 0.3913 0.54545 1.0 0.77778 1.0 0.58824 0.6 0.58824 0.66667 1.0 0.26316 1.0 0.81818 0.68966 1.0 0.6 1.0 1.0 1.0 1.0 0.86957 1.0 0.90909 0.6875 1.0 0.8 1.0 0.14286 0.16102 0.67857 1.0 0.75 0.98462 0.63636 0.25 0.98649 1.0 1.0 1.0 1.0 0.7 1.0 1.0 0.81481 1.0 0.81818 0.86667 1.0 0.81818 0.22727 0.5 0.15833 1.0 0.55 1.0 1.0 0.75 0.425 1.0 1.0 1.0 1.0 0.44444 1.0 1.0 1.0 0.8 0.73333 0.91667 0.82353 0.6087 0.42105 0.83333 0.81818 0.86207 0.29167 0.4 0.36364 0.25 0.33333 1.0 1.0 0.34375 0.33333 0.66667 0.5 1.0 0.66667 1.0 1.0 1.0 0.97222 1.0 0.36585 1.0 0.76471 0.63636 0.94828 1.0 0.32353 0.91111 0.83333 0.31429 0.7027 1.0 0.38298 0.15574 0.83333 0.66667 0.28571 0.125 0.71429 0.38298 0.85714 0.46154 0.5 0.35385 0.33962 1.0 1.0 0.125 1.0 1.0 1.0 0.86667 0.46154 0.65 0.4 0.93333 0.42857 0.4 1.0 1.0 0.8 1.0 0.92308 0.32258 0.13953 0.125 0.7 0.375 0.11765 1.0 0.90909 1.0 1.0 1.0 0.31373 0.875 0.83333 0.85714 0.75 0.5 0.85714 1.0 0.32143 0.53846 0.57143 1.0 0.66667 0.46154 0.625 1.0 1.0 1.0 1.0 0.5 0.88889 0.72727 0.9 0.425 0.75 0.5 0.91667 0.125 0.75 0.35714 1.0 0.75 1.0 1.0 0.35294 0.91667 1.0 0.85714 1.0 0.8 0.42857 1.0 1.0 1.0 0.57143 0.35294 1.0 1.0 1.0 1.0 1.0 1.0 1.0 0.92308 0.08 1.0 0.72727 1.0 1.0 0.66667 1.0 0.66667 0.61538 1.0 0.69565 0.375 0.5 0.5 1.0 0.85714 0.6 1.0 0.35294 0.45455 0.6 0.75 0.4375 0.82353 0.66667 0.28571 0.59259 0.69231 0.58333 0.5 0.66667 0.35714 0.75 0.83333 1.0 1.0 0.83333 1.0 1.0 0.88889 0.12587 1.0 0.33333 0.5 0.44444 0.26667 0.5 0.6 0.52632 0.19048 0.8 0.77778 1.0 0.16667 0.33333 0.67857 0.38636 0.38095 0.31373 0.69231 1.0 1.0 1.0 1.0 1.0 1.0 1.0 1.0 0.75 1.0 0.33333 0.07143 0.4375 0.36066 0.26471 0.13636 0.75 0.69565 0.17647 0.37037 0.6 1.0 1.0 1.0 0.32143 1.0 0.31034 1.0 0.58824 0.27273 0.33333 0.42857 0.71429 0.375 1.0 0.44 1.0 1.0 0.35294 0.55556 0.32075 1.0 0.3125 0.66667 0.875 0.25 0.4375 0.25 0.58824 0.54545 0.42105 0.84615 1.0 0.64286 1.0 0.75 1.0 1.0 0.7 0.4 0.6 0.63636 0.5 0.40476 0.35294 0.5 0.31429 0.33333 0.33333 0.4 0.5 0.25 0.77778 0.35294 1.0 0.35849 0.52941 0.35897 0.30556 0.47619 1.0 0.53333 0.38462 1.0 0.33333
sp 38
c 37
t 22889 78599 22934 22886 22714 65270 22796 78750 78686 78713 65266 65244 65275 78705 65187 65535 65524 41546 78788 22797 22789 41651 65358 65019 65017 64803 65528 22932 42381 64974 65533 78797 65035 65186 22798 41590 65013 65033 65185 65356 64964 65313 64990 65312 65527 78799 65315 65016 22939 65265 22799 78600 78601 22935 22791 22711 22961 22891 65259 64975 65264 22712 22758 65195 65190 65267 22615 65530 65532 65078 65350 65128 65139 65131 64993 78784 64931 78796 22887 65184 65357 22706 23285 23291 65000 64888 65126 41652 59929 60545 41959 59374 59938 59983 41964 22788 23284 59982 22930 65118 22954 22878 22881 22713 65129 65490 42715 42732 41726 60207 60195 59353 60549 59889 59940 41663 23288 22937 23263 65002 22784 42034 42696 22786 42697 41551 65354 41715 23511 64997 42701 42463 41455 59930 42614 42672 65009 59373 23118 41480 41648 41562 65331 41630 42033 41536 42035 42021 42688 23530 42618 23490 42603 42700 42404 42600 41650 41620 41622 59948 42601 41535 22808 65479 41275 41537 23541 42018 41629 41675 42023 42609 41641 41623 42590 41621 23533 42405 41631 59692 65489 59262 65481 59885 59261 60554 59726 23294 59932 22850 58642 42013 65167 22831 22851 22830 22829 42026 41586 64988 41585 65001 41643 42733 41277 65004 65166 41709 41272 22963 64995 41662 41270 41558 41618 59681 41102 59687 42471 59877 59923 59236 60734 59325 59921 59537 41576 41540 41658 41706 41379 41661 42598 41704 59683 59142 64983 59865 59832 59272 59352 59942 59937 42024 41578 64980 59334 58792 65018 59684 42683 60037 59866 59965 23292 60546 59273 59284 59966 59947 59946 23032 23039 42712 60550 42681 59339 59255 60041 60553 59274 42025 23029 59329 59331 59372 59258 60732 58796 60347 60185 42022 42037 60547 60733 59949 58779 59863 59959 58777 45049 59286 59936 59375 60551 60590 59342 60710 59265 60548 44414 59945 60578 60534 60540 59310 60541 60586 60555 58555 59264 60614 60522 60523 60509 60725 60693 60735 59341
p 0.70833 0.5 0.42857 0.75 0.84426 1.0 0.875 0.22222 0.6 0.66667 1.0 1.0 1.0 0.28571 0.77273 0.63636 0.6129 1.0 1.0 0.87413 0.95098 0.9 0.75 0.88462 0.88462 0.79167 0.71429 0.16667 1.0 0.84615 0.64706 1.0 1.0 0.71154 0.85714 0.8 0.88889 1.0 0.72 0.61702 0.71429 0.85 0.92857 0.875 0.575 1.0 0.86047 0.85714 0.32143 1.0 0.92035 0.4 0.5 0.3 0.94958 0.84615 0.25 0.66667 1.0 0.79487 1.0 0.83898 1.0 0.25806 0.4375 1.0 1.0 0.61702 0.575 1.0 1.0 0.66667 0.5 0.77778 0.69231 1.0 0.9375 1.0 0.66667 0.62745 0.73684 0.25 0.25 0.6 0.91667 0.9375 0.58333 0.67857 0.26415 0.64151 1.0 0.63415 0.47059 0.42857 0.66667 0.95098 0.08889 0.46154 0.18519 0.64706 0.11765 0.5 0.88333 0.84167 0.75 0.8 0.8 0.75 1.0 0.2 0.875 0.30556 0.68627 0.25 0.37143 0.66667 0.33333 0.31034 0.02857 0.65217 1.0 0.38235 1.0 0.92593 1.0 1.0 0.51613 0.88889 0.27273 0.5625 0.5 0.14286 0.08333 0.29508 0.47619 0.60714 0.8 0.63415 0.27273 1.0 0.85714 1.0 0.88889 0.84211 0.41176 1.0 0.5 0.8 0.8 0.42857 0.625 0.66667 0.60714 0.5 0.33333 0.48571 0.73529 0.7 0.8 0.30769 0.6129 1.0 1.0 0.4 1.0 1.0 0.33333 0.85714 0.86364 1.0 0.53333 0.40741 0.61538 0.83333 0.43243 0.86667 0.33333 0.33333 0.73529 1.0 0.70588 0.13043 0.57143 0.2 0.16667 0.64706 0.9 0.15789 0.35714 1.0 1.0 0.48 0.71429 1.0 1.0 1.0 1.0 0.53125 1.0 0.75 0.83333 0.71429 0.5 0.75 1.0 0.5625 0.875 1.0 1.0 0.2973 1.0 0.52632 1.0 1.0 0.68966 0.83333 1.0 1.0 0.2 0.11111 0.375 1.0 0.68571 0.08333 0.22727 0.5 1.0 1.0 0.6 1.0 1.0 0.54545 0.78571 0.80952 0.9 0.5 0.66667 0.57143 1.0 0.63158 0.33333 0.5 0.47059 0.58824 1.0 0.8 0.21429 1.0 0.875 1.0 0.63636 0.66667 0.44444 0.56 0.13333 0.62963 0.5 0.18182 0.61905 0.5 0.38636 1.0 0.5 0.85714 0.68627 0.5 0.11765 0.29412 0.66667 0.64706 0.57895 0.5625 0.5 0.35135 0.33333 0.53571 0.38462 0.7027 0.4 0.33333 0.08333 0.92308 0.46667 0.64103 0.69444 0.28571 1.0 0.5 0.35714 0.75 0.16667 0.3 0.46667 0.64286 0.66667 0.53333 0.625 1.0 0.66667 0.68966 0.5 0.46667 0.66667 0.5 0.66667 1.0 1.0 1.0 0.64103 1.0 0.42857 1.0 1.0 1.0 1.0 0.7 1.0 0.71429 0.625
sp 44
c 43
t 25937 25884 25938 26014 25936 25886 25940 25896 25947 25943 25777 25941 25930 26013 25942 26023 25704 25779 25946 25925 25926 25939 25758 25928 25921 25929 25897 25776 26056 26035 25715 26024
p 1.0 1.0 1.0 1.0 1.0 1.0 1.0 1.0 1.0 1.0 1.0 1.0 1.0 1.0 1.0 1.0 1.0 1.0 1.0 1.0 1.0 1.0 1.0 1.0 1.0 1.0 1.0 1.0 1.0 1.0 1.0 1.0
sp 51
c 52
t 11834 11831 11829 3613 3643 3641 15874 11793 3637 3650 3651 20001 7892 3639 3612
p 0.91667 0.88889 0.83333 0.6 0.91667 1.0 0.5 0.2 1.0 0.22222 0.28571 1.0 1.0 1.0 0.5
sp 52
c 51
t 8458 8784 8779 8957 8949 8959 8950 8951 8956 8948 8865 8958 9625 8742 3274 9440 8944 9442 8952 9644 9645
p 1.0 0.8 1.0 1.0 1.0 1.0 0.83333 1.0 1.0 1.0 1.0 1.0 0.27273 0.2 0.09091 0.25 0.8 0.4 0.5 0.11111 0.10714
sp 97
c 98
t 14354 16584
p 0.0625 0.5
