373943
425475
438394
438676
438852
438853
438956
439034
451665
451686
451761
452034
452121
452202
452293
452297
452303
452386
464600
464625
464812
464885
464889
464891
464898
464974
464984
465062
465066
465073
465154
465158
465233
465235
465238
465240
465318
465323
465331
465418
465419
465420
465509
465513
465598
465600
465602
465603
465604
466329
476927
477703
477792
477878
477896
477976
477988
478065
478067
478081
478152
478159
478171
478235
478236
478238
478240
478241
478246
478248
478317
478325
478327
478328
478399
478405
478409
478410
478489
478493
478494
478495
478580
478581
478582
478667
478669
478671
478672
478674
478678
478755
478757
478758
478761
478762
478846
478847
478849
490290
490291
490365
490860
491045
491136
491137
491224
491225
491228
491318
491404
491410
491477
491478
491479
491489
491494
491557
491558
491563
491564
491565
491571
491639
491640
491642
491643
491651
491719
491720
491721
491795
491796
492035
492036
492038
492039
492041
492047
492127
492128
492215
492216
503938
504201
504203
504295
504386
504387
504465
504479
504567
504573
504735
504737
504738
504739
504825
504911
504983
505223
505235
505313
505395
505399
517100
517328
517342
517436
517521
517529
517620
517689
518038
518130
530795
530800
530802
530803
530890
530893
530894
530976
531074
531148
543972
543975
544142
544303
544385
544658
544749
558792
571933
572086
612020
612101
614053
625776
627709
639363
652948
