775693
776796
776999
777774
789143
789245
789261
789339
789340
789437
789439
789440
790196
800208
800515
800809
800909
801118
801232
801334
801336
801337
801439
801536
801638
801639
801642
811990
812108
812300
812891
813086
813187
813189
813198
813282
813283
813388
813399
813487
813489
813581
823403
823404
823497
823600
823684
824535
824631
824736
824737
824738
824832
824932
825029
825137
825235
825444
825453
825550
825565
825873
834435
834523
834989
834998
835659
835928
835937
836026
836027
836122
836127
836130
836221
836222
836226
836637
836747
845515
845595
845674
845847
845932
846117
846314
846676
846956
846962
847167
847259
847264
847363
847364
847684
847911
856465
856544
856634
856718
857076
857094
857182
857357
857454
857460
857558
857964
866165
866168
866532
866543
866618
866631
866970
867128
867221
867387
867688
867697
867782
867783
867883
867888
867889
867990
867992
867993
868092
876150
876209
876441
876517
876602
876604
876611
876677
876953
876954
877029
877116
877125
877280
877359
877360
877448
877836
877933
877935
877948
878040
878241
878242
878340
878730
878733
878734
878740
878842
886273
886347
886359
886437
886448
886532
886611
886621
886689
886690
886718
886779
886781
886784
886785
887288
887676
887678
887684
887781
887877
887878
887879
888475
888476
888765
895393
895795
895881
895962
895969
895971
896146
896224
896451
896709
896901
896903
897089
897093
897097
897190
897213
897310
897502
897790
897879
898261
904589
904668
904677
904835
904836
904837
905292
905354
905356
905357
905861
913388
913390
913641
913900
913909
914084
914677
915178
921542
921605
922214
922216
922218
922294
923125
923318
924214
930356
930576
931110
931249
932788
932871
932962
939221
939431
939525
940595
940979
948687
969733
