456572
456573
469301
469399
469481
482571
482875
483051
483134
495060
495847
508386
508961
509068
509075
509173
509176
509177
521478
521569
521570
521664
521767
522188
522290
522395
522396
522497
522600
535015
535116
535117
535118
535217
535218
535856
535863
548481
548482
548483
548586
548587
548588
548589
548590
548688
548789
548802
549117
561785
561881
561888
561982
561999
562087
562091
562092
562195
562298
562402
575256
575364
575365
575371
575372
575385
575471
575472
575482
575578
575579
575583
575590
575696
576003
576435
588486
588488
588694
588698
588701
588806
588909
588915
588916
589032
589124
589228
601200
601302
601401
601989
602090
602304
602307
602623
602729
602834
602939
614759
615754
615862
615967
616075
616076
616184
616290
616291
616292
616306
616397
616398
616499
616816
617362
629300
629405
629406
629513
629617
629729
629831
630896
642934
643035
643447
644511
709451
