291840
304422
304512
304834
316602
317001
317264
317273
317346
328941
329227
329533
329892
329971
330056
342063
342148
342151
342241
342255
342335
342339
342434
342606
355124
355137
355224
355423
355498
356010
367784
367899
368092
368194
368195
368198
368292
368293
368388
368389
368484
368486
368492
368585
380609
380707
380818
380832
381025
381128
381136
381324
381434
381519
381524
381715
381717
381728
381803
381805
381807
381818
393598
393707
393815
394019
394224
394438
394519
394703
394706
394793
406584
406590
406686
406695
407013
407387
407388
407480
407568
407572
407731
419233
419539
419729
420130
420229
420418
420495
420566
420572
420643
420646
420652
420725
432221
433244
433667
433764
445364
445375
445569
445785
445885
445986
459110
460166
471389
471475
471476
471577
484614
497910
498609
511127
511234
511313
511314
524730
524829
524940
525035
525036
538043
538341
538343
538439
538445
538545
551536
551830
551833
551839
551927
551929
551932
552026
552033
552036
565065
565252
565342
565345
565437
565444
565534
565535
565536
565537
565538
565630
565631
565633
565820
578559
578836
578837
578840
578929
578931
579026
579121
579138
579584
592068
592251
592254
592352
592354
592355
592357
592552
592648
605904
606001
606002
606003
606005
606095
606097
606099
606103
606291
606292
606383
606385
606465
619491
619492
619689
619692
619785
619789
619790
619791
619794
619882
619884
619887
619889
619890
619896
619979
619980
619990
620056
620058
620061
632917
633012
633014
633110
633113
633114
633214
633218
633312
633313
633317
633327
633404
633406
633407
633408
633409
633413
633495
633496
633499
633505
633512
633577
633579
633580
633581
633584
646574
646669
646675
646868
646870
646872
646873
646874
646875
646879
646965
646970
646971
646973
646974
647058
647060
647062
647063
647071
647137
647142
647143
647144
647152
647322
647604
659904
659993
659994
660089
660095
660195
660281
660283
660285
660287
660292
660377
660378
660385
660387
660478
660480
660481
660484
660496
660564
660566
660569
660570
660571
660572
660573
660574
660646
660647
660648
660649
673322
673334
673413
673416
673599
673686
673696
673703
673887
673894
673982
673984
673985
673989
673990
673991
673993
674009
674226
674392
686803
686893
686985
687072
687077
687166
687172
687264
687351
687355
687356
687357
687445
687459
687619
687951
700059
700147
700252
700420
700514
700523
700622
700710
700711
700886
713313
713591
713672
713679
713687
713763
713849
713932
713933
713934
713935
726693
726712
726792
726886
726959
726960
726973
727040
727057
727058
727127
727306
727829
739910
740085
740086
740087
740088
740182
740438
752642
752837
752917
752931
753004
753091
753354
753782
765258
765382
765467
765469
765568
765661
765662
765666
765756
766326
777730
777937
778140
778141
789844
790030
790031
790135
790136
790140
790245
790246
790277
802028
802126
802127
802131
802221
802222
813926
814020
825382
825606
847096
847310
847417
857902
858118
858228
868538
878285
878578
888126
888231
888320
888323
897337
897341
897536
897731
905990
906291
906493
906686
914918
915214
915305
923363
923460
923557
923852
923854
923953
931545
931739
931837
932141
932238
932240
932244
932341
939539
939931
940033
940331
947399
947779
947977
948074
948078
955273
955365
955462
955543
955550
955638
961754
962524
962525
962527
962531
962532
962613
962617
962619
962703
962706
962786
969588
969679
969680
969681
969682
969764
969850
969851
970220
976551
976721
976722
976899
977115
977168
983492
983499
983569
983721
983800
983881
983882
983953
990135
990302
990305
990367
996415
996506
996769
996824
996884
996992
997005
997120
1.00309e+06
1.00314e+06
1.00326e+06
1.00338e+06
1.00967e+06
1.01519e+06
1.01528e+06
1.01539e+06
1.01544e+06
1.02127e+06
1.02132e+06
1.02133e+06
1.02689e+06
1.02699e+06
