160810
160812
171097
171102
171199
171302
172784
183381
183479
183584
192362
194297
194299
194301
194415
194514
203459
205342
205343
205767
214544
214740
214946
215165
215166
215277
215283
216520
216522
216623
216625
216844
217058
217060
226025
226112
226341
226427
226640
226642
226753
226865
227087
227175
227277
227381
227484
227485
227587
227588
227591
227687
227688
227689
227788
227902
228009
228115
228116
228226
228671
228780
237984
238085
238186
238403
238409
239350
239461
239569
239571
239575
239677
239680
239684
240002
240004
240117
240121
240348
240458
240464
240568
240678
240774
250071
250487
251459
251463
251464
251571
251577
251578
251680
251681
251684
251685
251692
251791
251792
251903
252571
252683
252684
252685
263432
263655
263656
263657
263658
263660
263662
263768
263769
263771
263772
263774
263873
263875
263876
263877
263878
263879
263880
263980
263982
263986
264084
264101
264316
264541
264657
264659
264767
264872
264873
264874
265081
275903
276017
276018
276025
276034
276132
276133
276134
276135
276139
276245
276261
276355
276480
276587
276702
277142
277143
277144
277235
277237
277238
277240
277439
288289
288402
288403
288410
288411
288516
288517
288633
288741
288849
288856
288958
288963
288978
289072
289085
289598
289599
289600
289601
289603
289697
289698
289699
289700
289711
289789
289896
289897
300931
300939
301165
301166
302151
302152
302155
302156
302247
302248
302249
302341
314668
314786
314787
314880
315080
327174
