232394
268703
293595
294029
319292
319343
319344
319500
332325
345019
345020
345427
357807
358509
358511
370955
370959
371153
371210
371463
371768
384308
384359
384367
397160
397486
398342
398484
398561
409963
411232
411611
423342
424167
424235
424382
424456
424537
436417
436486
437095
437167
437240
437618
437769
449308
449537
449542
449806
449814
449871
449997
450500
450730
450868
462573
462576
462632
462803
462939
463067
463197
463248
463874
475813
475936
476068
476197
476263
476724
488925
488971
489072
489191
489254
489264
489323
489324
489385
489390
489459
489465
489534
489858
502323
502379
502492
502552
502616
502623
502680
502689
502752
502755
502892
502966
503098
503101
503555
515562
515566
515629
515858
515859
515919
515925
515985
516002
516132
516133
516134
516201
516268
516278
516340
516343
516411
516647
516872
528892
529058
529101
529161
529163
529165
529225
529229
529231
529287
529290
529361
529368
529444
529505
529508
529578
529653
529724
529790
529796
529868
529940
530010
530165
530244
542525
542635
542812
542832
542880
542950
542956
542958
543022
543027
543094
543102
543167
543242
543243
543315
543390
543397
543533
556296
556529
556669
556748
557646
569614
569675
569871
569923
570003
570066
570069
570122
570131
570192
570267
570269
570348
570413
570479
570484
570548
570550
570615
570618
570692
570754
570818
583042
583485
597037
597236
597534
597613
611060
611061
611062
611063
611137
611141
611217
611218
611219
611300
611382
624573
624640
624641
624713
638251
638390
638473
651927
665383
679070
