58631
65285
65738
72499
72880
80068
80070
80303
80306
80455
80459
80599
80741
88016
88337
88415
88497
88499
88570
88718
96350
96797
105396
105484
113983
114448
114532
123220
123404
123485
123494
133202
133286
142477
142973
152819
162957
172926
173242
183428
194351
194757
194853
229017
239941
276059
277282
286336
287791
287792
287898
287911
288003
288113
288222
288563
288671
288782
289652
289744
289833
299648
300099
300102
300209
300218
300219
300313
300342
300422
300423
301860
302088
302198
310733
311951
312398
312625
312736
312849
323491
324204
324292
324293
324294
324723
324838
324946
324947
325059
325061
325169
325172
325285
325286
325288
325402
336701
337179
337181
337287
337391
337395
337496
337499
337500
337606
337819
337832
350092
350093
350110
350199
350204
350302
350534
350622
362488
363075
363281
363387
376066
376135
376136
376246
376334
376335
376441
376448
389110
389113
389208
389212
389214
389319
389335
389420
401473
401569
401570
401660
401668
401751
401831
401832
401840
401913
401915
401929
401992
401995
402013
402089
402178
414167
414259
414523
414609
414611
414612
414697
414698
414789
414873
414875
414885
414887
414956
414957
414959
415034
415038
415040
415042
415043
415044
415122
415323
427298
427306
427394
427576
427578
427667
427668
427671
427756
427759
427760
427847
427848
427849
427855
427939
427940
427941
427942
427943
427946
428026
428029
428030
428033
428035
428037
428120
428129
428130
428229
428329
440760
440763
440847
440848
440854
440938
440939
441040
441129
441138
441228
441247
441248
441331
441340
441441
441567
453844
453922
454017
454032
454121
454211
454317
454326
454418
454524
454525
454636
454637
454642
467148
467235
467239
467334
467336
467441
467569
467652
467653
467663
467766
467767
467881
480205
480302
480304
480402
480416
480502
480605
480608
480616
480712
480713
480826
480828
480950
493198
493680
493781
493784
493885
493989
493992
493993
494204
494228
506940
506943
507042
507349
507350
507356
507458
520586
520685
