123109
133790
142358
152370
152375
154693
162212
162303
162496
164096
164099
164191
164192
164283
164376
172507
172703
173006
173298
173300
173967
174060
174072
174157
174159
174160
174424
174615
174616
174618
174705
174717
182194
182581
182676
182778
182867
182980
182981
183085
183094
183187
183288
183385
183491
183585
183586
183590
183599
183697
183795
183799
183892
183893
183986
184659
184665
184762
184763
184768
184857
184859
184951
184954
185042
185138
185224
185225
185232
185321
193499
193590
193593
193685
193790
193792
193796
193799
193906
194008
194010
194205
194209
194211
194520
194524
194718
194723
194729
194821
194822
195403
195605
195608
195703
195704
195710
195801
195899
195900
195986
196168
196546
197277
204739
204829
204929
204933
205138
205241
205350
205351
205454
205459
205573
205671
205674
205676
205777
205878
205980
205982
205985
206063
206064
206069
206462
206465
206678
206976
206985
207085
207162
207453
207456
209712
216127
216215
216221
216315
216420
216423
216429
216538
216752
216854
216961
216962
217064
217066
217177
217181
217267
217270
217272
217358
217363
217871
218183
218284
218285
218286
218391
218581
218673
221186
225308
226761
226771
226982
227596
227704
228015
228024
228238
228345
228349
228463
228466
228574
228787
228791
228792
228890
229305
229403
229809
229810
229924
230014
230016
230019
230103
232940
235556
237154
237257
237258
237475
237683
237993
238735
238742
238941
239471
239584
239792
240016
240132
240241
240244
240354
240580
240592
240993
241508
241513
241622
241807
241894
241903
241989
241994
242083
242090
242092
242996
244952
245056
245224
245503
248047
248136
248232
248236
248326
248334
248426
248529
248629
248630
248729
248831
248937
249140
249239
249338
249350
249550
249982
250607
250718
251478
251693
251697
251801
251906
251919
252019
252024
252131
252138
252592
252701
252898
252905
253653
253926
254117
254219
254504
255023
257078
257249
257564
257572
257632
258357
259893
259984
260067
260150
260160
260243
260417
260426
260519
260616
260718
260719
260817
260826
260919
260922
260923
261024
261125
261126
261531
261737
262056
262258
262677
262796
263445
264558
264670
265087
265092
265840
265930
266028
266337
266437
266529
266819
269151
269320
269438
269439
269444
269504
269621
269910
270045
270172
270395
270473
270713
271798
271801
271887
271888
271890
272165
272253
272345
272348
272431
272513
272517
272523
272603
272607
272612
272692
272700
272783
272786
272884
272889
272988
272999
273089
273090
273091
273092
273192
273194
273293
273295
273296
273396
273398
273399
273501
273604
273606
273702
273704
273801
273804
273905
273910
274006
274015
274111
274112
274117
274213
274217
274315
274418
274421
274514
274517
274930
275034
275038
275253
275364
275371
275475
275692
275918
276146
276599
276937
277047
277254
277258
277354
277445
277554
279020
279118
279215
279308
279904
281632
281681
281731
281742
281918
281971
281979
282080
282135
282203
282329
282467
282538
282596
282598
282656
282659
282729
282803
282880
282958
284112
284200
284202
284289
284291
284371
284373
284374
284462
284558
284561
284643
284644
284645
284732
284734
284738
284820
284821
284827
284900
284903
284904
284991
285082
285083
285173
285175
285267
285359
285360
285364
285562
285564
285665
285668
285768
285869
285871
285872
285883
285974
285979
285982
286074
286076
286179
286180
286282
286285
286488
286595
286688
286788
286789
286883
286987
286990
286992
287105
287214
287317
287320
287539
287541
287647
287648
287760
287868
287976
288083
288199
288305
288309
288421
288530
288644
288645
288759
288866
288972
289306
289403
289512
289514
289611
290133
290462
290648
290662
290863
291188
291680
291681
291686
292201
292289
292361
294013
294239
294259
294418
294478
294653
294712
294849
294989
295129
295185
295187
295189
295190
295191
295246
295249
295398
295404
295486
295722
295809
295896
296064
296234
296235
296320
296493
296572
296650
296652
296974
297061
297155
297160
297241
297244
297328
297329
297336
297414
297418
297424
297502
297506
297600
297601
297697
297791
297793
299095
299100
299191
299196
299295
299401
299402
299403
299617
299618
299726
299728
299730
299838
299840
299842
299847
299953
300065
300067
300068
300176
300178
300285
300286
300287
300391
300395
300613
300720
300723
301055
301169
301170
301283
301388
301389
301723
301728
301831
301946
302053
302063
302457
303147
303150
303243
303248
303354
303364
303460
303578
303968
304156
304917
306836
306841
306843
306899
306903
306963
307008
307066
307127
307129
307449
307524
307588
307655
307656
307719
307720
307728
307791
307795
307797
307865
307867
307941
307942
307945
308018
308020
308098
308099
308100
308353
308356
308434
308705
308798
308881
308976
308983
309068
309149
309234
309319
309323
309408
309412
309493
309496
309579
309585
309663
312150
312486
312487
312594
312595
312712
312819
312935
312937
313037
313038
313145
313148
313252
313361
313364
313468
313572
313679
313790
314011
314234
314351
314572
314683
314797
314902
315202
315711
316020
316228
316522
316612
316716
316811
316815
316816
316910
317004
317007
317188
317190
319358
319577
319578
319629
319630
319637
319744
319853
319993
320304
320373
320374
320375
320377
320442
320444
320447
320518
320520
320597
320743
320828
320829
320908
320994
321246
321339
321346
321524
321529
321703
321709
321792
321875
321961
321963
322129
322217
322219
325368
325380
325482
325594
325595
325705
325708
325811
325813
325815
326032
326132
326229
326230
326327
326330
326432
326433
326633
326636
326958
326962
327079
327416
327717
327731
327816
327922
328024
328444
328545
328549
328646
328650
328752
328753
328758
328860
328861
329242
329341
329438
330360
332122
332179
332398
332523
332575
333264
333265
333267
333269
333270
333341
333349
333425
333429
333508
333590
333673
333749
333831
333835
334008
334011
334107
334198
334282
334372
334383
334472
334543
334547
334548
334557
334636
334637
334731
334732
339018
339121
339128
339223
339225
339229
339334
339335
339439
339440
339541
339644
339648
339747
339851
339853
339859
340076
340080
340185
340516
340614
341457
341460
341567
341665
341666
341764
341767
341872
342068
342069
345327
345331
345386
345387
345388
345451
345453
345581
345642
345646
345712
345777
346158
346242
346316
346396
346473
346478
346560
346731
346818
346905
346909
346995
347000
347090
347187
347268
347441
352227
352438
352547
352641
352643
352746
352960
353173
353177
353393
353703
353705
353710
353797
353908
353909
354019
354133
354559
354649
354751
354761
354859
355701
355867
358411
358474
358475
358530
358534
358659
358664
358681
358722
358724
358729
358731
358795
358799
358864
359010
359089
359098
359100
359163
359246
359249
359333
359409
359416
359486
359495
359561
359644
359651
359734
359821
359824
359914
360002
365472
365667
365669
365783
365892
365893
365999
366106
366204
366205
366207
366310
366520
366525
366630
366634
366747
366837
366942
367700
367809
367913
371662
371663
371670
371727
371733
371793
371794
371861
371863
371930
371933
371934
372000
372070
372073
372143
372213
372292
372298
372379
372380
372385
372461
372464
372466
372544
372551
372623
372704
372706
372777
372778
372784
372786
372793
372866
372937
372941
373022
373113
373715
378885
378991
379096
379098
379101
379195
379302
379525
379527
379529
379753
379970
379975
379977
380185
380194
380313
380520
380740
380836
380843
380944
381049
381739
384864
384865
384929
384932
385001
385002
385068
385071
385137
385141
385143
385145
385210
385214
385221
385282
385289
385346
385348
385354
385356
385357
385499
385515
385587
385588
385589
385598
385599
385668
385673
385674
385676
385759
385908
385923
385990
385996
391909
392006
392205
392212
392315
392428
392538
392650
392765
392768
392880
392983
393088
393314
393413
393516
393620
393729
393838
393841
393935
393938
393940
394433
394720
397869
397932
398003
398158
398222
398359
398362
398369
398381
398447
398512
398584
398586
398587
398589
398602
398665
398667
398670
398673
398674
398749
398750
398827
398831
398838
398911
398994
405010
405012
405117
405230
405342
405447
405452
405557
405558
405561
405670
406097
406098
406191
406299
406416
406609
406921
407209
410897
410962
411033
411035
411036
411108
411109
411115
411191
411254
411258
411261
411337
411396
411401
411408
411477
411478
411479
411559
411638
411641
411717
411796
411797
411803
411873
411874
412090
412240
418392
418393
418503
418504
418617
418620
418624
418732
418932
419135
419137
419253
419258
419360
419567
420505
420658
423890
423962
423976
424028
424110
424176
424178
424187
424191
424195
424253
424263
424265
424268
424334
424339
424409
424410
424412
424418
424482
424555
424559
424560
424635
424721
424788
424790
431365
431702
431703
431815
431921
432018
432023
432121
432339
432342
432784
437120
437122
437189
437190
437193
437195
437196
437267
437280
437344
437345
437418
437428
437501
437506
437573
437642
437643
437720
437725
437801
444667
444766
444872
444976
444978
445072
445175
445278
445385
450165
450244
450302
450304
450381
450451
450455
450456
450458
450532
450533
450534
450541
450607
450615
450688
450762
450819
450821
450825
450894
450966
457898
458198
458199
458289
458295
458302
458395
458498
458504
458612
458833
463413
463482
463483
463495
463547
463549
463550
463552
463620
463622
463627
463695
463698
463769
463770
463771
463834
463841
463954
464015
464080
470996
471199
471298
471299
471394
471493
471597
472214
476538
476603
476670
476671
476672
476740
476898
476969
477034
477041
477166
484344
484535
484538
484629
484839
485045
485046
485452
489759
489823
489892
489893
489960
489962
489966
490032
490034
490117
490181
490342
497635
497737
497836
497926
498016
498132
498227
498234
498330
498421
498422
498426
498733
498825
502645
502646
502928
503128
503204
503272
503279
503348
511045
511145
511236
511237
511240
511607
512216
516299
516375
516376
516523
516601
516814
516828
516896
516897
517058
524458
524555
529758
530270
530271
530272
530352
530358
530514
537961
538064
538362
538456
542852
543057
543202
543419
543424
543484
543497
543570
543645
543711
543789
543938
543942
544104
551553
551655
551844
556570
556701
556923
557001
557003
557225
557231
557300
557437
557518
565267
566326
570233
570236
570315
570456
570517
570590
570657
570721
570725
578402
578491
578579
578761
578852
583595
583737
584184
592083
592175
592274
592372
592571
605734
606213
606393
619034
619126
619317
619327
619608
619804
619809
619989
620250
620436
620442
620532
625170
632551
632747
632854
633037
633229
633418
633420
633423
633507
634263
646222
646497
646691
647067
659635
659824
660666
672848
672849
673041
673146
673151
674317
674406
686440
686441
686534
686730
687874
699874
713947
790056
