116820
116841
116870
116901
116935
126144
126167
126175
126292
126301
126340
135785
135837
135842
135911
135948
135993
145587
145629
145636
145740
145774
145822
145862
155519
155822
155830
155831
155915
155922
166134
166234
166269
166275
176245
176246
176641
176683
176729
186990
187583
187631
187686
198028
198609
198663
198720
198785
198841
198898
209191
209238
209239
209261
209354
210017
220609
220623
220672
220707
221264
221316
221423
221481
232567
232771
232958
233009
233057
233108
244469
244509
244510
244511
244614
256397
256499
256544
256584
256632
256633
256681
256732
256735
256944
268782
268864
268906
268941
268943
268986
269034
269037
269084
269132
269185
269238
269239
281267
281273
281611
281661
293541
293947
306199
306515
306564
319200
319248
319251
319299
319301
331905
331953
332002
332004
344816
344818
397437
410675
422534
422555
422556
422557
422583
422589
422608
422611
422635
435744
435745
435746
435768
435769
435796
435797
435828
435832
435904
435905
435944
435979
436026
437392
449028
449029
449030
449062
449063
449065
449099
449100
449102
449135
449170
449206
449239
462270
462305
462418
462419
475583
488932
