80759
88511
101916
110744
120206
120295
129493
129667
129668
129669
139189
139190
139275
139282
139367
139469
149185
149187
149194
149275
149458
159319
159413
159414
159421
159594
159596
159597
159600
159693
159788
159875
169798
169799
169802
169887
169976
169978
169979
169988
170068
173069
180524
180610
180614
180617
180619
180705
184431
191468
191470
191477
202558
202575
202651
202663
202749
202750
202751
202752
202950
212904
213831
213923
213924
213925
213927
213928
213929
213931
214021
214023
214024
214028
214121
214123
214124
214128
214133
214226
225365
225466
225469
225470
225472
225475
225476
225563
225564
225665
225668
225680
225774
225777
237227
237326
237328
237329
237330
237337
237428
237434
237436
237529
237534
237541
237635
237636
237637
237638
237640
237742
237747
237748
237749
237847
237848
239875
248404
249515
249618
249619
249728
249729
249835
249936
250048
261703
261707
262120
