27578
37498
37710
42982
43040
43093
43415
48060
48262
49093
49156
49201
49251
49304
49305
54673
54724
55075
55381
55427
55639
55641
55700
55701
55702
55767
55898
61257
61302
61304
61363
61365
62266
62314
62374
62376
62377
62444
62447
67960
68373
68374
68430
68434
68487
68489
69229
69230
69292
69351
69352
69354
69411
69412
69414
69474
69477
69478
69548
70303
75910
75957
75961
76335
76582
76647
76776
76777
76909
76913
76928
76975
77045
77050
77052
77057
77125
77127
77823
83572
83642
83769
83770
83771
84081
84147
84148
84165
84367
84368
84499
84634
84641
84769
84840
84841
84846
84912
84918
85699
91424
91528
91653
91715
91716
91784
91785
91787
91848
91915
92119
92177
92335
92336
92401
92476
92542
92543
92544
92679
92689
92813
92814
92825
92877
92879
92951
92956
93033
93890
99791
99910
99964
100004
100012
100260
100341
100397
100398
100464
100465
100469
100745
100907
100982
101193
101336
101337
101403
101471
101475
101545
101549
101554
101623
101698
102413
102514
108251
108774
108829
109141
109223
109294
109351
109352
109361
109362
109424
109652
110180
110181
110182
110254
110256
110450
110453
110522
110523
110524
111337
117337
117381
117758
117871
117929
118046
118233
118303
118304
118381
118385
118454
118459
118515
118517
118536
118606
118763
118838
118921
118991
119153
119363
119379
119436
119507
119509
119518
119655
119729
126745
126755
127195
127383
127440
127680
127692
127845
127928
128161
128242
128400
128485
128566
128567
128641
128865
128869
129027
136879
136882
136934
137119
137122
137126
137183
137243
137244
137247
137253
137306
137439
137453
137456
137515
137524
137526
137527
137528
137609
137611
137678
137689
138008
138089
138168
138248
138476
146807
146863
146864
147063
147197
147200
147268
147270
147272
147421
147488
147503
147584
147653
147658
147663
147727
147729
147735
148055
148134
148140
148207
148283
148359
148441
148442
148687
149571
156979
156983
157042
157105
157111
157175
157178
157245
157246
157317
157318
157319
157323
157394
157550
157551
157624
157627
157628
157701
157708
157772
157773
157782
157867
158333
158404
158645
159703
167463
167466
167534
167535
167610
167611
167612
167685
167762
167837
167990
168070
168232
168323
168793
168957
177983
178051
178127
178281
178349
178422
178576
178579
178738
179312
189347
189715
189800
190058
200945
211650
213192
223804
235698
235774
235776
248019
