552586
566175
592872
593241
593334
606672
606767
606771
606857
606861
606866
606949
607034
607036
619439
619537
619540
619544
619829
619934
620196
620478
620568
620572
620573
620658
632592
632683
632684
632780
632967
633057
633064
633065
633159
633533
633620
633913
634011
634099
634198
634199
634381
634616
634702
646529
646622
646624
646721
647464
647553
647561
647654
647655
647669
647742
647836
647918
647923
648080
648244
659854
659856
660613
660684
660853
661039
661049
661125
661127
661213
661214
661223
661309
662077
674017
674431
674444
674513
674692
674782
687394
687395
687411
687484
687498
687909
688005
688184
688361
689056
700826
700843
701560
701849
713902
713985
714091
714169
714285
727172
727254
727271
727356
727361
727362
727375
727452
727460
727463
727464
727465
727556
727558
727565
727568
727569
727782
727788
727885
727889
728268
739689
740040
740390
740393
740495
740497
740599
740600
740611
740620
740698
740702
740704
740706
740707
740708
740809
740815
740923
741031
752684
752957
753225
753407
753506
753508
753514
753617
753619
753730
754059
754158
754159
754162
754362
754638
765608
766274
766482
766704
767011
767014
767115
767116
767117
767212
767223
778975
778977
779066
779550
779648
779649
779750
779753
791361
791363
791555
802990
803314
803421
803438
803440
803532
803545
803546
803637
803638
803639
803847
803850
803852
804140
814687
814780
814784
814881
814882
814982
814984
814986
814987
815087
815089
815302
815315
815318
815406
815517
815519
815621
815623
815624
815625
815727
815831
815929
815937
826056
826153
826154
826339
826341
826342
826439
826442
826443
826541
826552
826648
826750
826752
826764
826858
826862
826865
826874
826964
827093
827277
827278
827283
827381
827485
827785
837268
837448
837449
837531
837532
837541
837623
837624
837721
837817
837818
837923
838029
838133
838139
838232
838532
838629
838633
838732
838741
838932
848208
848299
848300
848384
848385
848386
848390
848465
848468
848554
848556
848653
848859
848861
848966
848968
849072
849074
849171
849172
849173
849174
849264
849266
849267
849269
849659
849759
849760
849859
850254
850339
850449
850787
858991
858993
859077
859080
859169
859180
859241
859431
859433
859742
859851
859945
859957
860046
860248
860347
860629
860724
861169
869303
869311
869393
869394
869491
869492
869493
869590
869674
869677
869952
870146
870237
870245
870533
870921
871012
871808
879428
879430
879522
879526
879623
879625
879626
879719
879732
879892
880080
880759
880852
881143
881329
881615
881706
881867
889260
889266
889359
889367
889368
889457
889557
889650
890391
890484
890486
898747
898752
898855
899772
900048
900145
907972
909207
