397630
397703
410518
410634
410690
410952
411105
411106
411179
423497
423498
423575
423623
423686
423960
424106
437264
437337
437339
437416
437419
437498
450444
450445
450524
450525
450602
450604
450605
450610
450681
450682
450683
450761
463619
463692
463763
463764
463765
463766
463833
463836
463839
463902
476598
476673
476741
476810
476814
476815
476816
476817
476818
476889
476890
476891
476892
476899
476963
476964
489882
489883
489953
490030
490031
490099
490103
490105
490107
490108
490109
490177
490179
490183
490186
503195
503271
503273
503349
503350
503351
503426
503427
503428
503431
503497
503502
503503
516513
516664
516666
516667
516739
516741
516742
516743
516744
516819
516820
516824
530191
530195
530197
530267
530274
543783
557219
