708971
722229
722323
722413
722505
722600
722699
722797
722893
722987
735410
735422
735511
735594
735784
735979
736072
736077
749003
749094
749095
749277
760704
760785
761137
761220
761300
761854
761946
773444
773534
773781
773782
773868
773878
773958
773959
774577
774665
774667
774763
774854
786022
786109
786194
786195
786196
786281
786283
786284
786289
786372
786373
786374
786460
798381
798467
798468
798557
798558
798643
798645
798649
810259
810426
811305
822662
822739
822740
822824
822825
822834
833967
833969
833970
844881
844890
844962
844964
855615
