544922
544994
545335
558324
558555
559141
559224
559225
571694
571695
571696
571782
571862
571865
571866
571945
572099
572346
572519
572604
572687
585030
585115
585116
585199
585200
585201
585209
585285
585288
585289
585290
585371
585373
585376
585379
585535
585775
585859
585860
585865
585948
585951
586041
586127
586214
598606
598687
598688
598773
598774
598855
598859
598862
598941
598943
598946
598948
599032
599195
599266
599270
599348
599613
599614
599616
599702
599703
599705
599794
599884
599887
600054
612191
612273
612276
612278
612358
612361
612445
612448
612534
612622
612785
612790
612939
613026
613029
613114
613117
613199
613291
613471
613557
626207
626286
626293
626371
626455
626528
626531
626532
626605
626686
626689
626778
626779
626863
626950
626952
627039
627040
627127
627128
627215
639945
640028
640032
640033
640110
640113
640114
640115
640184
640187
640188
640256
640258
640259
640260
640261
640335
640337
640339
640421
640422
640505
640506
640673
640764
640928
653603
653681
653684
653757
653834
653836
653909
653910
653911
653912
653913
653988
653989
653994
653995
654070
654071
654072
654074
654154
666988
667066
667144
667147
667227
667299
667302
667303
667376
667377
667378
667380
667383
667453
667455
667456
667531
667532
667602
667606
667683
667764
680773
680848
680915
681282
681367
681451
694447
694452
694520
694526
694594
694595
694665
708372
748752
774161
