665391
665457
665851
666227
679390
693295
693296
693448
693912
706582
706656
706658
706883
706955
707106
707348
707425
707579
707662
707663
719714
719789
719867
719868
720020
720166
720472
720870
720948
720950
720954
721034
721038
721114
721115
721116
721117
721118
721119
721197
721207
733078
733081
733153
733156
733158
733231
733758
733904
733984
734057
734058
734059
734067
734138
734139
734140
734143
734215
734216
734217
734296
734297
734298
734301
734377
734378
734379
734380
734381
734453
734455
734456
734463
734522
746031
746175
746316
746319
746387
746599
746601
746738
746888
746956
746977
747029
747032
747035
747107
747110
747119
747121
747179
747180
747183
747184
747187
747188
747191
747258
747259
747260
747261
747266
747334
747336
747337
747338
747339
747405
747406
747408
747472
747473
747475
747476
747477
747537
747540
747541
759037
759039
759040
759248
759250
759315
759322
759671
759744
759880
759882
759883
759952
759953
759956
759957
759958
759960
759961
759964
760023
760024
760025
760028
760029
760031
760088
760089
760090
760092
760093
760094
760095
760098
760099
760101
760156
760161
760162
760163
760164
760165
760229
760231
760233
760234
760297
760301
760302
760364
760366
760369
772610
772676
772681
772682
772694
772747
772750
772751
772752
772753
772755
772757
772759
772815
772817
772818
772819
772821
772822
772823
772882
772883
772884
772885
772886
772887
772889
772952
772956
772957
772963
773022
773027
773091
773163
784539
784874
784946
785092
785159
785211
785213
785215
785218
785219
785274
785276
785277
785280
785281
785282
785345
785347
785348
785418
785424
785426
785489
797474
797476
797480
797538
797542
797546
797611
797622
797685
808751
808812
808859
808870
808923
809379
809380
809382
809441
809500
809501
809567
809568
809569
809570
809645
809723
809725
809807
820478
821179
853983
