164055
165445
173708
174104
174105
174106
175577
175865
184805
184902
185817
185826
185899
185905
185906
185984
186066
186151
195656
196679
196761
196764
196845
196846
196847
196933
196934
196936
197017
197018
197020
206405
206513
206723
207319
207406
207412
207762
207862
207868
207947
207949
207951
207952
207958
208038
208117
208123
208131
208203
208283
208349
208852
217817
217923
217929
217931
217933
218028
218030
218137
218138
218237
218240
218243
218248
218337
218338
218723
218725
218728
218816
218822
218919
218920
219013
219016
219099
219107
219112
219200
219201
219203
219285
219286
219287
219290
219291
219293
219372
219374
219450
219611
219613
219684
219689
219695
219766
219768
229452
229558
229661
229765
229862
229866
229868
229869
229958
229964
229966
229978
230342
230346
230347
230355
230441
230443
230451
230541
230545
230549
230550
230644
230645
230646
230733
230736
230740
230742
230743
230744
230745
230746
230747
230827
230831
230832
230834
230837
230839
230840
230845
230921
230923
230924
230931
230998
231000
231001
231003
231016
231081
231091
231158
231159
231163
231167
231238
231239
231241
231318
231319
231320
231408
231483
231632
241365
241377
241561
241563
241567
241661
241665
241666
241667
241762
241764
241765
241766
241767
241847
241849
241850
241852
241854
241931
241952
242035
242137
242237
242332
242333
242337
242344
242345
242347
242348
242349
242351
242430
242432
242441
242443
242449
242532
242535
242537
242538
242542
242627
242629
242630
242634
242707
242712
242713
242716
242718
242720
242725
242793
242795
242803
242872
242874
242876
242881
242882
242886
242888
242952
242953
242954
242964
243033
243035
243036
243037
243038
243050
243120
243123
243126
243128
243131
243205
253394
253498
253590
253597
253686
253690
253691
253788
253793
253794
253795
253799
253865
253873
253874
253967
253972
254061
254066
254174
254263
254265
254271
254369
254374
254375
254376
254380
254461
254462
254466
254471
254475
254548
254554
254555
254556
254557
254566
254645
254648
254650
254651
254653
254656
254735
254736
254738
254741
254742
254743
254747
254749
254821
254822
254823
254825
254826
254827
254829
254830
254831
254839
254905
254906
254908
254911
254912
254913
254914
254919
254920
254921
254988
254989
254990
254991
254997
254998
255002
255063
255064
255066
255067
255075
255076
255077
255142
255143
255148
255218
255374
255452
265472
265487
265591
265790
265791
265792
265794
265801
265893
265896
265899
265970
265971
265978
265979
265980
265981
265982
266071
266073
266077
266078
266079
266080
266081
266085
266175
266179
266180
266185
266281
266283
266285
266288
266289
266291
266298
266381
266384
266385
266386
266388
266392
266476
266477
266483
266485
266493
266499
266579
266582
266583
266585
266586
266670
266676
266677
266678
266679
266680
266681
266686
266693
266766
266768
266772
266773
266774
266775
266776
266780
266781
266783
266785
266789
266867
266873
266874
266875
266876
266877
266958
266959
266961
266962
266964
266965
266966
266973
266974
267052
267054
267055
267056
267057
267058
267061
267062
267139
267142
267144
267145
267146
267147
267148
267149
267152
267153
267228
267230
267233
267234
267235
267241
267247
267311
267314
267315
267320
267322
267323
267324
267327
267397
267398
267399
267408
267480
267490
267491
267648
277619
278054
278057
278058
278151
278154
278163
278165
278239
278240
278248
278249
278254
278341
278342
278344
278345
278346
278351
278352
278353
278355
278356
278359
278360
278364
278453
278454
278455
278458
278459
278461
278462
278466
278467
278468
278563
278564
278566
278570
278573
278577
278665
278669
278670
278671
278675
278679
278680
278681
278683
278684
278685
278687
278772
278773
278776
278778
278779
278780
278782
278783
278784
278785
278787
278791
278793
278794
278875
278878
278879
278880
278881
278883
278884
278885
278886
278887
278888
278889
278890
278891
278892
278896
278968
278973
278974
278975
278976
278977
278979
278981
278989
279067
279069
279071
279072
279074
279078
279080
279081
279082
279085
279158
279161
279165
279166
279167
279169
279170
279171
279172
279173
279177
279178
279182
279254
279258
279261
279262
279263
279264
279266
279268
279269
279274
279352
279353
279354
279355
279356
279357
279359
279366
279368
279436
279437
279439
279441
279442
279443
279444
279445
279446
279447
279449
279450
279451
279452
279522
279523
279524
279525
279526
279527
279531
279532
279533
279534
279535
279604
279605
279607
279612
279614
279690
279696
279697
279698
279699
279772
279774
279775
279776
279781
279783
279789
279859
279862
279864
279945
280028
290310
290418
290510
290512
290515
290516
290518
290599
290603
290604
290605
290606
290609
290610
290611
290613
290617
290618
290619
290703
290706
290708
290711
290712
290713
290715
290716
290717
290724
290727
290803
290805
290806
290809
290813
290814
290815
290816
290817
290820
290821
290822
290823
290824
290828
290914
290916
290917
290920
290921
290922
290923
290925
290927
290930
290931
290932
290933
290935
290936
291025
291026
291027
291028
291029
291033
291034
291035
291036
291037
291038
291039
291040
291042
291044
291046
291047
291130
291131
291135
291140
291141
291142
291143
291144
291145
291146
291149
291150
291151
291152
291153
291155
291157
291158
291240
291241
291244
291248
291249
291250
291251
291254
291255
291256
291257
291259
291260
291343
291345
291349
291350
291353
291358
291360
291364
291447
291449
291450
291451
291452
291453
291456
291461
291540
291541
291546
291547
291548
291549
291550
291558
291559
291633
291637
291638
291640
291642
291644
291649
291650
291731
291734
291735
291739
291741
291742
291817
291818
291820
291827
291831
291903
291904
291906
291914
291917
291987
291988
291990
291992
291993
291994
291998
291999
292000
292072
292073
292074
292075
292076
292077
292153
292154
292155
292165
292166
292237
292241
292249
292321
302526
302623
302824
302922
303002
303008
303009
303010
303015
303016
303094
303096
303101
303105
303106
303108
303109
303111
303121
303200
303203
303205
303206
303207
303208
303211
303212
303214
303215
303216
303217
303219
303298
303300
303302
303306
303307
303311
303312
303315
303316
303317
303318
303319
303321
303322
303326
303409
303410
303413
303414
303416
303417
303419
303420
303422
303424
303425
303427
303428
303429
303430
303431
303433
303515
303516
303520
303522
303527
303528
303531
303533
303534
303536
303538
303539
303540
303541
303625
303630
303631
303633
303636
303637
303640
303641
303642
303643
303644
303645
303646
303647
303733
303734
303735
303736
303738
303739
303741
303750
303756
303833
303834
303835
303836
303838
303839
303847
303850
303929
303930
303933
303935
303936
303938
303939
303941
304017
304019
304020
304021
304022
304023
304024
304027
304030
304113
304115
304117
304120
304122
304125
304127
304201
304205
304215
304217
304292
304299
304309
304382
304385
304386
304388
304393
304395
304397
304475
304484
304487
304558
304559
304562
304565
304566
304567
304568
304569
304573
304637
304642
304644
304647
304651
315164
315166
315361
315366
315461
315470
315473
315569
315572
315573
315575
315576
315582
315659
315664
315670
315671
315672
315674
315675
315683
315763
315764
315771
315773
315774
315776
315777
315780
315866
315867
315868
315869
315871
315872
315873
315874
315875
315878
315879
315880
315882
315886
315887
315961
315963
315967
315970
315971
315972
315973
315974
315975
315976
315982
315985
316068
316069
316072
316073
316076
316078
316079
316089
316091
316172
316181
316184
316186
316187
316189
316193
316194
316204
316284
316290
316291
316293
316295
316296
316382
316383
316386
316387
316388
316391
316392
316394
316474
316475
316481
316482
316563
316565
316566
316567
316572
316578
316582
316587
316662
316664
316667
316670
316672
316674
316675
316678
316682
316686
316762
316765
316766
316769
316774
316775
316777
316778
316779
316782
316861
316870
316875
316877
316878
316952
316954
316956
316957
316969
316971
317046
317048
317049
317054
317056
317062
317138
317141
317151
317165
317225
317226
317228
317233
317234
317236
317307
317318
317386
327775
327878
327979
328083
328086
328094
328185
328191
328194
328195
328197
328198
328200
328203
328291
328292
328294
328295
328300
328301
328302
328303
328304
328305
328309
328399
328402
328405
328406
328408
328409
328410
328411
328412
328418
328490
328492
328496
328497
328498
328499
328500
328501
328503
328505
328507
328508
328509
328510
328511
328512
328515
328528
328596
328598
328600
328602
328604
328605
328608
328610
328611
328616
328617
328618
328619
328623
328624
328699
328702
328703
328704
328707
328709
328710
328719
328725
328804
328806
328808
328809
328810
328816
328823
328826
328829
328907
328910
328911
328914
328918
328921
328922
328924
328925
328928
329003
329004
329011
329013
329014
329015
329016
329023
329024
329027
329102
329105
329190
329194
329202
329203
329206
329208
329210
329211
329284
329285
329286
329287
329288
329296
329297
329302
329304
329305
329380
329385
329387
329392
329394
329396
329400
329402
329410
329479
329483
329484
329487
329493
329496
329499
329504
329584
329586
329587
329596
329671
329672
329674
329676
329677
329680
329682
329684
329686
329694
329760
329761
329763
329766
329767
329771
329773
329774
329845
329846
329847
329850
329852
329858
329859
329860
329863
329931
329932
329934
329935
329938
329942
329943
329945
330012
330016
330021
330025
340573
340666
340667
340676
340767
340873
340875
340876
340881
340985
340987
340989
340990
340991
340993
340995
340997
341085
341094
341095
341096
341098
341099
341100
341101
341102
341103
341104
341106
341200
341201
341202
341203
341204
341205
341206
341208
341209
341210
341211
341212
341215
341216
341217
341218
341305
341309
341311
341314
341315
341316
341317
341318
341321
341322
341323
341326
341409
341410
341411
341415
341416
341417
341418
341419
341421
341425
341428
341430
341508
341510
341515
341516
341517
341519
341521
341522
341529
341613
341614
341615
341616
341617
341620
341622
341623
341626
341635
341712
341714
341715
341718
341719
341723
341724
341725
341816
341817
341821
341823
341826
341827
341833
341836
341916
341920
341921
341928
341931
341933
341939
342014
342015
342016
342017
342018
342021
342022
342029
342109
342110
342111
342112
342117
342119
342122
342125
342128
342205
342206
342207
342208
342219
342220
342221
342222
342227
342229
342230
342301
342302
342305
342306
342307
342310
342314
342319
342321
342388
342389
342393
342403
342404
342405
342406
342408
342477
342479
342483
342484
342492
342493
342494
342496
342562
342564
342568
342569
342572
342573
342578
342579
342584
342585
342648
342653
342654
342655
342662
342663
342664
342668
342735
342741
342743
342745
342747
342748
342756
342818
342820
342823
342825
342900
343649
353542
353543
353557
353558
353663
353767
353863
353871
353872
353985
353986
353987
354080
354083
354086
354087
354088
354090
354091
354092
354094
354095
354096
354097
354098
354100
354103
354201
354203
354204
354205
354206
354207
354208
354211
354212
354213
354214
354215
354304
354306
354308
354311
354314
354316
354317
354318
354319
354325
354330
354331
354406
354407
354408
354410
354411
354413
354414
354415
354416
354418
354419
354424
354432
354502
354505
354508
354510
354511
354512
354513
354514
354515
354516
354517
354519
354521
354526
354531
354597
354598
354602
354603
354604
354605
354606
354607
354608
354611
354612
354621
354626
354696
354697
354698
354699
354700
354701
354702
354707
354708
354709
354713
354797
354798
354801
354803
354804
354805
354806
354807
354810
354820
354821
354896
354901
354903
354904
354905
354909
354913
354914
354916
354917
354919
354999
355001
355002
355003
355004
355005
355006
355008
355011
355012
355014
355015
355016
355017
355018
355019
355021
355093
355094
355095
355096
355097
355098
355102
355103
355107
355109
355111
355112
355114
355115
355190
355193
355194
355195
355198
355202
355204
355208
355210
355290
355292
355294
355297
355298
355299
355303
355376
355379
355381
355385
355386
355390
355399
355467
355477
355479
355481
355483
355484
355557
355558
355560
355562
355571
355573
355574
355578
355649
355653
355658
355659
355661
355662
355663
355664
355665
355669
355738
355739
355743
355745
355747
355748
355749
355753
355825
355826
355834
355905
355906
366573
366585
366589
366703
366789
366801
366802
366803
366908
366909
366913
367000
367010
367018
367019
367021
367125
367126
367127
367129
367134
367135
367229
367234
367238
367239
367240
367241
367243
367244
367249
367250
367335
367338
367341
367349
367350
367351
367354
367355
367357
367361
367434
367436
367438
367445
367447
367449
367451
367453
367531
367533
367534
367537
367539
367540
367541
367542
367543
367545
367546
367547
367551
367554
367557
367640
367645
367647
367648
367649
367650
367651
367652
367664
367747
367749
367750
367751
367752
367754
367755
367756
367757
367758
367759
367760
367763
367770
367856
367858
367859
367861
367862
367864
367865
367866
367872
367876
367877
367878
367882
367958
367960
367961
367962
367963
367964
367965
367966
367970
367976
367980
367981
368059
368060
368061
368063
368064
368065
368067
368069
368070
368079
368080
368081
368083
368084
368159
368161
368162
368164
368166
368167
368168
368169
368171
368172
368174
368179
368181
368185
368260
368261
368262
368264
368270
368277
368278
368279
368281
368357
368360
368361
368364
368366
368367
368371
368373
368381
368447
368448
368449
368450
368451
368459
368460
368462
368466
368467
368472
368547
368550
368559
368560
368561
368564
368635
368636
368641
368647
368650
368656
368725
368726
368727
368731
368734
368736
368737
368738
368740
368813
368815
368816
368821
368822
368823
368824
368896
368899
368901
368903
368905
368907
368908
368909
368912
368976
368977
368979
369045
369801
379805
379812
379931
379934
380029
380037
380041
380138
380151
380153
380252
380261
380264
380265
380266
380375
380379
380380
380383
380479
380481
380482
380483
380484
380487
380489
380490
380581
380582
380583
380585
380586
380594
380595
380671
380677
380682
380683
380686
380688
380689
380692
380693
380780
380782
380784
380785
380790
380793
380794
380801
380806
380887
380888
380889
380890
380895
380899
380913
380994
380996
380997
380998
381000
381001
381012
381013
381093
381094
381095
381098
381099
381100
381104
381105
381115
381116
381118
381194
381196
381197
381198
381199
381200
381203
381204
381211
381216
381218
381220
381288
381291
381292
381293
381294
381295
381296
381297
381298
381299
381311
381312
381386
381387
381388
381389
381390
381392
381393
381395
381396
381397
381402
381404
381408
381409
381486
381490
381491
381492
381493
381495
381497
381498
381499
381500
381503
381504
381507
381582
381586
381587
381588
381589
381590
381591
381597
381601
381604
381606
381684
381690
381706
381776
381780
381782
381783
381788
381790
381869
381873
381875
381877
381878
381951
381955
381956
382023
382024
382028
382032
382033
382099
382100
382248
383012
392706
392946
393049
393051
393148
393154
393156
393268
393269
393276
393352
393371
393376
393382
393472
393475
393477
393485
393573
393574
393577
393579
393589
393677
393678
393679
393682
393690
393693
393769
393776
393784
393785
393791
393792
393794
393797
393798
393799
393880
393889
393890
393898
393902
393903
393906
393907
393985
393987
393995
393996
394007
394011
394013
394093
394097
394101
394105
394111
394112
394196
394199
394202
394209
394210
394213
394307
394381
394388
394392
394395
394396
394404
394483
394484
394486
394487
394488
394500
394576
394577
394578
394579
394581
394586
394594
394595
394670
394671
394672
394674
394678
394686
394687
394688
394763
394765
394776
394779
394783
394846
394857
394935
395005
395007
395020
395077
395081
395090
405621
405740
405841
406062
406266
406267
406477
406478
406575
406654
406655
406660
406674
406675
406676
406678
406754
406769
406775
406779
406781
406873
406880
406886
406892
406980
406989
407077
407080
407082
407083
407175
407177
407178
407181
407262
407277
407283
407351
407364
407368
407371
407372
407373
407375
407441
407443
407446
407448
407449
407457
407460
407462
407464
407535
407537
407541
407624
407628
407635
407639
407640
407708
407713
407777
407778
407789
407865
407868
407944
408027
408101
408106
408495
418789
418893
418895
418999
419000
419105
419106
419214
419215
419430
419530
419531
419532
419629
419720
419797
419825
419908
419911
419917
419921
420008
420011
420017
420107
420113
420195
420210
420214
420294
420298
420306
420308
420389
420390
420465
420472
420473
420477
420478
420481
420482
420536
420544
420551
420553
420554
420622
420623
420629
420665
420704
420708
420781
420945
421107
431880
431985
432090
432096
432199
432203
432310
432311
432523
432524
432638
432725
432738
432816
432838
432840
432911
432926
433010
433012
433031
433106
433111
433125
433204
433213
433216
433222
433306
433307
433397
433402
433479
433489
433490
433651
433656
433729
433738
433739
433824
433828
433976
434228
434398
434468
445242
445244
445351
445452
445453
445454
445661
445770
445772
445775
446181
446262
446269
446272
446278
446281
446365
446369
446370
446371
446372
446373
446451
446453
446458
446460
446464
446536
446537
446548
446549
446635
446636
446719
446804
446891
446893
446896
447056
447483
447566
447569
458169
458361
458465
458469
458470
458571
458575
458581
458674
458679
458680
458682
458785
458786
458790
458791
458793
458898
458996
459090
459207
459302
459312
459313
459403
459404
459405
459414
459415
459416
459503
459511
459512
459515
459600
459601
459602
459612
459691
459785
459786
459970
459971
460057
460059
460060
460139
460217
460223
460305
460491
460671
471458
471557
471558
471559
471560
471666
471667
471670
471770
471772
471773
471774
471882
471981
472069
472076
472077
472172
472173
472178
472180
472183
472184
472281
472293
472383
472387
472388
472392
472399
472489
472498
472499
472599
472687
472695
472696
472698
472699
472884
472966
473136
473219
473381
473385
473389
473390
473744
473829
484594
484693
484799
484800
484801
484906
484907
484909
484910
485011
485013
485113
485118
485124
485214
485215
485306
485308
485313
485317
485413
485414
485418
485419
485420
485421
485422
485429
485511
485515
485519
485521
485522
485524
485527
485620
485621
485625
485629
485631
485632
485706
485721
485722
485723
485998
486002
486005
486008
486086
486172
486174
486253
486260
486342
486589
486595
486676
486763
486764
486767
486949
487032
497893
497983
497986
498089
498090
498091
498187
498194
498195
498203
498289
498290
498291
498297
498385
498387
498392
498482
498488
498494
498496
498592
498598
498600
498601
498699
498701
498789
498793
498794
498882
498887
498888
498892
498984
498987
498988
499070
499259
499262
499264
499270
499346
499348
499349
499350
499352
499432
499438
499440
499514
499516
499517
499520
499522
499530
499601
499611
499690
499692
499701
500212
511198
511294
511386
511387
511391
511480
511482
511483
511671
511678
511773
511775
511786
511873
511878
511879
511973
511974
512071
512079
512167
512172
512176
512180
512274
512276
512346
512361
512440
512449
512523
512525
512526
512528
512532
512535
512541
512611
512612
512613
512615
512697
512699
512700
512701
512702
512703
512704
512709
512781
512784
512785
512786
512792
512796
512872
512873
512876
512884
512962
512963
513322
524156
524522
524616
524712
524714
524717
524810
524811
524813
524815
524913
524914
525022
525122
525216
525217
525224
525226
525316
525319
525417
525418
525428
525506
525507
525511
525512
525513
525516
525522
525598
525609
525612
525688
525703
525776
525866
525873
525874
525876
525880
525883
525966
525967
525968
525969
525970
525971
526046
526052
526054
526056
526057
526058
526065
526139
526143
526145
526149
526238
526512
526783
526859
537668
538124
538216
538221
538223
538226
538228
538326
538327
538330
538419
538422
538525
538526
538535
538633
538636
538735
538828
538829
538835
538837
538927
538928
538931
538932
539023
539027
539028
539029
539031
539032
539035
539130
539131
539134
539223
539224
539225
539226
539309
539316
539319
539400
539407
539409
539411
539413
539415
539418
539498
539502
539503
539504
539509
539510
539577
539581
539583
539584
539592
539670
539671
540124
551433
551611
551712
551809
551810
551811
551813
551909
551910
551911
551913
552007
552008
552109
552115
552214
552308
552309
552398
552399
552409
552502
552503
552601
552603
552699
552882
552883
552891
552968
552974
552983
553061
553062
553063
553153
553154
553240
553243
553244
553257
553329
553331
553332
553419
565231
565236
565315
565323
565408
565416
565418
565506
565510
565511
565514
565598
565604
565606
565608
565614
565715
565802
565803
565997
565998
566096
566103
566276
566370
566462
566471
566556
566558
566559
566639
566642
566647
566721
566723
566796
566803
566807
566885
566887
566953
566954
567209
578614
578703
578721
578816
578819
578821
578904
578909
578910
578915
578999
579000
579001
579002
579005
579006
579007
579008
579009
579093
579094
579095
579096
579097
579189
579190
579283
579287
579288
579293
579380
579471
579473
579567
579574
579662
579759
579842
579848
579930
579931
579934
580017
580018
580019
580021
580105
580106
580183
580203
580276
580364
580367
580442
580615
580695
580700
580711
592120
592140
592214
592312
592314
592333
592334
592335
592430
592432
592434
592512
592527
592529
592533
592534
592536
592622
592623
592628
592629
592719
592721
592725
592726
592805
592808
592809
592815
592898
592899
592985
592987
592989
593077
593078
593081
593168
593169
593254
593258
593260
593264
593265
593266
593347
593351
593352
593354
593430
593435
593439
593516
593526
593533
593702
593801
593891
593892
593895
593982
594066
594067
594151
605324
605870
605963
605984
606078
606079
606080
606155
606158
606168
606169
606170
606171
606174
606176
606177
606178
606252
606261
606265
606267
606271
606272
606273
606361
606363
606365
606366
606368
606449
606450
606529
606530
606531
606596
606608
606609
606699
606700
606702
606789
606879
606964
607050
607052
607136
607137
607138
607139
607227
607414
607512
607599
607604
607605
607614
607692
607694
607695
607699
619379
619472
619473
619572
619577
619664
619666
619671
619672
619757
619759
619761
619762
619766
619768
619771
619857
619863
619864
619953
619955
619957
619961
620022
620027
620033
620038
620126
620129
620214
620215
620216
620307
620310
620398
620400
620401
620592
620594
620673
620855
621219
621221
621307
621311
621317
621397
621402
621403
632606
632887
632979
632996
633080
633094
633177
633186
633188
633192
633285
633286
633287
633292
633372
633376
633378
633379
633386
633391
633466
633474
633475
633478
633559
633653
633747
633752
633839
633929
633932
633933
633935
634123
634124
634208
634298
634304
634377
634476
634972
646547
646555
646637
646651
646734
646751
646752
646762
646828
646832
646843
646849
646850
646851
646852
646937
646942
646946
646951
647024
647025
647031
647035
647036
647037
647115
647117
647118
647119
647121
647122
647195
647196
647209
647210
647297
647298
647303
647391
647482
647490
647766
647771
647854
647857
647939
659501
659776
659964
659970
659977
660055
660062
660068
660145
660150
660160
660163
660164
660243
660251
660252
660254
660256
660337
660343
660351
660353
660355
660356
660358
660359
660449
660450
660452
660453
660456
660537
660541
660542
660544
660547
660548
660549
660552
660554
660615
660618
660620
660623
660625
660627
660628
660700
660708
660712
660793
660975
661058
661059
661074
661145
661159
661237
661239
661241
661243
661245
661330
661670
661825
673198
673390
673398
673399
673475
673478
673479
673488
673562
673569
673572
673573
673649
673653
673656
673659
673662
673663
673670
673671
673748
673757
673762
673767
673769
673774
673779
673864
673869
673951
673960
673964
673966
674036
674051
674052
674125
674127
674189
674200
674209
674284
674364
674365
674368
674376
674447
674534
674535
674614
674711
674718
675047
686681
686767
686769
686953
686956
686958
686959
686963
687038
687040
687043
687045
687046
687047
687048
687049
687051
687052
687056
687128
687133
687134
687136
687137
687138
687139
687141
687142
687145
687147
687150
687152
687235
687237
687238
687240
687241
687242
687327
687329
687330
687331
687332
687337
687422
687423
687424
687426
687429
687512
687515
687519
687521
687591
687592
687594
687599
687605
687668
687671
687749
687752
687757
687758
687833
687836
687837
687847
687848
687921
687922
687924
687933
687934
688010
688114
688187
688197
688275
688285
688286
688456
688460
688554
700299
700479
700491
700566
700583
700584
700586
700587
700667
700675
700677
700679
700680
700764
700767
700768
700769
700774
700776
700777
700857
700859
700862
700863
700864
700866
700872
700943
700956
700957
700958
700960
700962
700968
701044
701049
701051
701053
701133
701134
701135
701179
701219
701220
701222
701306
701310
701311
701390
701394
701396
701480
701481
701482
701572
701577
701584
701658
701664
701758
701852
701854
701857
701861
701951
702129
713559
713725
713899
713915
713918
714007
714009
714010
714092
714103
714104
714107
714194
714198
714202
714204
714207
714209
714211
714212
714213
714290
714296
714305
714306
714308
714311
714312
714401
714405
714406
714415
714416
714417
714500
714505
714506
714507
714604
714606
714607
714701
714702
714703
714709
714796
714797
714798
714887
714888
714895
714978
714979
714980
715072
715073
715074
715163
715166
715168
715181
715258
715259
715360
715361
715458
715638
727094
727109
727188
727189
727190
727281
727285
727288
727289
727371
727380
727381
727383
727386
727387
727391
727485
727489
727490
727496
727587
727590
727591
727592
727595
727602
727694
727695
727696
727699
727701
727704
727785
727795
727796
727797
727799
727800
727802
727803
727895
727898
727900
727901
727902
727905
727906
727907
727909
727915
727996
727998
727999
728000
728004
728097
728098
728099
728101
728107
728192
728193
728194
728197
728283
728285
728374
728376
728467
728468
728469
728558
728570
728653
728844
728845
728846
728935
728938
728951
740417
740418
740510
740523
740524
740614
740630
740638
740720
740721
740744
740823
740827
740831
740833
740836
740837
740838
740839
740840
740842
740843
740845
740849
740937
740938
740940
740942
740945
741040
741045
741046
741047
741048
741049
741050
741053
741055
741060
741140
741146
741147
741149
741151
741152
741153
741246
741250
741251
741253
741255
741346
741347
741350
741351
741354
741442
741446
741447
741448
741451
741539
741541
741542
741629
741630
741631
741710
741712
741713
741803
741804
741821
741909
741995
741996
742089
742090
742099
742178
742179
753237
753241
753334
753336
753431
753435
753537
753638
753650
753656
753742
753849
753856
753866
753870
753872
753957
753960
753966
753967
753969
753970
753973
753975
753976
753978
754069
754070
754072
754074
754076
754077
754078
754084
754163
754166
754169
754170
754171
754172
754173
754174
754270
754271
754272
754273
754276
754277
754285
754370
754371
754374
754375
754376
754377
754381
754383
754384
754460
754461
754462
754480
754555
754556
754559
754560
754564
754644
754648
754649
754650
754739
754740
754832
754932
754934
755024
755027
755118
755120
755121
755125
766006
766100
766101
766105
766193
766194
766295
766296
766402
766505
766511
766512
766610
766617
766627
766711
766715
766716
766726
766733
766811
766813
766832
766915
766922
766925
766926
766932
766933
766938
767021
767023
767024
767025
767026
767032
767034
767036
767037
767119
767122
767125
767127
767128
767132
767136
767140
767220
767222
767224
767225
767226
767231
767233
767238
767318
767319
767329
767331
767339
767410
767413
767414
767415
767416
767418
767498
767499
767500
767502
767503
767506
767509
767586
767589
767592
767593
767595
767681
767682
767683
767685
767773
767774
767777
767781
767867
767868
767874
767961
767962
767964
767985
768058
768059
768143
768149
768310
778693
778794
778796
778894
778895
778898
778899
778900
778989
778991
778992
779082
779168
779170
779174
779253
779256
779257
779258
779261
779353
779354
779355
779357
779360
779364
779365
779366
779369
779463
779465
779471
779561
779562
779563
779565
779566
779656
779658
779659
779661
779664
779668
779673
779674
779755
779757
779758
779760
779761
779764
779769
779850
779852
779855
779856
779857
779858
779859
779865
779866
779938
779941
779942
779943
779944
779947
779949
779950
779958
780029
780031
780032
780035
780036
780049
780118
780119
780123
780124
780125
780126
780130
780131
780132
780208
780210
780211
780213
780214
780296
780297
780299
780301
780388
780389
780390
780392
780394
780396
780397
780481
780482
780483
780484
780487
780489
780573
780574
780575
780577
780594
780665
791150
791151
791153
791154
791265
791266
791267
791268
791269
791373
791374
791376
791379
791380
791382
791384
791482
791483
791485
791580
791581
791582
791676
791762
791764
791765
791852
791853
791854
791855
791866
791950
791951
791954
791955
791960
791965
792045
792046
792053
792054
792056
792059
792060
792141
792142
792148
792155
792231
792232
792235
792236
792238
792239
792241
792244
792245
792332
792334
792335
792336
792337
792338
792345
792427
792428
792430
792431
792432
792433
792435
792439
792442
792522
792523
792524
792526
792528
792529
792530
792534
792538
792615
792617
792618
792620
792621
792622
792626
792704
792706
792707
792709
792712
792714
792720
792721
792791
792792
792793
792799
792881
792884
792886
792888
792972
793134
793139
793222
803230
803452
803453
803454
803557
803560
803561
803562
803563
803565
803566
803664
803665
803668
803669
803671
803673
803768
803769
803772
803867
803879
803963
803969
804056
804057
804059
804069
804148
804149
804151
804153
804156
804160
804244
804245
804247
804248
804251
804336
804338
804340
804345
804429
804431
804433
804434
804436
804440
804441
804444
804529
804532
804533
804537
804541
804632
804638
804639
804641
804647
804731
804739
804744
804745
804821
804825
804826
804827
804828
804913
804917
804918
805003
805088
805340
805342
805427
805516
815228
815343
815436
815438
815439
815442
815542
815543
815544
815545
815546
815547
815645
815646
815647
815652
815653
815654
815656
815749
815751
815754
815755
815756
815855
815856
815953
815954
816043
816132
816133
816228
816231
816235
816329
816335
816429
816450
816522
816523
816525
816527
816621
816622
816623
816626
816629
816631
816715
816721
816723
816724
816809
816814
816897
816900
816901
816979
816984
817066
817141
817235
817237
817331
817430
817503
827095
827096
827097
827099
827195
827196
827197
827198
827199
827203
827296
827297
827300
827301
827311
827400
827508
827598
827602
827697
827784
827878
827879
827975
827981
828072
828073
828092
828171
828172
828175
828176
828180
828267
828269
828361
828540
828780
828781
828865
828954
829037
829041
829045
829126
829133
838459
838466
838552
838554
838555
838556
838557
838558
838559
838565
838652
838654
838656
838657
838663
838747
838753
838754
838755
838758
838850
838853
838944
838953
838957
839050
839149
839245
839254
839331
839338
839426
839518
839524
839608
839618
839699
839786
839873
839879
839955
840109
840115
840275
840439
849485
849574
849576
849577
849580
849581
849670
849674
849679
849772
849773
849774
849775
849778
849779
849780
849870
849874
849877
849878
849879
849880
849977
849981
850076
850077
850171
850173
850174
850175
850261
850262
850438
850439
850443
850444
850533
850539
850623
850628
850707
850714
850723
850883
850968
850970
850973
851056
851062
851219
851299
859655
859867
860354
860356
860359
860362
860448
860452
860541
860542
860543
860546
860547
860548
860632
860635
860638
860640
860641
860730
860735
860736
860737
860820
860827
860832
860916
860924
860925
860926
860996
861001
861002
861008
861090
861175
861177
861178
861179
861180
861266
861353
861355
861443
861719
861787
861790
861939
870835
870839
870930
870932
871016
871027
871128
871210
871214
871300
871489
871490
871556
871561
871563
871569
871570
871639
871734
871826
871894
871896
871976
871985
872075
872164
880001
880765
880768
881150
881164
881165
881238
881350
881352
881719
881790
881875
881957
882042
882044
882045
882052
882124
882210
890325
890871
891434
891617
891698
891701
891702
891776
891777
891781
891871
891949
892028
892103
899882
900150
900159
900336
900341
900798
900890
900977
901065
901143
901147
901149
901227
901237
901314
908780
908956
909116
909119
909211
909302
909479
909926
910092
910097
910111
910184
917241
917506
918263
918524
918686
919125
926425
927217
927623
934741
935594
942719
950105
950421
957688
