837760
838563
847501
847718
848687
848688
848804
848898
849489
858417
858430
858527
859019
859033
859105
859184
859271
859464
859465
859566
868825
868929
868943
869133
869341
869519
869614
869702
869781
869782
869783
869979
870560
879155
879159
879449
879465
879466
879554
879652
879654
879831
879917
880022
880492
880590
888495
888700
888795
888796
889079
889095
889189
889290
889397
889495
889563
889671
889682
889759
890144
890233
890908
897992
898010
898088
898181
898284
898381
898383
898484
898584
898680
898681
898773
898776
898885
899146
899360
899988
905977
906951
907045
907047
907049
907140
907146
907239
907241
907330
907332
907425
907427
907428
907432
907522
907523
907524
907532
907617
907629
907798
907891
908784
914996
915091
915194
915209
915288
915482
915676
915677
915773
915775
915784
915874
915878
915881
915898
915966
915967
915993
916063
916064
916066
916067
916068
916073
916077
916167
916178
916264
916267
916268
916269
916285
916451
916453
916470
916542
916644
916734
916829
917163
917343
923737
923835
924332
924419
924699
924792
924793
924801
924885
924886
924980
924982
924984
924992
925072
925155
925240
925257
925919
932322
932327
932526
932531
932803
932804
932884
932885
932887
932892
932893
932969
933148
933355
933421
933423
933515
933745
940896
940982
940989
941069
941070
941071
941146
941154
941233
941377
941549
941695
942743
948162
948444
948530
948535
948537
948623
948625
948699
948711
948784
948793
948796
948866
948874
948876
948877
948944
948948
948956
948957
949036
949044
949045
949166
949506
949570
949636
954748
955345
955960
956044
956153
956216
956291
956293
956357
956367
956381
956436
956494
956635
956992
957066
957148
962021
962157
962949
963025
963175
963196
963251
963261
963329
963341
963568
963704
963826
963971
964041
964053
969491
969494
969574
969753
969842
970071
970207
970280
970705
970960
971098
971362
976143
976280
976405
977025
977095
983491
983785
983790
990288
990290
990354
990440
990501
990504
990574
996748
996803
996873
996982
1.00315e+06
1.00328e+06
1.00328e+06
1.00333e+06
1.00334e+06
1.00344e+06
1.0035e+06
1.00355e+06
1.00361e+06
1.00926e+06
1.00969e+06
1.00973e+06
1.00987e+06
1.00988e+06
1.01553e+06
1.01588e+06
1.02164e+06
1.02737e+06
1.04237e+06
