12038
12076
12120
12122
15360
15361
15493
19088
19095
19142
23101
23192
23202
23242
23295
23299
23303
23310
23521
23526
23528
23703
23771
27516
27574
27635
27673
27686
27687
27736
28020
28143
28210
28269
28341
32495
32504
32558
32608
32622
32743
32744
33122
37491
37500
37538
37704
37901
37958
38029
38037
38039
38093
38094
38102
38104
38165
38168
38613
38624
43030
43140
43242
43348
43407
43469
43670
43678
43744
43749
43797
43801
43804
43810
43814
43873
43875
43939
44196
44337
44417
44422
49188
49359
49417
49544
49678
49737
49740
49746
49807
49870
49880
49944
49946
50016
50148
50215
50226
50449
50607
55709
55762
55818
55830
55835
55883
55948
55949
55954
56018
56020
56021
56029
56086
56088
56090
56151
56152
56159
56160
56161
56163
56168
56218
56221
56222
56226
56232
56233
56234
56295
56304
56305
56329
56730
56822
62190
62298
62360
62422
62492
62493
62557
62566
62625
62639
62693
62700
62701
62760
62762
62763
62764
62773
62833
62835
62837
62843
62902
62908
62911
62912
62915
62970
62982
62983
62984
62985
63055
63125
63131
63134
63492
63579
63583
63675
63749
63835
69210
69338
69457
69464
69465
69468
69522
69526
69529
69531
69596
69664
69667
69672
69813
69816
69817
69821
69887
69890
69893
69902
69963
69965
69967
69973
69974
70035
70037
70040
70042
70043
70044
70045
70112
70115
70118
70119
70200
70275
70277
70413
70426
70575
70651
70653
70739
76383
76825
76887
76893
76895
76947
76955
76960
77027
77028
77030
77104
77170
77245
77247
77248
77319
77325
77326
77328
77399
77404
77406
77476
77541
77546
77552
77622
77624
77629
77635
77636
77637
77706
77708
77711
77717
77791
77793
77870
78102
78182
78429
78434
84142
84144
84545
84614
84680
84744
84820
84953
84973
85032
85038
85108
85112
85114
85115
85120
85193
85194
85195
85202
85204
85267
85268
85273
85346
85420
85422
85427
85429
85495
85498
85502
85504
85505
85575
85577
85581
85585
85660
85665
85670
85746
85820
85902
86072
86073
92313
92450
92657
92732
92990
93063
93135
93220
93369
93376
93377
93378
93379
93380
93452
93455
93456
93457
93534
93538
93609
93612
93688
93692
93700
93767
93769
93772
93773
93779
93780
93850
93855
93861
93940
93942
93945
94120
94196
94197
94198
94279
94280
94281
94282
94369
94370
94373
94378
94464
100946
101094
101382
101386
101441
101443
101451
101520
101521
101585
101587
101594
101663
101667
101731
101816
101818
101887
101890
101974
101977
101978
101979
101980
102051
102055
102057
102065
102129
102130
102132
102135
102137
102208
102209
102286
102287
102291
102293
102370
102376
102381
102455
102459
102638
102726
102730
102802
102803
102804
102809
102895
102897
102902
102911
103182
109856
109859
109869
109933
110008
110226
110227
110228
110230
110290
110295
110296
110359
110362
110428
110493
110566
110635
110645
110725
110800
110801
110814
110879
110885
110886
110890
110957
110959
110963
110967
110968
110969
110971
111042
111047
111048
111049
111051
111123
111128
111129
111204
111207
111210
111212
111290
111292
111370
111375
111378
111380
111387
111452
111456
111461
111544
111547
111549
111572
111717
111718
118962
119035
119118
119192
119262
119266
119329
119402
119476
119478
119550
119551
119560
119627
119768
119771
119848
119850
119853
119930
119933
119936
120022
120033
120097
120098
120180
120184
120187
120190
120191
120194
120195
120269
120270
120271
120272
120282
120342
120344
120426
120428
120431
120504
120507
120509
120510
120511
120513
120523
120588
120594
120597
120598
120674
120680
120681
120767
120768
120771
120772
120773
120862
120863
120864
120868
120945
120958
128444
128523
128680
128837
128910
128915
128980
129064
129144
129149
129150
129217
129223
129306
129462
129558
129559
129640
129644
129647
129649
129728
129731
129732
129734
129736
129737
129739
129749
129815
129816
129820
129821
129822
129824
129825
129826
129827
129904
129905
129906
129907
129909
129911
129986
129991
129995
129999
130071
130074
130076
130077
130078
130079
130080
130081
130159
130160
130163
130165
130166
130170
130171
130247
130249
130250
130252
130253
130331
130334
130341
130362
138217
138364
138438
138514
138596
138673
138751
138756
138757
138831
138844
138914
139159
139245
139248
139251
139337
139338
139339
139340
139341
139343
139344
139427
139431
139432
139433
139434
139436
139437
139438
139439
139446
139449
139518
139519
139522
139523
139524
139525
139526
139530
139537
139612
139613
139614
139615
139616
139618
139620
139623
139634
139635
139704
139706
139707
139708
139709
139710
139724
139735
139798
139801
139803
139804
139808
139888
139890
139973
139980
139981
139982
139984
139985
140061
140067
140068
140069
148247
148326
148642
148907
148973
148981
148988
148991
149077
149149
149153
149155
149156
149173
149241
149243
149245
149247
149248
149254
149255
149335
149336
149337
149338
149339
149340
149346
149425
149426
149427
149428
149430
149431
149433
149434
149436
149515
149516
149519
149520
149521
149522
149523
149524
149525
149538
149612
149613
149614
149616
149617
149618
149619
149621
149635
149705
149707
149709
149725
149796
149797
149798
149799
149800
149887
149888
149890
149891
149975
149976
158442
158603
158618
158683
158685
158698
158765
158766
158778
158850
158851
158852
158854
158857
158936
158937
158938
158943
158950
159016
159017
159018
159019
159025
159026
159107
159116
159117
159119
159198
159219
159281
159285
159287
159304
159372
159373
159375
159377
159379
159466
159467
159468
159469
159470
159471
159473
159488
159559
159560
159561
159563
159564
159565
159567
159569
159652
159653
159654
159655
159656
159657
159659
159746
159747
159748
159749
159838
159840
159841
159926
159928
159929
160018
160019
160200
168769
168839
169079
169098
169180
169261
169411
169412
169414
169497
169499
169583
169587
169760
169762
169778
169793
169849
169851
169853
169854
169864
169868
169940
169943
169945
169946
170032
170033
170034
170035
170054
170125
170126
170127
170141
170215
170217
170220
170242
170304
170389
179359
179431
179701
179867
179874
179965
180032
180055
180106
180123
180129
180494
180684
180691
180779
180948
190539
191161
191638
192105
202528
202637
213793
214981
215201
225530
225531
225640
226461
226570
237385
237390
237497
238011
238434
249470
249471
249474
249574
