531130
544712
544797
544880
544961
558278
558362
558442
558455
558530
558535
558591
571737
571738
571822
571823
571825
571904
571985
571992
572061
572068
572140
572220
585244
585245
585335
585417
585418
585419
585500
585504
585578
585659
585744
585819
585820
585914
585997
598818
598820
598905
598906
598990
599076
599083
599165
599240
599241
599316
599317
599397
599400
599488
599575
599581
599664
599753
612404
612405
612407
612488
612489
612494
612495
612577
612666
612753
612755
612835
612836
612909
612988
613251
613339
613341
613429
613518
626080
626168
626249
626250
626334
626335
626419
626420
626421
626506
626512
626579
626580
626654
626737
627001
627089
627090
627091
627176
627179
627182
627266
627267
627269
639991
639993
640075
640076
640078
640158
640159
640231
640232
640309
640388
640389
640637
640814
640897
640901
640910
640982
640983
640986
653252
653486
653567
653648
653649
653728
653729
653731
653808
653812
653883
653892
653971
653973
654041
654121
654204
654293
654294
654367
654451
654453
654535
654619
655186
666956
667029
667194
667195
667197
667199
667277
667278
667351
667352
667424
667431
667501
667502
667577
667578
667655
667662
667735
667736
667816
667818
668078
680586
680589
680663
680666
680743
680744
680749
680820
680821
680829
680895
680896
680973
681038
681045
681110
681111
681186
681188
681255
681256
681333
681340
681421
694116
694188
694191
694267
694272
694345
694346
694348
694350
694424
694429
694495
694497
694707
694849
694853
694927
707633
707713
707791
707794
707797
707868
707943
708278
708347
708424
708425
721083
721793
