456324
482164
482490
495247
495340
495433
495434
495541
495645
495753
508482
508577
508674
508776
508777
508779
508878
508879
508981
508983
508985
509085
509086
521578
521677
521679
521776
521779
521783
521885
521886
521887
521895
521994
521996
522003
522100
522207
522210
522211
522312
522314
522319
522416
522417
535132
535226
535230
535233
535442
535443
535447
535553
535554
535665
535771
535772
535877
536182
536294
536403
536518
548703
548713
548804
548905
548909
548910
548917
549011
549019
549020
549023
549026
549129
549131
549132
549133
549235
549236
549237
549240
549348
549353
549455
549669
549772
549885
549886
549998
549999
550109
550113
550218
561899
562003
562112
562210
562212
562214
562305
562306
562308
562411
562412
562420
562521
562522
562523
562526
562635
562637
562638
562639
562744
562745
562746
562747
562749
562853
562854
562855
562856
562961
562962
562963
563281
563385
563386
563402
563403
563493
563602
563604
563605
563709
563826
563941
574652
575695
575797
575897
575899
575900
576007
576008
576009
576010
576016
576118
576119
576120
576122
576125
576126
576231
576232
576234
576244
576343
576345
576775
576776
576883
576891
576976
576987
576988
577318
577324
588812
588919
589138
589151
589235
589337
589441
589442
589443
589445
589548
589550
589551
589553
589554
589555
589658
589659
589660
589663
589664
589665
589666
589667
589774
589881
589897
589985
590007
590093
590419
590420
590423
590514
590520
590522
590524
590621
590623
590733
590734
590831
590842
590947
601893
602637
602738
602743
602944
603047
603157
603164
603263
603820
603927
603932
604037
604038
604041
604147
604252
604253
604258
604367
604368
604481
604595
604596
615442
615657
616085
616086
616088
616191
616192
616297
616405
616410
616505
617484
617588
617591
617593
617697
617912
618001
618021
618228
628117
628302
629849
630150
631118
631334
631424
631440
631527
631538
631548
631550
631636
631729
641255
641342
641431
641812
642932
643042
643151
643355
643461
644632
644732
645027
645028
645037
645125
645127
645142
645144
645225
645316
645414
655096
655195
655196
655295
655300
655396
655401
655498
655702
656610
656614
656715
656813
656816
656817
658362
658446
658447
658738
658740
658741
658755
658844
668180
668561
668564
668655
668658
668661
668752
668855
668858
669070
669659
669762
669969
670065
670067
670163
670164
670165
670166
670264
670265
670266
670267
671964
672077
672170
672179
672180
672181
672270
672280
672281
672282
672381
672382
672483
681884
682088
682178
682185
682274
682278
682280
682285
682379
682384
682871
683459
683551
683552
683554
683650
683651
683753
685359
685690
685794
685801
685889
685892
685900
694936
695487
695489
695494
695496
695584
695590
695687
695779
696171
696269
696363
696455
696551
696554
696651
696652
696654
696755
696756
696766
696858
696866
696958
697058
697154
698005
699340
699342
699435
699437
708980
709258
709647
709744
709831
709926
709927
710024
710025
710422
710521
710622
710626
711142
711453
711792
712568
712688
712689
712785
712787
712788
712789
712791
712807
712808
721888
721974
722250
722340
722513
722517
722520
722526
722995
723086
723176
723277
723375
723376
723479
723682
723985
724096
724421
724529
724747
724750
726159
726164
726165
726262
735426
735510
735512
735516
736465
736568
737185
737186
737189
737295
737861
737956
738092
739102
739291
739384
739385
748455
748637
749108
749792
749797
749895
750000
750105
750114
750216
750880
750889
751104
751219
752279
762546
762653
762758
762860
762965
763534
763869
763870
763978
763984
763986
774500
776568
776680
786472
786474
786560
788378
789142
798570
798743
800402
812984
823025
823124
823313
823592
833793
834162
855357
855429
855482
855807
856375
876509
877644
885893
