30881
30884
30896
31081
31082
36051
36065
36116
36127
41681
41915
42366
42526
53814
53835
53836
53950
54091
54448
54647
60475
60493
60544
60763
60767
60804
61178
61179
67477
67494
67530
67543
67604
67659
67713
67732
67736
67737
67757
67759
67907
68161
68280
69147
74823
74893
74977
75055
75058
75093
75114
75135
75146
75162
75180
75182
75200
75214
75219
75247
75249
75294
75388
75426
75526
82474
82522
82548
82609
82680
82707
82737
82743
82745
82748
82749
82781
82819
82853
82876
82893
82897
82898
82922
82923
82926
82966
82970
82976
82988
83036
83038
83085
83086
83088
83184
83316
83553
90494
90522
90548
90577
90582
90826
90849
90854
90887
90891
90924
90969
91002
91012
91148
91207
91254
91305
91320
91448
99049
99074
99148
99184
99251
99279
99361
99393
99396
99438
99439
99478
99480
99519
99567
99575
99781
100091
100221
107921
107957
107958
107959
107998
108036
108069
108112
108160
108162
108200
108240
108284
108288
108325
108326
108328
108335
108375
108377
108428
108541
116992
117032
117150
117191
117288
117329
117370
117404
117412
117413
117414
117419
117426
117466
117515
117674
117784
117785
126396
126514
126729
126775
126777
126788
126832
126833
126837
126885
128028
136362
136404
136509
136513
136565
136621
136622
137634
145887
146160
146264
146321
146327
146483
146539
146540
146548
146604
146784
155897
156604
156664
156781
156894
156957
166394
166594
166943
166945
167004
167568
168018
177003
177098
177570
177576
177628
177683
178768
187881
187927
187942
188110
188149
188150
188341
188381
188512
188783
199070
199127
199182
199240
199300
199548
199615
199691
199826
210484
210605
210669
210941
211002
211003
211141
222067
222103
222254
222381
222457
222607
223002
223058
223089
223166
223167
223182
223342
223343
234246
234247
234401
234471
234902
234974
235065
235070
235076
235159
235251
235253
235254
235255
235337
246130
246364
246437
246588
246675
246957
247012
247013
247104
247121
247125
247210
247211
247214
247220
247221
247222
247303
247389
247533
247653
247733
247741
258533
258612
258689
258695
258773
258847
258933
259288
259289
259290
259307
259378
259383
259388
259452
259475
259720
260010
270993
271374
271491
271546
271547
271636
271649
271650
271651
271723
271741
271834
271900
271920
272175
272264
283382
283569
283958
284071
284126
284136
284138
284142
284302
284319
284392
284402
284408
295490
296506
296507
296584
296589
296590
296671
296672
296673
296674
296675
296747
296766
296842
296843
296919
297004
297009
297092
297097
297358
308718
309077
309162
309164
309165
309252
309253
309255
309256
309270
309337
309357
309440
309453
309515
309522
309523
309525
309527
309592
309607
309609
309611
309688
309689
309699
309762
309779
309869
309872
310142
310236
310242
321080
321892
321911
321917
321977
321979
321985
322072
322074
322077
322080
322089
322158
322159
322170
322251
322259
322341
322427
322431
322514
322515
322692
322699
322786
322984
334597
334675
334763
334851
334852
334856
334922
334929
335014
335016
335026
335040
335125
335215
335219
335394
335401
335580
335581
335582
335589
335686
335784
346917
347007
347194
347480
347566
347568
347570
347654
347656
347657
347659
347742
347743
347744
347745
347746
347750
347911
347917
347925
347926
347927
348004
348007
348021
348022
348023
348038
348119
348121
348125
348216
348221
348325
348383
348506
348702
348896
349007
360195
360645
360658
360733
360736
360738
360825
360827
360828
360829
360830
360833
360921
360922
360923
360998
361016
361017
361018
361019
361020
361024
361093
361094
361095
361096
361097
361108
361111
361112
361191
361203
361208
361210
361287
361295
361297
361302
361306
361404
361405
361415
361595
361966
361987
373380
373547
373656
373819
373836
373838
373910
373930
373931
373933
374020
374116
374123
374209
374210
374286
374287
374289
374303
374307
374312
374398
374401
374484
374494
374495
374504
374507
374594
374595
374604
374692
374783
374876
386673
386851
386861
386949
387047
387122
387218
387313
387314
387320
387398
387403
387412
387413
387488
387492
387493
387495
387498
387499
387500
387502
387504
387505
387594
387595
387611
387705
387807
399887
400079
400173
400259
400260
400355
400356
400445
400446
400447
400449
400460
400532
400539
400540
400541
400549
400632
400633
400634
400636
400645
400934
401187
412584
412590
412770
412938
412960
413037
413246
413341
413433
413442
413517
413521
413522
413523
413533
413615
413707
413709
413710
413713
413894
413981
425290
425291
425292
425382
425907
425909
426001
426002
426097
426109
426117
426210
426217
426286
426312
426398
426399
426572
426578
426579
426581
426582
426590
426666
426667
426670
426678
426756
426848
426933
426936
426948
427026
427033
427107
427116
427130
427200
438218
438389
438393
438480
438485
438762
439102
439103
439211
439290
439309
439504
439586
439588
439591
439682
439683
439858
439860
439865
439945
440024
440025
440035
440126
440195
451312
451385
451386
451387
451477
451567
451568
451569
451571
451759
452019
452021
452022
452037
452100
452109
452191
452269
452273
452364
452751
452752
452753
452828
452927
453013
453014
453015
453097
453098
453181
453189
453196
453373
464255
464419
464505
464597
464603
464687
464688
464690
464877
464960
465140
465148
465215
465226
465230
465299
465302
465312
465332
465391
465401
465576
465686
465865
465866
465951
465954
465960
466039
466056
466208
466209
466386
477520
477870
477959
477961
477962
477966
478048
478051
478140
478142
478143
478220
478308
478556
478929
479107
479195
479206
479366
479391
479452
479460
479461
479553
479636
479638
479718
491200
491370
491371
491374
491378
491462
492116
492120
492471
492472
492727
492830
492905
492907
492908
504797
504798
504801
504884
504971
505835
506001
506005
506006
517951
518122
518200
518202
518203
518205
518291
518297
518799
519324
519414
519416
519503
519505
519589
531568
531733
531823
532236
532581
532757
532758
532933
532934
532937
545138
545392
545400
545475
546232
546235
546320
546482
559547
559626
559708
559713
559797
559802
559962
560054
572575
572997
573794
586354
586526
600207
613954
614374
627367
627615
