15652
19148
23598
28030
38226
38287
38694
43932
44062
50009
56089
56446
70198
70748
77099
84079
84080
84215
84417
85833
86101
92388
92524
92589
92596
92662
92665
92671
92736
92791
92816
92935
100733
100882
100883
100955
100956
100957
100967
101031
101035
101098
101099
101167
101168
101178
101244
101246
101250
101315
101317
101318
101320
101326
101389
101390
101393
101666
102213
109714
109715
109783
109787
109789
109790
109793
109858
109867
109873
109943
109944
109949
110010
110014
110015
110016
110088
110089
110091
110157
110158
110159
110161
110165
110231
110232
110294
110642
111635
118815
118890
118891
118892
118893
118963
118964
118965
118966
118967
118968
118969
118977
118978
119036
119037
119040
119043
119044
119045
119046
119047
119048
119049
119086
119120
119122
119123
119124
119125
119126
119127
119128
119129
119131
119195
119196
119197
119198
119199
119201
119202
119203
119210
119221
119267
119269
119270
119271
119272
119273
119275
119279
119334
119336
119337
119338
119339
119341
119343
119344
119345
119351
119409
119410
119412
119413
119416
119483
119489
120093
120113
120434
120766
120861
128220
128290
128291
128294
128296
128297
128301
128302
128367
128369
128370
128372
128374
128375
128376
128380
128384
128386
128445
128447
128448
128450
128451
128452
128453
128454
128455
128456
128457
128458
128459
128465
128526
128527
128528
128529
128532
128533
128534
128536
128537
128538
128540
128542
128547
128607
128609
128610
128611
128612
128613
128614
128616
128617
128618
128620
128622
128684
128685
128686
128687
128688
128689
128690
128691
128692
128693
128696
128697
128760
128761
128762
128763
128764
128765
128766
128768
128769
128782
128835
128836
128839
128840
128842
128843
128844
128845
128851
128914
128916
128917
128920
128923
128999
129302
129384
130246
130337
137904
137979
137982
138051
138052
138054
138056
138057
138058
138059
138061
138073
138085
138133
138134
138136
138137
138139
138140
138141
138142
138144
138146
138210
138211
138214
138215
138219
138222
138223
138224
138288
138289
138290
138292
138293
138295
138296
138297
138298
138299
138300
138301
138303
138365
138367
138368
138370
138372
138373
138375
138376
138377
138379
138384
138440
138441
138442
138443
138444
138447
138450
138451
138452
138454
138461
138516
138518
138519
138524
138529
138599
138600
138601
138606
138607
138612
138676
138839
139978
140066
147942
147943
147947
148013
148015
148023
148097
148103
148105
148106
148107
148113
148116
148168
148172
148178
148181
148184
148249
148250
148251
148258
148262
148263
148264
148327
148328
148329
148330
148337
148405
148407
148408
148409
148485
148487
148564
148566
148567
148569
148648
148732
148733
149795
158217
158230
158296
158297
158372
158373
158375
158445
158446
158447
158449
158525
158528
158529
158538
158608
158609
158610
158613
158687
158689
158694
158769
158770
158782
158858
158944
159836
159925
159927
168684
168761
168762
168768
168831
168832
168833
168834
168911
168912
168913
168914
168915
168998
168999
169001
169005
169006
169083
169084
169085
169086
169087
169168
169169
169170
169171
169172
169178
169249
169250
169251
169252
169360
169403
169942
170030
170123
170124
170129
170213
170302
179350
179351
179422
179424
179508
179509
179515
179597
179600
179607
179691
179692
179699
179700
179780
179781
179782
179783
179870
179871
179872
179952
179953
179955
180035
180042
180047
180109
180110
180118
180200
180201
180293
180295
180384
180385
180478
180479
180480
180572
180574
180576
180667
180668
180673
180761
180764
180771
180860
190256
190257
190339
190340
190342
190431
190433
190523
190524
190612
190704
190705
190797
190799
190884
190885
190887
190964
190966
190978
191045
191047
191142
191143
191234
191326
191329
191427
191525
201683
202054
202133
202614
225422
225423
