80383
104855
113431
113534
113814
113906
113907
114543
114895
122197
122382
122470
122666
122767
122770
123047
123049
123131
123761
131956
131963
131964
132164
132165
132464
132553
132921
133293
141701
141705
141910
141912
142015
142019
142020
142116
142303
142387
142388
143057
143228
143234
151824
151926
151938
151939
152045
152141
152226
152312
152313
152320
152328
152412
152417
152617
152620
152995
161838
161939
161940
161941
162149
162157
162158
162256
162339
162342
162348
162429
162430
162431
162440
162441
162529
162537
162545
162756
162757
162848
172327
172439
172549
172641
172645
172738
172746
172825
172832
172936
173423
173512
182616
182917
183017
183121
183416
183515
183517
183623
183629
183735
193531
193635
194042
194043
194244
194340
194348
194350
194454
194654
195032
204864
204963
205278
205280
205285
205393
205499
205500
205597
205607
205609
205610
205706
216155
216360
216361
216464
216672
216673
216775
216776
216883
216894
216993
217302
227528
227631
227740
227832
227842
228051
228057
228159
228163
228270
228271
228274
228275
228289
228391
228509
228605
228619
228822
239191
239829
239834
239940
240050
240051
240053
240055
240177
240402
240497
240515
240728
251833
251841
251941
252053
252159
252164
252165
252166
252167
252275
252501
252613
263931
263937
264024
264025
264027
264028
264126
264129
264132
264253
264364
264481
264584
264593
264695
264917
276064
276176
276178
276288
276291
276292
276293
276398
276400
276404
276405
276520
276624
276741
276865
276867
277283
277376
288784
288893
288894
288896
289006
289110
289112
289134
289219
289333
289336
289452
289551
289644
301437
301525
301550
301638
301642
301643
301644
301648
301660
301752
301775
301862
301875
301977
314170
314280
314384
314506
314507
314614
314625
327008
339796
352788
