428157
428159
428254
440877
441065
441160
441255
441256
441360
441362
441463
441470
441574
453952
454141
454239
454342
454343
454446
454448
467074
467165
467261
467361
467368
467470
467478
467573
467576
467683
479756
479851
479945
480037
480136
480231
480234
480329
480331
480417
480431
480529
480635
480636
480742
493124
493218
493222
493496
493706
493808
493912
493913
494018
506486
506578
506658
506751
506851
506872
506972
507075
507173
507174
507275
519628
519803
520296
559978
573276
587242
614143
667844
681362
