364217
364332
364340
364436
377350
377352
377356
377453
377456
377457
377555
389893
389993
390195
390200
390293
390297
390397
390497
390498
390500
390597
390600
390700
390704
390803
390813
402944
403141
403142
403152
403241
403242
403255
403342
403343
403344
403443
403444
403537
403627
403629
403728
403827
415981
416181
416187
416189
416280
416282
416289
416375
416376
416476
416485
416657
428623
429051
429150
429360
429365
429367
429375
429376
429470
429564
429658
429750
429823
442501
442503
442616
442632
442719
442723
442908
442980
455811
468588
468781
468860
469112
481976
495320
508004
521567
534726
534811
535008
535010
588276
