20223
20275
20325
24186
24406
24462
28653
28658
28721
28727
28785
28906
28964
33629
33705
33710
33971
38943
39024
39028
39029
39105
39108
39182
39248
39316
39318
39319
39386
44450
44776
44779
44782
44861
44929
44933
44935
45076
45077
45211
50481
50889
50890
50896
51051
51125
51130
51192
51262
56771
56853
57263
57348
57426
57509
57586
57588
57589
57590
57662
57733
63705
63957
63958
64119
64198
64204
64280
64286
64363
64365
70697
70783
70785
70786
70868
71119
71121
71201
71381
71467
71539
71541
71542
71550
71625
71628
71857
78142
78227
78232
78307
78389
78476
78478
78565
78566
78821
78911
78997
78998
79085
79092
79185
79263
86118
86369
86455
86542
86632
86634
86638
86719
86725
86901
86996
86999
87084
87087
94327
94421
94423
94506
94514
94596
94598
94693
94777
94780
94781
94789
94870
94871
94876
94960
95051
95053
95238
95239
95329
95330
103039
103045
103046
103133
103138
103228
103229
103231
103321
103420
103422
103516
103606
103697
103880
103881
111963
111964
112056
112144
112146
112147
112239
112240
112241
112242
112243
112337
112338
112339
112340
112430
112435
112436
112529
112806
112807
113094
121094
121187
121189
121281
121284
121294
121375
121376
121379
121387
121468
121470
121471
121472
121473
121563
121565
121568
121658
121659
121668
121753
121846
121937
122033
122131
122135
130764
130769
130856
130858
130862
130863
130951
130953
130954
130955
131048
131049
131144
131238
131240
131333
131425
131427
131523
131802
140387
140487
140494
140580
140582
140583
140677
140678
140679
140680
140681
140785
140868
140965
140966
141061
141062
141156
141157
141163
141251
141253
141349
141350
150299
150489
150490
150491
150577
150587
150593
150595
150686
150781
150878
150973
150974
151003
151069
151169
151170
151176
160422
160606
160708
160795
160798
160896
160898
160995
161094
161096
161101
161191
161194
161196
161289
161291
170616
170806
170899
170900
171083
171085
171181
171279
171280
171385
171387
171487
171488
171489
171589
171590
181371
181466
181557
181565
181648
181649
181844
181948
181956
182056
182059
182164
182165
182267
192528
192625
192734
192837
192946
