364219
376532
376843
376938
377247
377249
377253
388998
389003
389013
389101
389699
390102
390194
390299
390398
390402
390699
401646
401725
401728
401729
401812
401814
401817
401899
401902
401977
402078
402360
402361
402362
402458
402460
402461
402462
402464
402465
402560
402661
402679
403046
414510
414589
414676
414857
414935
415020
415030
415108
415113
415114
415201
415202
415203
415205
415296
415298
415303
415304
415393
415394
415396
415397
415417
415492
415493
415494
415495
416081
416183
416656
427374
427560
427652
427653
427654
427655
427741
427743
427752
427831
427835
427836
428010
428012
428015
428019
428107
428108
428109
428114
428116
428122
428205
428207
428208
428209
428210
428304
428306
428307
428308
428309
428407
428408
428411
428512
428515
428516
428518
428519
428521
428624
428627
428630
428635
428729
429046
429748
440644
440645
440732
440736
440737
440738
440740
440831
440832
440925
440927
441021
441109
441114
441207
441209
441212
441214
441311
441312
441317
441418
441419
441420
441423
441526
441529
441532
441535
441635
441637
441639
441642
441745
441749
441752
441755
441864
441865
442176
442394
442610
453719
453812
453813
453906
453909
454000
454011
454089
454091
454092
454100
454185
454187
454189
454190
454191
454289
454291
454298
454300
454304
454395
454396
454398
454399
454415
454510
454614
454724
454832
454833
454834
454948
454949
455163
455269
455369
455691
455987
456137
466554
466566
466641
466925
467020
467021
467025
467115
467116
467117
467120
467218
467219
467225
467316
467317
467318
467324
467327
467420
467421
467423
467428
467432
467527
467530
467630
467633
467740
467743
467852
467961
467962
468068
468071
468177
468279
468387
479439
479711
479714
479801
479812
479894
479998
480086
480092
480190
480284
480285
480586
480690
480692
480797
480799
480904
480908
481013
481014
481125
481226
481228
481229
481333
481334
481336
481444
481537
482250
492713
492895
492983
493072
493273
493368
493369
493467
493773
493970
494285
494286
494288
494390
494391
494392
494394
494498
494501
494502
494503
494602
494704
494788
495328
506261
506632
506729
506738
506827
506928
507037
507533
507625
507626
507632
507633
507720
507721
508093
508190
519396
519576
519597
519598
519755
519782
519847
519870
519956
519966
519979
520055
520056
520165
520262
520263
520361
520751
520846
520848
520849
520938
520942
520945
521031
521291
532939
533009
533011
533026
533312
533397
533494
533502
533506
533512
533594
533598
533599
533600
533603
533604
533605
533606
533707
533711
533810
533819
533989
534085
534267
534269
534361
546493
546563
546852
546859
546952
546954
546956
546958
546959
546960
547048
547053
547057
547156
547159
547258
547333
547456
547614
547707
548369
548371
548475
548579
559795
559867
560337
560436
560437
560445
560529
560530
560532
560533
560535
560536
560624
560729
560828
560833
560917
561080
561081
561082
561092
573243
573324
573337
573348
573515
573707
573776
573790
573885
573890
573892
573894
573980
573982
573987
574176
574272
574281
574348
574349
574455
574550
586713
586795
586869
586884
586885
586967
587130
587145
587238
587324
587421
587425
587607
587692
587787
587889
589330
600455
600471
600554
600638
600724
601008
601097
601184
601288
601292
602725
614026
614288
614563
614658
614659
614752
614756
614942
655184
656496
