383459
396447
421976
422150
461379
474439
501277
621906
622061
648574
648575
661999
675546
675778
688725
688982
689059
689116
689120
689126
689129
689130
689132
689195
689198
689200
689201
689204
689205
689206
689207
689216
689278
689280
689281
689287
689695
702575
702578
702649
702652
702655
702657
702658
702659
702660
702661
702671
702673
702736
702737
702738
702746
702750
702839
703007
715999
716005
716006
716007
716008
716094
716095
716096
716097
716098
716101
716102
716172
716175
716177
716179
716180
716185
716188
716264
716683
729123
729389
729393
729468
729471
729474
729475
729477
729478
729549
729552
729553
729557
729558
729639
729642
729643
729644
729647
729728
729804
730333
730478
742623
742711
742801
742808
742809
742810
742820
742884
742892
742893
742894
742897
742898
742908
742981
742982
742983
742984
742985
743070
743071
743075
743079
743761
755634
755636
755721
755726
755811
755817
755819
755902
755903
755904
755905
755906
755918
755983
755984
755985
755986
755987
756063
756070
756086
756237
756242
756415
756482
756558
756635
756713
756858
768311
768653
768739
768740
768742
768743
768827
768828
768829
768830
768845
768914
768924
768933
769087
769089
769167
769168
769169
769247
769410
781080
781336
781426
781518
781593
793463
794061
794066
794067
794068
794144
805679
805928
806013
806099
806181
806186
806263
806414
817972
840598
872237
910760
919545
