333970
346686
359775
372892
373414
373417
373502
412208
424908
425225
425312
437994
437995
464111
491294
491314
491576
491577
491655
491656
491657
491734
491735
504009
504100
504670
504912
504915
504996
504997
504999
505083
505084
505085
505165
505247
517956
518051
518146
518314
518317
518319
518401
518402
518403
518404
518405
518486
518488
518489
518650
531757
531761
531842
531844
531845
531922
531923
532087
532094
532168
545409
545417
545502
545822
558874
558963
558965
558968
559214
572425
572426
572427
572428
584846
585940
585946
599519
599521
