8538
14317
14331
14409
17888
17947
17953
17981
18033
18034
18598
21842
21845
21853
21861
21868
21869
21880
21881
21884
22730
23043
26150
26154
26155
26160
26163
26164
26165
26166
26167
26168
26180
26190
26191
26202
26214
26219
26232
26253
27134
30839
30855
30857
30860
30875
30878
30889
30911
30914
30915
30917
30932
30942
30955
30965
31080
31243
31275
31279
31316
31961
32017
36006
36019
36021
36029
36047
36058
36066
36084
36090
36109
36139
36169
36221
36277
37097
37122
37271
37325
41583
41585
41597
41598
41690
41698
41793
41937
42220
42680
42682
42694
42736
42966
43345
47548
47551
47571
47611
47639
47704
47883
47885
47912
48333
48670
48791
49133
49134
49410
53869
53870
53877
53993
53998
53999
54095
54242
54494
54546
54594
54754
55110
55472
55750
60521
60523
60538
60573
60593
60656
61126
61295
61337
61817
61939
62069
62183
62185
62688
67574
67583
67607
67608
67632
67687
67761
67763
67984
68339
68349
68631
69020
69148
69331
74890
74914
74946
75068
75141
75202
75235
75379
75866
75926
76512
76619
82610
82686
82845
82881
82895
83123
83125
83217
83265
83666
83726
83799
84539
84540
90705
90916
90925
90928
91140
91260
91447
91452
91496
91934
92718
93374
99115
99152
99154
99219
99252
99313
99324
99400
99472
99483
99522
99713
99819
99976
100035
100417
100490
101081
107859
107895
108075
108108
108196
108237
108272
108283
108318
108649
108751
108911
108964
109031
109174
109248
109387
109537
109993
110145
110146
117157
117238
117243
117282
117356
117363
117403
117410
117469
117552
117902
117959
117969
118125
118192
118264
126328
126364
126409
126481
126482
126484
126560
126641
126659
126682
126732
126888
126978
126979
127214
127276
127339
127577
127949
128750
135941
136013
136051
136090
136259
136403
136450
136452
136453
136454
136619
137211
137274
137494
138351
145930
146018
146064
146108
146158
146170
146215
146344
146373
146377
146535
146716
146835
147228
147301
147459
147528
147610
155942
155943
155985
156028
156069
156071
156116
156267
156314
156335
156372
156381
156555
156557
156558
156609
156613
156614
156615
156657
156663
157007
157277
157349
157422
157576
157652
157659
166298
166348
166395
166437
166489
166491
166595
166706
166882
166884
167056
167162
167232
167641
167715
167805
167867
167943
177060
177154
177282
177331
177621
177622
177748
177807
178301
178372
187978
188268
188384
188444
188589
188920
189142
189216
199625
199751
199756
199819
199889
200423
200898
210540
210541
210722
211439
211519
211598
212274
212351
212676
212677
223001
223144
223232
223498
223667
223795
224165
233882
233946
234875
234978
235047
235226
235399
235484
235510
235574
235594
235598
235810
246050
246213
246282
246748
246922
247192
247194
247278
247301
247305
247385
247447
247473
247477
247559
247566
247629
247646
247647
247718
247738
259012
259097
259099
259184
259186
259362
259363
259381
259384
259395
259451
259474
259477
259479
259565
259567
259668
259745
259836
259843
259904
259927
259993
260003
270724
270894
270980
271061
271141
271142
271241
271295
271296
271373
271459
271553
271634
271724
271726
271728
271743
271744
271809
271820
271833
271835
271836
271845
271922
271924
271927
271928
271989
272014
272019
272021
272356
272619
283467
283567
283632
283712
283715
283794
283803
283874
283888
284043
284125
284220
284227
284230
284235
284301
284314
284317
284407
284474
284570
284658
284838
295906
295986
296072
296155
296245
296331
296333
296345
296505
296593
296664
296679
296745
296755
296756
296757
296759
296763
296824
296826
296830
296838
296907
296917
296987
297002
297003
297078
297167
297184
297359
297360
297430
297538
297744
308277
308444
308531
308625
308806
308895
308986
309085
309091
309163
309249
309251
309258
309259
309261
309334
309341
309346
309349
309359
309422
309425
309509
309850
309944
310030
310053
310221
310318
320917
321259
321262
321365
321628
321716
321803
321806
321819
321888
321976
321983
321984
321986
321987
322002
322062
322063
322073
322078
322084
322087
322148
322149
322166
322167
322174
322256
322320
322344
322405
322420
322424
322495
322615
322772
322784
322865
322868
333758
334202
334299
334475
334564
334652
334743
334748
334767
334775
334830
334831
334849
334920
334921
334925
334926
334936
334937
335006
335008
335027
335028
335029
335039
335101
335102
335127
335286
335308
335309
335392
335487
335489
335492
335566
335764
347008
347192
347483
347544
347632
347643
347723
347817
347819
347839
347908
347910
347928
348001
348006
348008
348100
348103
348120
348132
348196
348206
348219
348296
348308
348320
348407
348483
348498
348500
348505
348594
348601
348680
348681
348879
348978
360366
360643
360809
360810
360911
360920
360994
360996
361090
361091
361109
361189
361192
361193
361194
361209
361212
361214
361288
361298
361305
361311
361313
361398
361493
361497
361507
361578
361591
361592
361672
361772
362068
362165
373472
373568
373579
373647
373672
373841
373926
374003
374019
374022
374023
374027
374094
374122
374188
374211
374214
374224
374288
374296
374297
374299
374310
374314
374385
374388
374390
374392
374405
374410
374414
374496
374498
374499
374501
374506
374508
374509
374596
374606
374682
374771
374871
375056
375156
375161
386601
386758
386764
386770
386783
386838
386945
386950
386956
387033
387034
387035
387105
387123
387127
387197
387217
387219
387229
387291
387293
387294
387309
387310
387321
387387
387394
387395
387402
387407
387408
387409
387410
387485
387489
387490
387491
387501
387503
387506
387507
387509
387510
387585
387586
387587
387588
387589
387590
387591
387592
387601
387603
387606
387607
387682
387684
387696
387698
387708
387780
387781
387784
387785
387871
387872
387963
387964
388065
388153
388154
388438
388443
399695
399791
399792
399800
399870
399885
399886
399888
399958
399975
399976
399982
399990
400048
400056
400068
400071
400072
400144
400150
400166
400248
400261
400262
400335
400336
400358
400360
400362
400427
400429
400431
400432
400434
400444
400450
400459
400528
400529
400530
400531
400536
400537
400545
400546
400548
400550
400551
400552
400555
400556
400627
400628
400629
400635
400637
400638
400639
400640
400647
400648
400652
400725
400726
400728
400729
400731
400732
400733
400734
400735
400737
400738
400739
400821
400822
400824
400827
400842
400843
400844
400915
401004
401005
401006
401007
401008
401013
401093
401095
401098
401272
412358
412583
412769
412863
412864
412961
412963
412972
413056
413058
413151
413152
413159
413229
413234
413245
413247
413252
413321
413323
413338
413339
413340
413417
413419
413432
413436
413440
413508
413509
413510
413514
413518
413520
413527
413532
413604
413605
413606
413607
413616
413617
413620
413621
413622
413623
413624
413630
413701
413702
413703
413704
413706
413711
413712
413715
413721
413722
413723
413731
413793
413794
413798
413799
413800
413801
413802
413804
413806
413811
413885
413889
413890
413891
413892
413893
413895
413896
413999
414066
414069
414070
414071
414077
414083
414085
414152
414154
414158
414166
425736
425753
425815
425832
425837
425841
425929
425931
426022
426024
426025
426028
426101
426102
426119
426124
426193
426213
426287
426288
426299
426301
426305
426307
426381
426383
426388
426401
426402
426407
426474
426476
426477
426480
426490
426491
426493
426494
426497
426569
426570
426571
426576
426577
426583
426584
426585
426586
426591
426658
426661
426662
426664
426665
426668
426673
426674
426675
426676
426677
426679
426683
426753
426754
426755
426757
426758
426759
426765
426766
426767
426771
426774
426841
426842
426843
426844
426845
426855
426856
426857
426928
426930
426934
426935
426949
426955
427020
427024
427047
427108
427112
427117
427128
427195
427196
427199
427201
438216
438482
438483
438575
438578
438579
438864
438915
438916
438937
439007
439008
439009
439011
439023
439118
439130
439215
439216
439291
439304
439306
439310
439311
439312
439313
439390
439403
439404
439405
439406
439407
439485
439487
439489
439499
439500
439501
439502
439511
439574
439575
439577
439578
439587
439590
439592
439593
439594
439595
439599
439669
439671
439678
439684
439685
439686
439687
439692
439697
439760
439763
439764
439765
439767
439769
439770
439773
439774
439776
439777
439778
439781
439788
439847
439850
439851
439852
439853
439854
439855
439857
439859
439861
439862
439863
439864
439866
439938
439939
439940
439941
439942
439943
439947
439949
439950
439953
439955
440022
440026
440028
440034
440036
440110
440111
440113
440116
440117
440123
440134
440198
440200
440206
440208
440214
440283
440284
440285
440286
440287
440288
440291
440368
440373
451487
451578
451659
451755
451757
451846
451847
451939
452017
452099
452106
452177
452178
452186
452286
452363
452389
452390
452469
452471
452474
452476
452552
452563
452564
452565
452566
452567
452571
452639
452641
452642
452655
452656
452662
452664
452672
452734
452735
452736
452748
452749
452750
452755
452829
452830
452832
452833
452836
452837
452838
452839
452840
452841
452843
452844
452849
452862
452915
452918
452919
452920
452921
452922
452924
452925
452926
452928
452929
452930
452931
452942
453006
453008
453009
453010
453011
453012
453016
453017
453018
453019
453022
453093
453094
453095
453096
453100
453102
453103
453104
453105
453106
453112
453184
453185
453190
453191
453194
453269
453273
453282
453285
453361
453374
453446
453448
453449
453460
453547
464783
464870
464880
464967
465053
465054
465057
465129
465131
465141
465214
465221
465231
465301
465403
465428
465501
465515
465589
465592
465599
465682
465685
465758
465772
465773
465774
465775
465776
465855
465862
465864
465867
465870
465941
465950
465952
465953
465956
466031
466032
466034
466035
466036
466037
466038
466040
466041
466042
466043
466117
466118
466121
466122
466123
466125
466126
466127
466134
466210
466212
466213
466214
466215
466216
466293
466294
466295
466301
466302
466303
466304
466383
466391
466393
466397
466475
466483
466488
466563
466565
466575
477965
478050
478230
478305
478306
478307
478388
478390
478395
478472
478474
478567
478659
478753
478767
478836
478838
478844
478925
478927
478933
479015
479016
479017
479019
479031
479104
479106
479109
479117
479118
479190
479193
479197
479209
479276
479279
479280
479281
479282
479283
479285
479286
479363
479364
479368
479369
479370
479371
479372
479374
479455
479457
479459
479465
479545
479547
479551
479635
479643
479644
479731
479732
479733
479821
491540
491544
491644
492027
492029
492118
492119
492203
492205
492206
492295
492296
492380
492381
492385
492386
492400
492469
492470
492473
492476
492555
492556
492557
492559
492568
492637
492638
492639
492641
492643
492644
492646
492728
492729
492730
492731
492741
492814
492820
492821
492827
492906
492909
493004
493092
493102
504453
504799
504800
504880
505059
505151
505306
505398
505400
505469
505474
505475
505477
505478
505484
505566
505567
505568
505571
505574
505654
505657
505658
505660
505661
505666
505744
505745
505746
505747
505748
505751
505758
505832
505833
505839
505915
505916
505921
505929
506009
506010
506012
506090
506097
506100
506101
506184
506188
506189
506195
506356
506373
506446
506457
506464
506541
518201
518386
518705
518706
518718
518794
518795
518796
518798
518885
518886
518888
518972
518973
518975
518976
518977
518981
519060
519061
519063
519064
519065
519067
519141
519144
519145
519148
519155
519231
519233
519234
519236
519237
519246
519315
519316
519318
519325
519419
519424
519501
519587
519590
519593
519677
519776
531655
531659
531903
532321
532322
532323
532331
532410
532411
532412
532498
532502
532582
532584
532668
532669
532670
532671
532672
532673
532674
532750
532754
532843
532941
533032
545135
545884
545888
545894
545971
545972
545973
545975
545976
546056
546142
546143
546147
546229
546234
546237
546314
546315
546316
546398
546406
546485
546577
546579
546757
558781
559365
559450
559452
559534
559536
559621
559622
559624
559801
559887
559970
560143
560144
560237
572826
572990
573002
573087
573088
573095
573168
573173
573250
573255
573258
573423
573599
573692
573792
586440
586620
586622
586626
586711
586791
586873
587046
587228
587245
587320
600125
600209
600215
600315
600999
613875
614035
614037
627619
