505003
518320
518729
519619
531681
531848
531850
545247
545336
545414
558322
558404
558883
558966
558969
571778
571779
571781
571783
571868
571946
572097
572260
572261
572435
572523
572597
572940
584621
585286
585291
585374
585460
585538
585615
585617
585772
585773
585949
585950
586038
586042
586043
586128
586213
586298
586380
598775
598860
598945
599030
599034
599116
599120
599275
599352
599358
599436
599526
599529
599617
599967
612195
612359
612443
612530
612531
612532
612614
612703
612706
612711
612858
612862
612936
612943
613024
613027
613112
613115
613198
613287
613292
613556
613723
625536
625786
625872
625950
625951
625954
626034
626035
626121
626123
626201
626205
626206
626288
626290
626292
626372
626374
626375
626379
626458
626460
626461
626462
626529
626530
626533
626602
626603
626604
626606
626611
626688
626690
626691
626692
626774
626776
626860
626866
626867
626951
627035
627036
627546
627555
639213
639539
639619
639701
639703
639709
639788
639865
639866
639868
639870
639947
639948
639950
639951
640031
640034
640035
640116
640117
640118
640181
640190
640264
640266
640338
640343
640417
640419
640420
640497
640498
640499
640587
640588
640759
640843
652399
652479
652481
652643
652644
652726
652799
652803
652882
652958
653122
653200
653278
653281
653282
653363
653365
653366
653445
653447
653448
653519
653521
653525
653527
653600
653601
653604
653606
653607
653683
653685
653688
653760
653762
653763
653764
653766
653832
653833
653837
653838
653840
653914
653915
653920
653990
653996
654073
654075
654156
654236
654237
654315
654737
655223
665847
665920
665995
665998
666001
666071
666072
666073
666147
666148
666149
666152
666217
666223
666225
666292
666302
666360
666444
666521
666590
666669
666750
666831
666912
666914
666989
666992
667065
667069
667070
667072
667145
667148
667153
667156
667229
667231
667234
667235
667300
667306
667307
667311
667374
667375
667381
667382
667454
667457
667458
667461
667526
667529
667530
667605
667846
668385
679385
679462
679464
679466
679471
679541
679543
679620
679621
679705
679847
680084
680090
680162
680234
680239
680470
680473
680543
680544
680620
680703
680776
680777
680779
680780
680781
680854
680855
680856
680857
680916
680920
680922
680926
680992
680993
681062
681063
681067
681137
681139
681206
681207
681208
681281
692979
692980
693056
693131
693139
693214
693443
693522
693674
693831
693836
693900
693910
693990
694068
694147
694224
694226
694300
694303
694306
694380
694381
694382
694385
694388
694453
694454
694521
694592
694661
694662
694730
694732
695896
706431
706507
706508
706579
706581
706585
707105
707178
707259
707827
707900
707901
707967
707974
707977
708031
708037
708038
708094
708099
708101
708102
708104
708168
708172
708231
708290
708299
719711
719783
719861
720016
720392
720465
720624
720702
720785
720864
721124
721206
721277
721278
721344
721350
721409
721412
721413
721472
721476
721477
721539
721541
721542
721607
721609
721678
721679
732927
733146
733224
733226
733612
733672
733681
733819
733895
733897
733973
733975
733976
733977
733980
734056
734293
734452
734530
734658
734733
734734
734811
746095
746240
746673
746803
746809
746877
746880
746947
746950
747024
747027
747105
747750
759103
759729
759801
759802
759803
759805
759871
759872
759873
759874
759877
759947
759948
760022
760734
761431
771576
772460
772532
773021
774166
786657
796941
796979
797072
810289
822133
