7852
10439
13360
13471
16798
16801
20571
20632
24180
24185
24188
24248
24253
24254
24299
24307
24461
24519
24697
24705
27751
27978
28293
28568
28645
28650
28713
28714
28715
28716
28784
28786
28841
28913
29025
29026
29081
29200
29201
33628
33637
33638
33700
33701
33702
33703
33704
33773
33774
33775
33776
33836
33847
34031
34032
34093
34101
34228
34435
37840
38848
38938
38939
39017
39019
39020
39021
39022
39099
39102
39103
39104
39113
39180
39183
39186
39246
39249
39315
39388
39455
39458
39520
39590
39592
44290
44296
44377
44446
44448
44690
44770
44771
44772
44773
44783
44847
44849
44851
44852
44854
44855
44930
44931
44938
44998
45002
45014
45071
45073
45140
45205
45212
45279
45280
45281
45638
45640
45641
45942
50231
50310
50312
50316
50393
50394
50397
50476
50812
50881
50882
50883
50884
50885
50895
50963
50966
50967
50968
50973
51044
51046
51047
51050
51053
51111
51121
51123
51124
51186
51191
51266
51333
51346
51403
51404
51406
51407
51408
51770
51931
52003
52007
55764
56702
56759
56761
56768
56850
56851
57014
57261
57340
57341
57342
57416
57420
57422
57428
57431
57496
57504
57505
57513
57514
57574
57575
57584
57585
57587
57645
57658
57659
57731
57804
57805
57806
57869
57871
57872
58091
58167
58243
58245
58326
58476
62433
62497
63297
63370
63371
63454
63537
63538
63617
63711
63868
64028
64097
64101
64110
64121
64180
64181
64194
64195
64196
64205
64264
64265
64273
64275
64277
64278
64284
64345
64346
64348
64359
64361
64423
64427
64437
64439
64448
64516
64579
64587
64589
64798
64801
64962
64973
65047
65049
65062
65129
65130
65131
65202
65217
70057
70141
70220
70296
70367
70446
70448
70529
70612
70700
70780
70781
70866
70947
71273
71278
71280
71285
71354
71361
71363
71365
71367
71370
71371
71373
71443
71448
71450
71452
71453
71454
71462
71525
71526
71537
71538
71549
71621
71624
71691
71693
71708
71767
71837
71915
71926
71999
72013
72081
72164
72165
72166
72252
72253
72254
72255
72329
72330
72331
72409
72491
77493
77645
77654
77734
77812
77816
77894
77895
77974
77975
77976
78053
78054
78055
78224
78225
78226
78383
78392
78552
78558
78559
78636
78637
78640
78646
78650
78721
78722
78801
78806
78807
78808
78813
78814
78818
78890
78891
78892
78893
78898
78902
78903
78916
78980
78981
78982
78984
78989
78992
78994
79004
79069
79070
79080
79083
79084
79093
79155
79156
79170
79171
79240
79258
79324
79478
79480
79563
79564
79651
79652
79739
79740
79826
79840
84907
85136
85207
85210
85284
85285
85370
85522
85686
85687
85691
85773
85776
85781
85853
85857
85938
85939
86024
86026
86027
86028
86117
86197
86198
86271
86276
86358
86365
86370
86450
86535
86540
86552
86621
86631
86717
86723
86791
86796
86801
86802
86804
86805
86890
86891
86895
86897
86898
86900
86903
86909
86975
86981
86982
86983
86990
86991
86992
87001
87065
87066
87067
87068
87069
87071
87072
87081
87082
87083
87155
87161
87166
87167
87171
87185
87235
87242
87250
87251
87319
87410
87485
87486
87489
87490
87575
87576
87577
87667
87668
87669
87755
87766
87848
87849
92947
93011
93013
93014
93015
93154
93155
93157
93160
93161
93225
93230
93231
93233
93244
93307
93310
93392
93393
93395
93470
93637
93797
93803
93873
93882
93967
93970
93971
94052
94054
94055
94057
94140
94145
94152
94244
94323
94329
94411
94413
94420
94497
94508
94511
94581
94588
94680
94689
94765
94769
94773
94774
94875
94948
95039
95040
95041
95043
95044
95048
95056
95057
95127
95129
95130
95131
95133
95137
95139
95141
95142
95150
95220
95223
95233
95234
95235
95236
95237
95310
95311
95313
95314
95317
95324
95325
95328
95401
95410
95417
95483
95484
95487
95568
95734
95735
95736
95737
95738
95825
95826
95827
95828
95918
95919
95920
95925
96015
96016
96021
96203
101176
101177
101179
101251
101753
101755
101768
101829
101833
101843
101844
101909
101913
101990
101998
102156
102157
102164
102391
102395
102478
102480
102565
102659
102660
102665
102666
102667
102668
102672
102755
102766
102845
102847
102848
102850
102938
102939
102940
102941
102942
103041
103114
103119
103130
103131
103137
103213
103214
103221
103222
103227
103235
103304
103306
103412
103415
103498
103503
103509
103590
103593
103689
103691
103695
103706
103768
103769
103775
103776
103777
103783
103784
103785
103787
103865
103872
103876
103887
103888
103958
103960
103961
103963
103972
103974
103982
103983
104049
104050
104051
104062
104065
104135
104222
104308
104309
104310
104322
104399
104400
104401
104402
104491
104492
104493
104587
104588
104679
104683
110098
110166
110167
110172
110242
110747
110831
110832
110910
110990
110997
111239
111392
111480
111482
111496
111500
111570
111571
111576
111580
111591
111665
111666
111669
111671
111673
111678
111683
111762
111764
111766
111767
111769
111856
111862
111864
111865
111954
111955
111957
112032
112034
112041
112042
112048
112135
112136
112142
112154
112220
112227
112228
112236
112315
112323
112324
112328
112336
112420
112421
112517
112519
112612
112622
112623
112698
112701
112703
112706
112708
112709
112710
112714
112715
112790
112797
112800
112801
112803
112805
112887
112888
112891
112895
112896
112900
112901
112903
112904
112984
112986
112993
112999
113079
113165
113168
113259
113262
113263
113265
113352
113355
113356
113451
113452
113465
113550
113553
113555
113648
113742
113833
113835
119212
119231
119278
119286
119881
119960
120052
120126
120129
120212
120215
120225
120286
120299
120383
120525
120540
120541
120543
120623
120788
120795
120883
120885
120890
120897
120898
120900
120901
120987
120992
120995
120997
120998
121088
121089
121098
121179
121182
121184
121271
121273
121282
121354
121356
121363
121371
121448
121449
121451
121454
121544
121552
121555
121564
121647
121648
121741
121742
121844
121922
121924
121927
121929
121934
121935
121944
121945
122015
122017
122025
122030
122032
122040
122114
122116
122120
122122
122124
122127
122128
122130
122212
122219
122306
122317
122400
122404
122490
122491
122494
122503
122588
122590
122597
122599
122690
122691
122692
122792
122886
122888
122889
122976
122978
123067
123073
128629
128695
128781
128849
129507
129589
129674
129677
129761
129774
129853
130024
130042
130096
130113
130196
130197
130268
130283
130291
130374
130377
130378
130380
130385
130462
130463
130472
130473
130477
130481
130554
130557
130558
130559
130560
130565
130567
130568
130571
130572
130573
130576
130651
130658
130664
130666
130668
130670
130744
130750
130753
130756
130760
130840
130842
130845
130847
130854
130936
130939
130942
130948
130949
130950
131030
131033
131034
131043
131125
131137
131237
131323
131328
131330
131331
131332
131339
131411
131415
131422
131423
131424
131431
131506
131508
131511
131512
131513
131515
131516
131517
131518
131598
131599
131604
131605
131606
131610
131613
131691
131693
131695
131697
131699
131704
131707
131788
131791
131793
131795
131799
131879
131884
131886
131887
131982
131984
131985
132080
132083
132095
132186
132187
132188
132288
132291
132297
132303
132385
132475
132479
132487
132654
138235
138306
138535
138538
138778
139199
139274
139285
139288
139378
139459
139467
139548
139559
139561
139667
139745
139909
140015
140100
140102
140182
140188
140193
140195
140197
140198
140277
140278
140282
140286
140288
140291
140292
140294
140295
140368
140372
140373
140374
140378
140383
140389
140390
140465
140468
140482
140486
140566
140570
140576
140586
140591
140659
140660
140664
140669
140674
140676
140760
140763
140764
140766
140768
140769
140856
140857
140964
140970
141046
141058
141060
141141
141147
141152
141154
141155
141161
141236
141243
141247
141249
141250
141259
141331
141332
141337
141340
141341
141345
141348
141431
141432
141438
141439
141445
141447
141449
141525
141527
141528
141529
141531
141535
141536
141620
141626
141630
141634
141723
141725
141726
141727
141826
141827
141828
141831
141838
141934
141935
141936
142038
142039
142135
148121
148124
148187
148188
148189
148192
148194
148268
148269
148348
148429
148509
149022
149179
149186
149192
149193
149272
149273
149277
149286
149361
149363
149367
149375
149455
149459
149470
149560
149561
149567
149652
149654
149665
149742
149837
149924
150010
150014
150096
150102
150105
150112
150184
150186
150195
150198
150199
150200
150201
150202
150280
150281
150283
150284
150287
150290
150294
150295
150296
150297
150301
150302
150373
150376
150378
150381
150383
150384
150386
150391
150395
150472
150473
150476
150478
150494
150581
150584
150585
150666
150671
150672
150679
150683
150684
150765
150766
150771
150779
150783
150863
150864
150872
150875
150877
150958
150964
150965
150969
150970
150972
151059
151060
151061
151063
151066
151067
151068
151070
151153
151154
151157
151159
151160
151165
151166
151168
151250
151252
151259
151260
151262
151264
151266
151271
151346
151347
151355
151359
151361
151446
151451
151452
151456
151543
151546
151547
151548
151552
151640
151642
151643
151645
151653
151748
151749
151750
151751
151855
151958
151959
152060
152066
152156
152157
158241
158318
158319
158322
158472
158554
158708
159404
159406
159417
159499
159509
159510
159592
159593
159598
159606
159607
159683
159685
159691
159695
159696
159697
159711
159780
159786
159787
159790
159873
159968
160055
160057
160236
160238
160241
160242
160322
160323
160327
160328
160338
160405
160406
160407
160411
160416
160417
160418
160420
160421
160497
160499
160500
160505
160506
160507
160509
160510
160511
160514
160515
160586
160590
160591
160592
160595
160596
160600
160602
160686
160688
160690
160697
160702
160712
160778
160783
160785
160790
160793
160797
160877
160882
160883
160892
160893
160894
160976
160979
160982
160985
160988
160989
160991
161078
161080
161082
161083
161086
161091
161093
161175
161176
161180
161181
161182
161183
161185
161189
161199
161271
161275
161278
161284
161285
161287
161368
161370
161371
161377
161379
161380
161381
161382
161383
161384
161463
161464
161465
161476
161483
161562
161568
161569
161571
161664
161665
161666
161762
161766
161767
161774
161870
161881
161985
162072
162073
162178
162189
168641
168708
168778
168945
168946
169194
169803
169885
169888
169895
169973
169974
169986
169996
170073
170074
170075
170076
170077
170155
170156
170157
170164
170250
170258
170260
170431
170432
170435
170521
170524
170610
170613
170621
170622
170703
170706
170707
170710
170711
170796
170800
170801
170802
170803
170804
170805
170882
170884
170890
170893
170894
170895
170896
170897
170977
170978
170979
170980
170981
170985
170988
170990
170993
170997
171065
171066
171067
171068
171069
171070
171077
171080
171081
171082
171161
171163
171172
171176
171261
171262
171264
171266
171276
171278
171281
171282
171366
171367
171380
171382
171384
171386
171470
171474
171476
171478
171485
171486
171573
171574
171580
171581
171582
171584
171586
171587
171588
171598
171682
171686
171689
171690
171692
171693
171697
171777
171778
171780
171784
171785
171789
171790
171791
171792
171793
171876
171880
171881
171882
171891
171967
171968
171971
171974
172062
172070
172153
172154
172155
172156
172256
172357
172369
172462
172463
172567
172569
179302
179369
179456
179457
180525
180609
180628
180702
180709
180712
180713
180718
180796
180804
180805
180897
180900
180982
180985
180987
180988
181077
181170
181173
181177
181268
181270
181365
181367
181370
181372
181382
181460
181461
181462
181464
181465
181548
181549
181553
181554
181556
181559
181629
181632
181641
181642
181643
181645
181646
181650
181724
181728
181729
181730
181731
181736
181737
181743
181746
181824
181828
181829
181831
181841
181848
181930
181933
181935
181939
181943
181945
181946
181947
181952
182037
182038
182045
182046
182049
182051
182054
182055
182060
182146
182148
182149
182152
182154
182155
182159
182160
182161
182250
182254
182255
182259
182260
182261
182264
182266
182268
182355
182359
182361
182364
182368
182369
182370
182371
182372
182373
182454
182456
182458
182461
182462
182464
182470
182472
182546
182547
182552
182553
182554
182556
182638
182643
182645
182646
182734
182737
182739
182740
182832
182836
182838
183047
183048
183152
183155
183258
190290
190291
191370
191373
191379
191380
191466
191488
191558
191566
191570
191571
191572
191573
191574
191575
191580
191654
191655
191662
191664
191668
191671
191672
191746
191748
191758
191759
191760
191761
191844
191850
191853
191856
192048
192050
192140
192142
192145
192239
192240
192241
192243
192246
192335
192338
192339
192340
192342
192345
192425
192426
192427
192429
192430
192431
192435
192516
192518
192519
192520
192522
192525
192526
192531
192609
192611
192612
192613
192614
192616
192618
192619
192620
192622
192623
192627
192630
192716
192717
192720
192726
192727
192754
192819
192820
192822
192830
192832
192833
192835
192929
192931
192932
192934
192935
192938
192939
192940
192943
192945
192949
193040
193043
193044
193045
193047
193050
193053
193054
193055
193057
193149
193150
193151
193154
193157
193158
193159
193162
193165
193170
193255
193257
193259
193264
193267
193268
193269
193271
193358
193359
193361
193363
193364
193365
193366
193460
193461
193463
193465
193466
193467
193468
193555
193556
193557
193562
193563
193648
193651
193653
193654
193655
193750
193755
193860
193967
193968
194070
194071
201281
201367
201368
201373
201632
201726
201825
202648
202650
202660
202661
202662
202664
202747
202748
202754
202757
202758
202759
202765
202843
202859
202864
202865
202948
202955
202956
202957
203047
203049
203050
203140
203143
203144
203236
203239
203242
203337
203338
203339
203340
203343
203344
203348
203436
203437
203438
203441
203442
203535
203536
203538
203540
203546
203547
203632
203637
203638
203639
203640
203739
203740
203743
203748
203749
203839
203840
203841
203842
203843
203852
203853
203854
203855
203950
203959
203961
203963
203965
204060
204061
204062
204064
204068
204069
204070
204072
204073
204075
204077
204079
204167
204168
204170
204173
204179
204185
204275
204276
204277
204278
204279
204280
204282
204284
204289
204290
204298
204384
204386
204387
204391
204393
204394
204399
204490
204491
204492
204494
204495
204496
204497
204498
204595
204598
204599
204603
204604
204605
204610
204694
204695
204697
204699
204700
204701
204702
204703
204788
204789
204790
204793
204794
204796
204893
204895
204904
204999
205002
205104
205111
205215
212464
212466
212634
212635
212722
212726
212819
212820
212996
213824
213825
213827
213830
213835
213919
213920
213921
213930
213932
213938
214016
214018
214022
214032
214033
214034
214038
214122
214127
214129
214130
214131
214134
214135
214136
214224
214225
214232
214234
214235
214242
214324
214330
214331
214424
214427
214428
214613
214713
214741
214817
214823
214925
214927
214928
215027
215028
215029
215033
215035
215130
215136
215137
215138
215144
215241
215242
215243
215244
215249
215255
215353
215355
215356
215357
215358
215461
215462
215463
215464
215466
215468
215470
215567
215568
215569
215570
215571
215573
215574
215581
215673
215674
215675
215676
215678
215680
215681
215688
215778
215779
215781
215782
215784
215785
215789
215881
215882
215883
215885
215889
215894
215986
215987
215988
215989
215990
215991
215992
215993
216083
216084
216085
216088
216089
216094
216178
216179
216180
216181
216282
216283
216387
216388
223959
224050
224124
224212
224214
224215
224310
224388
224395
224491
224585
224786
224878
225077
225179
225274
225366
225374
225379
225462
225464
225474
225482
225560
225562
225568
225569
225578
225579
225667
225669
225670
225674
225675
225678
225779
225886
225887
225988
225991
225992
226088
226192
226293
226389
226406
226511
226624
226834
226835
226836
226841
226942
226943
226944
226945
226946
226949
227044
227045
227046
227049
227144
227145
227146
227148
227153
227243
227245
227247
227248
227249
227251
227353
227354
227355
227356
227357
227358
227458
227459
227460
227461
227462
227463
227558
227560
227561
227562
227564
227660
227662
227663
227664
227764
227982
235767
235848
235851
235853
235862
235935
236026
236030
236031
236037
236122
236123
236221
236222
236322
236421
236522
236620
236724
236825
236927
237026
237131
237223
237225
237229
237233
237322
237324
237327
237331
237423
237430
237431
237432
237537
237539
237542
237750
237850
237944
237953
237964
238161
238271
238378
238483
238902
239005
239007
239008
239009
239110
239111
239113
239114
239219
247835
247923
248015
248104
248110
248200
248201
248204
248298
248395
248397
248403
248495
248496
248508
248600
248601
248701
248704
248802
248913
249006
249206
249303
249304
249307
249311
249408
249410
249411
249617
249621
249623
249624
249629
249719
249723
249725
249726
249730
249733
249828
249829
249831
249832
249935
249937
249939
250042
250051
250249
250454
260296
260586
260588
260589
260688
260689
260690
260788
260790
260890
260991
260992
261394
261395
261396
261497
261498
261499
261500
261599
261600
261602
261698
261801
261806
261807
261810
261811
261812
261907
261908
261909
261915
261919
262013
262015
262016
262017
262024
262117
262118
262119
262131
272752
273059
273372
273867
273873
273966
273967
273970
274070
274072
274075
274077
274172
274173
274174
274175
274177
274178
274182
274272
274277
274280
286455
286457
286547
286548
286553
286649
299049
