468966
468968
471150
471247
471248
482082
482083
482170
482275
482596
484580
484581
497044
497601
509420
510734
510822
510831
510906
510909
510913
511003
521311
524225
524321
536195
536645
536647
537732
548927
549036
549258
550241
550349
551333
551334
551419
562319
562427
562428
562529
562541
562986
563094
563731
564946
565046
575705
575809
575811
575918
576027
576028
576136
576239
576248
589144
589465
589677
589678
602854
603176
603606
616735
617287
630266
630375
645526
645863
658857
658858
658955
659056
659057
659166
659272
659385
670697
672193
672395
672396
672493
672695
672798
672805
685709
685905
685906
686003
686096
686194
686290
686389
697278
698128
698238
698348
699265
699452
699454
699455
699543
699544
699632
699647
699727
711794
711909
712905
712906
712992
712994
712997
713180
713276
724013
725650
726283
726284
726288
726377
726378
726380
726383
726384
726481
726578
738204
738212
738320
738667
738775
738886
739118
739218
739219
739413
739510
739511
739513
739514
739516
739608
739609
739610
739612
739613
739614
739615
739618
739698
739709
739710
739713
739797
739799
739801
751123
751124
751238
751365
751583
751801
751802
751905
751909
751910
752013
752014
752016
752017
752018
752116
752118
752119
752212
752306
752310
752311
752400
752405
752501
752503
752504
752508
752509
752601
752602
752607
752611
752612
752613
752614
752703
752705
752709
753141
764219
764543
764643
764841
764846
764944
765041
765133
765234
765235
765236
765326
765335
765432
765437
765438
765533
765534
765537
765538
765539
765540
765628
765723
765732
765734
776251
776367
777303
777410
777411
777509
777515
777785
777799
777888
777992
777995
777998
778010
778102
778105
778107
778108
778109
778211
778212
778213
778215
778303
778306
778318
778397
778492
778885
788508
788510
788619
788725
789048
789640
790000
790001
790101
790102
790210
790316
790318
790425
790427
790428
790429
790526
790532
790730
790732
790828
790928
800009
800026
800829
801036
801143
801146
801244
801256
801261
801361
801362
801366
801367
801458
801466
801468
801469
801555
801905
801991
802089
802298
802395
802911
803225
803333
803548
803654
811149
811239
812614
812800
812815
812901
812914
812915
813005
813007
813009
813010
813011
813014
813015
813110
813112
813113
813116
813119
813212
813215
813216
813217
813315
813318
813594
813988
813997
814804
822847
822848
823229
823339
823416
823513
823702
824079
824177
824278
824279
824377
824378
824461
824468
824470
824472
824474
824475
824561
824562
824564
824565
824579
824660
824661
824663
824666
824763
825045
825348
826271
826982
834085
834163
834164
834354
835375
835383
835387
835483
835487
835491
835582
835585
835587
835597
835677
835679
835682
835683
835763
835765
835766
835768
835769
835856
835857
835861
835864
835950
836049
845079
845080
845081
845270
845271
845368
845526
845527
846144
846228
846236
846329
846339
846425
846426
846430
846435
846521
846523
846524
846525
846593
846608
846610
846611
846695
846696
847079
847813
855900
855901
856222
856562
856563
856647
856654
856739
856830
856922
856923
856926
857016
857019
857021
857105
857106
857107
857207
857287
857474
857475
857476
857769
857770
857879
857881
857974
857986
858082
858183
859090
866730
866821
867153
867154
867241
867248
867332
867704
867706
867714
867900
868005
868011
868112
868113
876609
876697
876783
876875
877378
877657
877663
877665
877758
877856
877953
878049
878052
878055
878156
878254
878649
879730
879731
886449
886713
886807
886969
887597
887695
887696
887797
887798
888100
888778
896917
896918
897018
897209
897314
897411
897412
905783
905877
905972
905973
906069
906167
906267
914593
914594
914696
914699
914792
914805
914893
914985
915085
922871
922873
923335
923438
931421
931916
939611
955239
