8509
11193
11207
14327
14334
14336
14344
14364
14366
14385
17944
21916
21930
26156
26203
26221
26242
26331
30876
30891
30929
30936
31114
35975
35976
36009
36024
36025
36063
36070
36085
36087
36089
36111
36120
36144
36308
41538
41557
41558
41560
41561
41573
41576
41656
41706
41708
41736
41738
41768
41798
41879
47487
47497
47502
47513
47524
47540
47541
47553
47621
47681
47682
47683
47710
47713
47720
53800
53816
53873
53899
53970
54034
54059
54067
54068
54204
54246
60436
60453
60548
60657
60658
60685
60686
60688
60689
60690
60709
60716
60718
60719
60720
60721
60722
60740
60751
60756
60914
60954
67329
67371
67447
67468
67515
67547
67549
67663
67664
67667
67668
67693
67694
67698
67719
67727
67728
67729
67730
67765
67769
67770
67772
67808
67810
67823
67852
67988
74665
74688
74825
74846
74875
74919
74970
74971
74974
75027
75041
75069
75070
75096
75104
75106
75119
75137
75145
75147
75148
75192
75193
75194
75239
75287
82443
82515
82652
82731
82739
82775
82776
82785
82786
82806
82807
82814
82815
82816
82821
82842
82848
82849
82852
82879
82880
82885
82886
82887
82888
82889
82930
82931
82932
82935
82979
82980
83026
83029
83172
90602
90604
90753
90837
90844
90879
90886
90910
90912
90915
90918
90919
90920
90951
90956
90958
90988
90995
91004
91039
91040
91041
91042
91043
91090
91091
91293
98930
99043
99070
99072
99104
99105
99142
99143
99209
99311
99381
99384
99385
99423
99425
99427
99468
99469
99508
99773
107846
107848
107917
107954
108029
108030
108066
108105
108148
108187
108227
108267
108268
108316
108360
108634
108740
108836
108893
117027
117146
117186
117188
117355
117394
117446
117447
117498
117841
118118
118198
118251
119393
126680
126721
126766
126817
126818
127400
127500
127565
127569
127636
135962
135964
136394
136443
136444
136956
136961
137018
137023
137145
137146
137203
137259
137261
137263
137324
137326
137335
138415
138491
145872
146204
146259
146316
146823
146949
147012
147014
147018
147081
147082
147084
147147
147150
147158
147213
147217
147290
148301
148318
148383
156362
156541
156542
156543
156943
156945
156949
156997
157001
157065
157126
157194
157197
157201
157266
157267
157268
157269
157341
157342
157412
157415
158273
158350
158351
158353
158354
158423
158504
158505
166193
166811
166874
166876
166935
167094
167165
167354
167369
167417
167423
167489
167556
167558
167559
167560
167567
167633
167638
167705
167708
167709
167716
168662
168738
168815
168894
168979
177504
177613
177615
177874
178004
178005
178011
178072
178073
178078
178080
178144
178145
178146
178154
178155
178220
178221
178223
178227
178233
178292
178293
178470
179088
179167
179169
179177
179252
179253
179254
179331
179332
179333
179403
179406
179492
179493
188198
188199
188201
188320
188501
188569
188636
188709
188913
188914
188915
188927
188986
188987
189000
189057
189217
189740
189823
189909
189994
189996
189998
190000
190002
190082
190162
190163
190165
190240
190242
190329
199232
199293
199354
199415
199541
199677
199678
199747
199820
199952
199954
200027
200105
200565
200882
200888
200974
200981
201064
201068
201147
201156
201228
201400
201402
210663
210719
210781
210846
210998
211061
211063
211130
211131
211208
211279
212252
212340
212348
212420
212423
212499
212598
222036
222094
222099
222100
222163
222164
222231
222299
222526
222527
222664
223747
233603
233812
233942
234162
234391
234463
245831
245974
257087
257906
257975
258048
258124
258199
258212
258359
258529
270399
270478
270555
270636
270639
270721
270804
282808
283054
294853
294992
333422
