279687
290608
291905
302911
302916
302998
302999
303001
303004
303095
303103
303197
303423
303519
303529
303634
303635
303749
303846
303932
304033
304116
304118
304213
304293
304308
304387
304473
315460
315561
315562
315567
315661
315668
315757
315758
315759
315859
315861
315862
315864
315876
315877
315962
315966
315977
315978
315980
315987
316080
316084
316087
316182
316195
316281
316288
316294
316384
316385
316389
316476
316480
316486
316569
316570
316571
316668
316669
316671
316761
316770
316773
316857
316863
316865
316866
316871
316953
316959
317047
317139
317306
327685
327776
327777
328078
328084
328184
328187
328190
328288
328290
328293
328392
328393
328394
328395
328396
328398
328400
328407
328491
328495
328506
328513
328514
328601
328606
328607
328609
328614
328705
328706
328713
328714
328715
328807
328814
328815
328817
328908
328909
328917
329005
329006
329007
329104
329116
329193
329198
329289
329292
329293
329386
329480
329494
329576
329582
329585
329593
329670
329673
329758
329759
329762
340766
340868
340978
340982
341082
341084
341086
341089
341091
341093
341097
341193
341194
341196
341198
341199
341213
341300
341303
341304
341306
341307
341308
341312
341313
341319
341325
341408
341412
341420
341424
341514
341523
341525
341624
341625
341627
341636
341637
341716
341818
341819
341924
342033
342115
342213
342395
342737
342817
353761
353762
353870
353878
353968
353972
353974
353981
353982
353983
353984
354079
354081
354082
354084
354085
354089
354093
354192
354193
354194
354195
354196
354198
354199
354202
354209
354217
354301
354303
354310
354313
354315
354320
354323
354326
354403
354509
354518
354609
354610
354705
354802
354897
354898
354902
355101
355191
355192
355285
355648
355750
366695
366800
366901
366907
367016
367017
367023
367113
367115
367117
367119
367128
367132
367133
367222
367226
367227
367228
367236
367237
367334
367336
367339
367340
367342
367343
367348
367352
367353
367431
367433
367435
367437
367439
367441
367442
367444
367446
367448
367450
367538
367544
367549
367638
367639
367643
367644
367646
367746
367857
367860
367863
367967
367972
368077
368258
368266
368359
379710
379826
380038
380039
380149
380152
380244
380250
380255
380258
380260
380267
380268
380354
380363
380371
380372
380381
380464
380468
380478
380567
380580
380584
380687
380781
380798
380892
380989
380990
380999
381006
381010
381092
381101
381119
381201
381215
381484
381581
381583
381682
381781
392725
392947
393048
393155
393160
393245
393254
393261
393263
393353
393369
393559
393666
393773
393774
393877
393887
393891
393986
393990
394085
394102
394108
394197
394288
394292
394295
394403
394491
394583
394592
395008
405845
405946
406165
406241
406242
406649
406656
406759
406761
406864
406867
407785
407855
418580
419701
419807
420696
420862
431662
431774
432089
433888
433894
445137
445243
445345
446168
446169
446267
446274
446364
446624
446889
446968
446969
446971
447049
447050
447051
447055
447139
458064
458261
458359
458360
458462
458779
458781
458782
458887
458894
458896
458984
458985
458986
458987
458988
459085
459086
459088
459089
459098
459192
459193
459195
459298
459299
459301
459401
459402
459501
459502
459595
459596
459610
459688
459690
459694
459780
459782
459783
459784
459877
459878
459881
459889
459965
459966
459967
459968
459969
460049
460051
460053
460054
460133
460136
460137
471161
471359
471456
471457
471556
471663
471664
471665
471768
471769
471872
471873
471879
471886
471972
471973
471975
471985
472071
472072
472073
472074
472084
472174
472175
472176
472188
472280
472282
472283
472285
472287
472296
472386
472484
472487
472584
472591
472685
472691
472777
472778
472869
472873
472877
472975
473050
473051
473052
484403
484690
484691
484692
484804
484805
484905
484911
484912
485005
485007
485008
485017
485108
485109
485110
485117
485121
485203
485207
485208
485217
485309
485319
485409
485508
485509
485512
485525
485614
485615
485617
485619
485714
485715
485812
485819
485907
486000
486095
486248
497696
497982
497984
497985
498086
498087
498088
498190
498191
498192
498193
498286
498287
498288
498384
498483
498485
498486
498690
498881
498883
498976
498977
498979
499072
499073
499074
499163
499170
499175
499254
499256
499257
499341
499343
499344
499425
499427
499518
511103
511196
511290
511291
511292
511298
511299
511381
511382
511385
511392
511475
511476
511478
511479
511481
511566
511567
511578
511670
511673
512347
512444
512447
512780
524419
524420
524517
524520
524611
524612
524614
524615
524618
524709
524710
524711
524807
524808
524809
524814
524912
525015
525117
525689
525777
525865
525958
526044
526045
537921
537922
538019
538020
538026
538117
538118
538119
538121
538122
538125
538217
538218
538219
538220
538320
538321
538325
538711
539215
539306
539401
551518
551608
551609
551610
551612
551706
551707
551708
551709
551710
551711
551805
551807
551808
551814
551905
551906
551907
551908
552206
565136
565227
565228
565229
565232
565318
565319
565320
565322
565409
565410
565414
565415
565507
565508
565509
565902
578526
578625
578627
578702
578707
578714
578715
578716
578718
578720
578800
578807
578808
578810
578811
578813
578897
578905
578906
578907
579013
591855
591950
592035
592037
592050
592121
592122
592136
592138
592139
592215
592216
592231
592232
592233
592310
592311
592324
592327
592328
592329
592331
592332
592414
592416
592426
592431
592513
592514
592617
605397
605584
605676
605677
605768
605772
605787
605788
605789
605863
605864
605866
605882
605883
605884
605885
605961
605962
605966
605969
605975
605980
605981
605982
605983
606056
606057
606058
606059
606063
606071
606073
606074
606075
606076
606077
606254
606439
618987
618988
619075
619167
619169
619264
619266
619268
619358
619377
619378
619455
619456
619458
619470
619471
619474
619475
619550
619551
619552
619553
619566
619567
619568
619569
619571
619573
619574
619650
619654
619663
619665
619667
619746
619747
619749
619764
619843
619844
619862
619938
620298
632413
632602
632612
632613
632699
632703
632709
632786
632791
632795
632796
632805
632808
632889
632892
632898
632900
632993
632994
632995
633075
633091
633092
633093
633095
633100
633171
633172
633180
633187
633189
633190
633191
633198
633274
633280
633288
633289
633374
633393
633454
633455
633456
633549
633550
633648
646080
646168
646169
646173
646264
646265
646270
646277
646278
646280
646284
646354
646364
646366
646369
646370
646371
646372
646448
646451
646453
646540
646542
646545
646553
646558
646559
646560
646633
646641
646642
646644
646648
646649
646650
646652
646654
646731
646732
646735
646747
646748
646750
646754
646831
646839
646844
646847
646925
646926
646927
647022
647029
647099
647104
659683
659785
659787
659791
659867
659868
659870
659875
659876
659877
659878
659882
659884
659888
659957
659961
659963
659966
659967
659972
659973
659974
659975
659976
660051
660057
660058
660063
660066
660067
660069
660146
660147
660159
660161
660162
660166
660240
660241
660257
660258
660262
660338
660348
660527
660539
660545
660694
673298
673299
673301
673381
673384
673387
673388
673391
673392
673394
673395
673471
673474
673477
673480
673482
673483
673484
673485
673486
673487
673558
673561
673564
673565
673566
673570
673571
673574
673575
673576
673577
673578
673650
673655
673658
673660
673661
673666
673668
673747
673750
673764
673765
673766
673845
673862
673946
673950
673968
674037
686768
686855
686867
686869
686870
686872
686873
686944
686948
686949
686950
686951
686952
686954
686960
686961
686962
687039
687044
687050
687054
687055
687129
687148
687151
687223
687227
687322
687414
687419
687425
687502
687506
700215
700383
700396
700473
700486
700487
700489
700490
700492
700569
700572
700573
700574
700575
700576
700577
700580
700581
700582
700585
700664
700666
700668
700669
700670
700671
700672
700674
700676
700678
700684
700756
700758
700760
700761
700765
700766
700858
713912
713913
713992
713995
714002
714004
714005
714006
714008
714015
714093
714094
714095
714096
714097
714098
714099
714101
714102
714106
714110
714196
714199
714200
714203
714205
714206
714294
714297
714298
714300
714301
714393
714403
727283
727390
727480
727483
727491
727492
727581
727582
727584
727585
727588
727589
727597
727683
727684
727689
727690
727691
727692
727693
727697
727790
727792
727793
727794
727801
727890
727891
727894
727991
727992
740731
740824
740834
740930
740932
740941
740950
741034
741037
741043
741044
741052
741142
741144
741145
741155
741243
741245
741263
741342
741344
741441
741454
741538
741626
753741
753861
753959
754060
754061
754063
754067
754068
754167
754168
754176
754266
754368
754369
754464
754466
754643
754749
766609
766705
766817
766914
766923
766931
767017
767018
767022
767029
767135
767221
767317
767409
767504
767507
779252
779347
779449
779450
779454
779551
779552
779554
779655
779663
779756
779759
779846
779847
779848
779849
779939
779940
780038
780209
791666
791761
791864
791946
792143
792246
792426
792804
804239
804631
804730
804824
805002
816236
816807
