555700
582735
597180
597542
597618
597702
612616
612617
612708
626119
626202
626289
637057
638403
639864
639949
653364
665146
665211
665212
665272
665393
665461
665605
665607
666002
666076
666150
666151
666301
666376
666516
677694
678192
678659
678722
678725
678726
678792
678797
678798
678863
678864
678933
678934
678937
678943
679004
679006
679010
679083
679086
679087
679093
679162
679163
679241
679251
679309
679317
679392
679549
679625
679627
679702
679780
679781
679782
679783
679855
679856
679935
679936
679937
680012
691331
691333
691564
691671
691729
691732
691791
691850
691903
691961
692030
692098
692099
692169
692170
692238
692242
692309
692310
692314
692387
692453
692454
692528
692529
692601
692607
692611
692682
692760
692761
692834
692835
692836
692908
692913
692987
692990
693064
693065
693135
693142
693143
693221
693227
693292
693293
693301
693367
693368
693369
693370
693371
693372
693442
693445
693447
693450
693523
693526
693527
693529
693530
693601
693603
693604
693606
693685
693686
693759
693763
704981
705101
705152
705201
705246
705248
705300
705359
705415
705467
705471
705525
705652
705720
705722
705724
705793
705795
705864
705933
705934
705939
705999
706065
706068
706069
706138
706139
706214
706288
706359
706360
706363
706435
706437
706439
706440
706442
706518
706519
706591
706660
706661
706667
706731
706734
706737
706738
706744
706803
706805
706808
706809
706810
706811
706876
706877
706879
706882
706884
706887
706888
706954
706958
706960
706961
707027
707030
707031
707034
707035
707107
707110
707111
707112
707113
707114
707186
707189
707190
707191
707192
707269
707270
707347
707426
707747
718975
719295
719430
719503
719561
719571
719648
719719
719793
719797
719869
719871
719874
719945
719946
720018
720024
720027
720096
720101
720102
720165
720171
720173
720175
720241
720245
720246
720249
720250
720310
720318
720319
720320
720322
720325
720326
720327
720394
720396
720399
720400
720467
720469
720473
720475
720476
720548
720549
720550
720630
720631
720633
720634
720635
720636
720715
720716
720718
720796
720797
720798
720800
720866
720868
720947
721030
732069
732151
732475
732664
732863
732870
733011
733083
733238
733239
733313
733376
733380
733384
733449
733450
733516
733525
733528
733530
733534
733537
733600
733601
733602
733603
733605
733606
733607
733671
733673
733674
733675
733676
733690
733743
733748
733750
733754
733755
733757
733814
733815
733816
733826
733828
733831
733832
733835
733837
733894
733898
733906
733908
733910
733911
733917
733978
733981
733986
733989
733994
734072
734134
734212
734213
734375
745178
746242
746248
746452
746516
746593
746595
746597
746609
746666
746667
746668
746669
746736
746737
746739
746741
746743
746745
746810
746812
746813
746814
746816
746817
746818
746820
746885
746887
746891
746892
746893
746949
746959
746961
746962
746963
746965
746966
746967
747026
747028
747038
747040
747041
747103
747115
747117
747118
747120
747178
747182
747189
747263
758827
758828
758892
758967
759105
759108
759314
759384
759385
759452
759460
759516
759517
759518
759519
759523
759524
759533
759587
759588
759591
759592
759603
759654
759658
759660
759661
759664
759665
759675
759676
759728
759731
759732
759737
759739
759741
759742
759746
759806
759807
759811
759816
759819
759821
759822
759881
759884
759886
759890
759901
759950
759954
759962
759971
760016
760019
760021
760032
760091
760104
760230
760236
771987
772052
772185
772248
772250
772253
772314
772317
772318
772321
772327
772385
772386
772387
772389
772390
772391
772395
772398
772458
772459
772462
772467
772527
772530
772533
772534
772540
772541
772545
772601
772602
772603
772604
772606
772613
772614
772624
772671
772673
772675
772678
772680
772683
772684
772685
772689
772690
772748
772749
772756
772758
772773
772816
772826
772881
772891
772893
772954
784022
784073
784140
784396
784466
784674
784736
784737
784738
784741
784742
784803
784804
784805
784806
784807
784811
784827
784873
784877
784878
784894
784943
784945
784947
784951
784953
784954
785010
785011
785012
785013
785014
785015
785019
785022
785039
785077
785078
785082
785083
785086
785089
785093
785094
785098
785148
785149
785152
785158
785160
785161
785166
785212
785221
785223
785275
785289
785354
796736
796757
796807
796820
796936
797006
797007
797008
797074
797075
797076
797077
797144
797145
797148
797213
797215
797280
797281
797284
797290
797352
797357
797369
797415
797420
797421
797423
797425
797438
797439
797477
797482
797485
797486
797487
797549
797568
797607
797613
797617
797618
797620
808802
808861
808928
808990
809188
809253
809384
809385
809388
809413
809438
809439
809440
809442
809443
809444
809445
809447
809458
809499
809504
809506
809507
809509
809577
809579
809644
809646
809727
809806
821003
821004
821060
821061
821114
821115
821116
821117
821118
821123
821182
821184
821185
821195
821196
821249
821254
821255
821256
821257
821259
821339
821405
821407
832259
832314
832362
832366
832421
832425
832426
832439
832478
832480
832481
832482
832551
832560
843435
843478
843480
843484
843558
843634
853998
854232
854305
854376
