16857
34441
57497
57798
62637
64114
64192
71701
77489
77571
78900
79253
85127
85205
85208
85209
85220
85287
85288
85289
85361
85445
86810
93305
93391
93394
93396
93477
93551
93638
93720
101756
101826
101831
101905
101910
101911
101912
101915
101993
101994
102077
102078
102239
102408
110741
110821
110825
110826
110827
110828
110829
110830
110903
110904
110906
110907
110909
110988
111080
111323
119956
119973
120038
120039
120042
120043
120044
120122
120123
120124
120125
120127
120133
120207
120209
120289
120538
129501
129502
129581
129583
129584
129587
129588
129592
129597
129670
129671
129675
129678
129681
129763
129854
138776
139103
139279
139281
139283
139284
139287
139372
139373
139374
139375
139376
139377
139462
139463
139465
139466
139481
139560
141245
141246
148426
148683
149188
149190
149278
149279
149282
149283
149291
149292
149369
149370
149372
149373
149385
149466
149562
149563
151064
151161
158715
159318
159411
159416
159422
159503
159504
159507
159508
159513
159599
159602
159605
159789
159878
161089
168777
169040
169275
169890
169891
169892
169981
169982
169983
169985
170081
170168
171483
180615
180618
180621
180715
180806
180807
180808
180989
190382
191473
191562
191563
191568
191665
191666
193048
193266
201449
201553
201631
202556
202563
202658
202659
202760
202761
202940
203349
203440
203850
204186
204287
213446
213937
214029
214030
214031
214425
214616
214715
215030
215252
215366
215471
224122
224211
224302
224387
225370
225473
225573
225574
225663
225673
225676
225677
225784
225898
226000
226089
226091
226193
226194
226296
226300
226405
226513
226619
227055
236219
237751
237856
248593
249412
260386
260786
261701
261704
273058
273159
273262
273365
286955
