155329
165455
175707
175771
176122
186161
186435
186799
186800
186803
186847
186852
186889
196864
197551
197610
197611
197672
197734
197785
208139
208429
208674
208739
208740
208799
208858
209068
219778
220122
220125
220126
231575
231651
231652
231718
231719
232113
243135
243293
243294
243450
255238
255239
255316
255469
255539
255541
255607
255609
267503
267581
267586
267659
267667
267738
267878
267987
279189
279458
279460
279465
279625
279709
279711
279713
279807
279880
279882
279883
279963
279964
279965
280045
280114
280301
280486
291923
292008
292010
292093
292094
292095
292179
292181
292257
292258
292260
292261
292339
292342
292417
292418
292565
292635
292696
292697
292699
292886
292942
292944
292945
292951
293008
293071
304313
304319
304404
304412
304493
304494
304495
304577
304578
304580
304581
304658
304660
304661
304663
304741
304816
304895
304896
304970
304972
304973
305039
305040
305041
305109
305110
305171
305373
305442
305446
305508
305628
305631
316793
316883
316889
316978
316979
317070
317071
317072
317159
317161
317162
317248
317249
317484
317485
317486
317487
317560
317562
317563
317564
317636
317637
317638
317711
317712
317862
317928
318002
318075
318145
318207
318327
318329
329507
329602
329603
329695
329782
329783
329785
329876
330192
330263
330264
330265
330266
330335
330337
330338
330412
330490
330560
330710
330844
330853
330858
342414
342415
342503
342504
342590
342675
343066
343067
343068
343075
343135
343136
343138
343139
343210
343212
343221
343292
343293
343371
343433
343508
343584
343585
343586
343651
343652
343653
343719
343795
343859
343861
344077
355398
355400
355491
355992
355995
356056
356062
356064
356135
356137
356140
356206
356217
356508
356586
356645
356648
356714
356722
356793
357116
368572
368748
368911
368992
369051
369058
369118
369128
369129
369207
369208
369209
369210
369272
369275
369276
369282
369286
369295
369354
369356
369361
369367
369369
369439
369505
369506
369581
369582
369587
369655
369659
369660
369662
369729
369730
369731
369870
369882
381957
382035
382036
382040
382045
382108
382109
382115
382116
382176
382185
382195
382251
382252
382254
382262
382265
382328
382332
382335
382336
382342
382344
382410
382419
382492
382495
382498
382506
382568
382569
382570
382575
382576
382579
382654
382728
382730
382731
382732
382742
382801
382803
382805
382806
382872
382956
383023
383092
383218
394785
394861
394867
394868
394940
394944
394947
394949
395012
395019
395023
395084
395091
395093
395095
395151
395156
395159
395163
395165
395166
395228
395229
395232
395240
395242
395306
395308
395309
395310
395330
395398
395475
395550
395551
395555
395630
395631
395634
395711
395713
395716
395784
395797
396007
396073
407716
407717
407799
407801
407802
407873
407874
407875
407949
407951
407952
407957
407958
408028
408031
408036
408109
408117
408192
408260
408273
408340
408350
408493
408569
408572
408581
408645
408652
408653
408712
408722
408727
408792
408794
408795
408859
408931
408932
420635
420707
420709
420714
420716
420799
420805
420869
420870
420871
420877
420878
420953
420962
421036
421108
421116
421193
421198
421279
421356
421502
421503
421574
421642
421709
421777
421847
421848
421910
433746
433823
433825
433895
433896
433898
433900
433990
434069
434070
434071
434144
434146
434149
434151
434152
434236
434238
434320
434323
434405
434407
434485
434486
434488
434561
434634
434637
434703
434709
434770
434780
434837
434839
434841
434908
434911
434979
435042
435050
435173
446902
446990
447059
447149
447153
447156
447241
447243
447329
447407
447418
447502
447586
447587
447668
447669
447746
447824
447825
447903
447971
447973
448044
448046
448110
448113
448117
448180
448184
448189
448248
448250
460146
460226
460230
460315
460405
460410
460495
460761
460762
460844
460847
460848
460927
460930
461008
461081
461087
461160
461161
461162
461233
461235
461237
461302
461368
461374
461437
461442
461450
473387
473388
473662
473749
473755
473757
473834
473836
473837
473921
474000
474003
474082
474083
474152
474159
474224
474228
474293
474304
474359
474362
474422
474423
474424
474425
474427
474494
474495
474496
474560
486774
486952
486953
486954
486955
487041
487042
487121
487125
487205
487206
487207
487284
487285
487354
487361
487422
487425
487432
487490
487491
487492
487561
487562
487563
487564
487625
487626
487627
487633
487684
487685
487686
487698
487747
500139
500143
500224
500226
500227
500307
500309
500310
500311
500386
500388
500389
500390
500395
500464
500465
500469
500471
500538
500544
500545
500612
500614
500615
500682
500683
500697
500755
500757
500758
500759
500831
500836
500889
500890
500893
500894
500897
500901
500958
500959
500961
500964
501029
513345
513427
513429
513435
513512
513514
513515
513516
513517
513589
513591
513592
513593
513605
513671
513673
513676
513753
513756
513757
513761
513838
513844
513845
513904
513906
513975
513977
513978
514048
514049
514114
514115
514118
514119
514128
514129
514185
514186
514187
514188
514257
526787
526875
526877
526878
526953
526954
526956
526957
526958
526959
527037
527043
527049
527201
527271
527341
527425
527483
527629
540309
540392
540402
540479
540481
540570
540720
541020
554125
567563
567728
567808
608389
608458
649893
