318963
331710
331753
344712
344907
344962
357895
358232
371162
384123
384126
384168
397061
397114
397117
397224
397913
409867
409964
410015
410019
410129
410194
410252
422919
422977
423035
423040
423092
423093
423094
423144
423208
436054
436055
436062
436226
436281
436282
436347
436351
436815
437471
437548
449361
449423
449483
449486
449547
449550
449556
449608
449617
449682
450354
462485
462628
462636
462682
462816
462877
462943
462945
462946
463322
475662
475707
475815
476140
488976
489537
489870
489931
490005
502608
502611
502675
502676
502745
502747
502748
503173
503321
503700
503943
515747
515987
516938
516952
516953
528946
528999
529224
529288
529358
529359
529428
529429
529434
529498
529500
529570
529571
529574
530243
530324
530406
530474
542946
542947
542948
543017
543019
543021
543095
543096
543314
543324
543458
543460
543680
543751
543830
543989
544063
544073
544075
544145
544146
544155
556532
556592
556597
556663
556664
556732
556735
556743
556812
556814
556825
556961
556968
557036
557038
557043
557109
557110
557187
557402
557403
557478
557479
557485
557551
557554
557635
557717
557796
557798
557872
557959
557960
557961
558038
569672
570129
570195
570201
570342
570412
570551
570617
570686
570753
570885
570886
571106
571113
571185
571188
571261
571263
571265
571267
571269
571272
571343
571344
571346
571350
571351
571354
571423
571425
571427
571432
571433
571434
571512
583294
583358
583421
583554
583693
584062
584136
584291
584302
584304
584384
584691
584773
584775
584851
584852
584858
584935
584939
584941
584943
584944
585020
596584
597168
597378
597386
597387
597450
597453
597524
597530
597531
597533
597540
597541
597609
597617
597686
597691
597695
597768
598024
598104
598259
598346
598414
598422
598505
610218
610220
611053
611057
611070
611134
611135
611143
611145
611147
611148
611213
611298
611299
611301
611307
611381
611456
611457
611540
611543
611629
611783
611789
611863
611935
611941
624566
624567
624570
624580
624714
624715
624790
624792
624798
624805
624808
624881
624960
624961
625120
625278
625454
625694
638244
638252
638318
638320
638474
638552
638553
638554
638635
638636
638712
639206
639207
639284
652005
652078
652084
652085
652148
652152
652153
652154
652155
652304
652306
652791
652945
665447
665450
665521
665522
665523
665594
665595
665597
665598
665666
665677
665678
678707
678994
678995
679072
679145
679148
679149
679150
692294
692366
692436
692510
692511
692590
692594
692668
693048
705632
705701
705772
719016
