614168
641577
654952
668413
668414
681935
707920
708841
734683
735060
747511
747692
747938
748011
748170
748171
748492
760531
760669
760842
760932
760942
761103
761105
761190
761356
761450
761540
773254
773255
773330
773331
773332
773333
773338
773653
773659
773747
773757
773832
773924
774008
785369
785664
785734
785735
785738
785742
785817
785818
785821
785900
785903
785907
785987
785988
786071
786333
786342
786410
786432
786435
786587
797936
798118
798175
798263
798264
798265
798348
798349
798350
798351
798366
798429
798430
798431
798440
798512
798517
798518
798519
798520
798524
798600
798601
798615
798618
798687
798688
798695
798696
798701
798768
798772
798848
798849
799009
799012
799260
799353
799354
809828
809906
810002
810221
810303
810306
810307
810308
810312
810325
810328
810381
810387
810388
810389
810390
810391
810392
810393
810395
810408
810410
810462
810464
810467
810469
810470
810471
810472
810474
810475
810476
810478
810490
810491
810544
810546
810547
810548
810550
810551
810553
810554
810557
810558
810559
810572
810621
810622
810625
810626
810628
810629
810631
810640
810644
810645
810646
810704
810708
810712
810781
810782
810857
811021
811022
811023
811097
811099
811101
811102
811103
811108
811174
811176
811177
811178
811179
811180
811184
811185
811186
811187
811191
811262
811265
811266
811271
811272
811275
811276
811359
811360
811454
811457
811458
821205
821276
821433
821509
821975
821981
822056
822057
822062
822064
822068
822071
822143
822145
822146
822147
822149
822150
822151
822152
822153
822154
822168
822221
822223
822224
822226
822228
822229
822230
822297
822299
822300
822303
822365
822366
822373
822377
822389
822446
822520
822582
822792
822795
822876
822878
822879
823263
832578
832579
832896
833297
833373
833374
833376
833377
833393
833449
833450
833451
833452
833453
833461
833524
833525
833526
833527
833532
833602
833604
833607
833681
833692
833748
833819
833883
834104
834192
843653
843822
844295
844298
844451
844453
844466
844524
844526
844528
844593
844594
844602
844611
844797
844859
844864
845102
845200
845404
845471
854479
854480
855108
855113
855181
855185
855247
855253
855390
855393
855584
855586
855937
855945
865552
865553
865622
865975
866122
866135
866201
875953
876022
876097
876100
885850
885920
885925
886072
886147
886149
886223
886224
886380
894269
895273
895575
903629
904391
904695
912300
912471
912777
912901
913260
913265
920844
920848
921002
921076
921567
921626
929416
929873
930174
930317
930318
937659
938123
945471
945579
945700
946302
952941
953040
953705
960213
960299
960300
960338
960583
967484
967782
974645
988742
