150268
150269
150558
170784
181906
192588
192791
192898
203919
204027
214880
215318
215319
224747
226799
226904
236686
236792
237407
237513
238769
238771
238772
238875
249073
249074
249491
249595
250854
250857
250864
250873
261677
261679
261785
261786
261888
261892
261994
262097
262299
262306
262391
262492
263039
263040
263041
263044
263153
273740
273942
274054
274061
274155
274258
274259
274260
274357
274549
275067
275173
275283
275284
275285
275288
275393
286215
286321
286419
286420
286632
286633
286731
286740
286741
286822
286825
286923
287031
287129
287144
287235
287245
287247
287466
287566
287567
287572
287576
287677
287678
287689
298625
298633
299117
299132
299217
299231
299232
299323
299324
299342
299430
299431
299536
299537
299644
299652
299655
299754
299871
311148
311249
311633
311637
311959
311965
312076
324412
324618
324619
324623
324640
324730
324735
324842
324843
324846
324847
324848
324955
324957
336977
337502
337504
337510
337612
337613
337615
337616
337617
337619
337718
337723
350097
350519
350520
350629
350631
350636
363081
363288
363490
363497
363500
363603
363604
363701
376443
376544
376545
376642
376745
376753
389513
389515
389613
389723
389809
389817
389915
402290
402576
402676
402685
402772
402783
402872
415705
415907
494432
494519
507739
