56760
57246
63289
63527
70690
71103
86111
86113
86201
103124
110996
111674
111953
120446
120804
120893
121091
121192
121365
130277
130660
130752
140189
140283
140380
140474
140668
149738
149822
149826
149832
150020
150192
159872
159955
160039
160053
160133
160503
170244
170245
170505
170517
170597
170984
170986
170989
171073
171271
180711
180789
181072
181075
181254
181256
181269
181454
181558
181637
181638
181639
181640
192141
192227
192234
192324
192331
192341
192517
203235
203238
203429
203533
203631
214712
214920
215032
215135
215142
225872
225884
225990
226104
226191
226396
226407
226510
237627
237649
237851
237858
238262
238274
249190
249290
249833
250047
250248
250356
250460
261912
262018
262019
262121
262220
262640
273855
273863
274163
274376
274384
274390
274480
274482
274580
274584
274683
286126
286238
286241
286342
286343
286344
286345
286346
286449
286552
286654
286745
286747
286748
286844
286845
286849
286949
286953
286954
287055
287062
287063
287174
287175
298546
298648
298653
298853
298856
298951
298955
298961
299047
299052
299057
299151
299152
299258
299260
299361
299364
299365
310838
310844
311161
311164
311255
311258
311268
311653
311657
311667
311760
311767
311775
311874
311875
311886
323700
323810
323906
323917
323919
324315
324316
324317
324425
324427
324434
324539
324546
324550
324646
324647
336685
336689
336785
337222
337326
349598
350438
362687
362887
362888
362987
362992
362993
363099
363105
363204
363207
375963
376054
376155
376260
376265
388934
389033
389126
389234
389235
389240
389332
389424
389527
389627
389630
389631
389632
402106
402199
402486
402587
402588
402686
402687
415051
415052
415056
415138
415235
415622
415623
428133
428772
428872
441143
441144
441241
441343
441557
441558
441562
441994
442109
454426
454427
454428
454430
454431
454432
454434
454540
454541
454542
454543
454649
454650
454651
454652
454653
454758
454759
455720
467449
467549
467550
467554
467555
467556
467560
467562
467665
467669
467670
467682
467768
467774
467775
467777
467877
467884
467885
467886
467895
467991
467992
480612
480716
480721
480723
480724
480726
480825
480934
480936
481041
481055
481150
481151
481367
493112
493889
493910
493994
494005
494099
494419
494526
494625
494634
494723
494725
506208
506295
506748
507057
507353
507354
507555
507646
507857
519877
520288
520572
520772
520866
533409
