100081
101142
104999
105080
109532
109915
113950
113957
118776
118856
119009
119014
119016
119092
119167
119170
119317
121312
123098
123177
123178
123185
123267
123268
123272
123273
123358
128265
128344
128424
128503
129280
129281
129282
129362
129449
129451
129452
129625
129711
129973
130415
130417
130512
130606
132509
132600
132688
132778
132786
132876
138027
138028
138045
138109
138190
138898
138986
139061
139062
139066
139145
139146
139233
139324
139325
140322
140323
140420
142263
142264
142357
142362
142443
142542
142547
142637
142638
142641
142841
146948
147756
147836
147837
147842
147911
147912
147914
147915
147916
147994
147996
147997
148074
148076
148877
148962
149049
149137
149138
149139
149233
149874
149875
150052
150129
150422
151198
151296
151308
152097
152374
152380
152467
152468
152473
152474
152478
152579
152681
153843
153935
156946
157125
157805
157887
157888
157889
157894
157964
157967
157972
157984
158047
158048
158049
158053
158128
158133
158200
159096
159184
159186
159269
159270
159271
159828
159922
160274
160356
160359
160450
160822
160823
160922
160923
160929
161021
161028
161124
161216
161220
161314
161316
161420
161509
161609
162305
162306
162308
162314
162397
162603
162611
163555
163652
163662
163922
164185
167288
167291
167350
167355
167356
167412
167413
167416
167482
167483
167484
167485
167571
167628
167630
168020
168182
168258
168262
168263
168264
168265
168339
168348
168351
168426
168430
168436
168437
168507
168510
168516
168591
168814
168977
169230
169231
169393
169397
169475
169476
169559
169563
169565
169655
169657
169833
169837
169843
170104
170287
170382
170466
170549
170550
170552
170554
170556
170641
170643
170644
170652
170734
170742
170829
170834
170841
170925
170929
170935
171020
171101
171201
171205
171309
171310
171413
171517
171518
171623
171624
171821
171913
172004
172301
172398
172399
172503
172505
172696
172799
172893
172900
172907
173003
173105
174062
174152
174153
174519
174526
177557
177670
177736
177737
177798
177804
177863
177864
177866
177867
177931
177934
177935
177936
177941
178001
178002
178003
178006
178068
178070
178071
178142
178143
178148
178218
178219
178290
178295
178296
178601
178603
178677
178678
178679
178763
178765
178840
178847
178851
178926
178927
178935
179007
179010
179091
179092
179173
179174
179263
179582
179673
179676
179684
179763
179766
179767
179855
180016
180023
180026
180092
180096
180189
180371
180381
180554
180654
180742
180835
180836
180847
180935
180941
181016
181023
181024
181108
181111
181114
181117
181202
181212
181213
181316
181392
181403
181487
181488
181494
181495
181496
181576
181581
181582
181668
181670
181672
181764
181770
181874
181878
181980
181985
182086
182091
182196
182296
182578
182675
182679
182683
182772
182776
182870
182875
182979
182982
183089
183091
183196
183197
183289
183297
183386
183387
183389
183483
183489
183494
183591
183594
183595
183796
183805
184464
184862
184956
184957
185048
185051
185139
185319
188637
188697
188698
188699
188701
188705
188764
188766
188767
188770
188771
188774
188777
188841
188843
188844
188845
188846
188847
188850
188910
188911
188912
188919
188980
188981
188982
188984
188985
188992
189053
189054
189056
189060
189062
189127
189132
189139
189371
189375
189444
189446
189449
189518
189522
189661
189662
189744
189745
189826
189829
189916
189917
189922
190004
190008
190083
190088
190412
190507
190511
190514
190598
190607
190691
190873
190946
190952
191035
191036
191127
191218
191221
191222
191226
191309
191312
191314
191315
191409
191412
191414
191415
191416
191506
191507
191602
191607
191696
191701
191702
191791
191793
191795
191797
191883
191887
191892
191893
191974
191977
191983
191985
191986
192069
192070
192071
192074
192081
192167
192169
192175
192177
192178
192265
192266
192267
192268
192275
192277
192281
192363
192364
192365
192370
192371
192374
192454
192551
192553
192556
192557
192661
192666
192753
192755
192759
192860
192863
192869
192870
192972
192979
192980
193100
193195
193196
193197
193294
193295
193303
193392
193398
193399
193400
193403
193405
193491
193493
193495
193497
193502
193588
193591
193596
193688
193689
193693
193696
193791
193901
194006
194103
194105
194110
194111
194208
194210
194213
194214
194306
194310
194312
194313
194315
194410
194411
194419
194422
194515
194521
194525
194526
194628
194820
194826
199469
199478
199600
199603
199605
199673
199674
199739
199741
199742
199746
199752
199809
199810
199811
199812
199821
199879
199881
199882
199883
199884
199885
199886
199950
199951
199953
199959
200023
200025
200026
200028
200034
200095
200097
200098
200099
200100
200101
200102
200180
200187
200259
200335
200416
200421
200424
200498
200500
200577
200645
200794
200798
200799
200800
200889
200891
200979
201060
201067
201145
201232
201320
201484
201575
201577
201580
201664
201666
201671
201672
201678
201760
201761
201763
201765
201858
201859
201860
201862
201866
201951
201954
202033
202034
202039
202040
202114
202117
202122
202140
202204
202206
202207
202208
202209
202217
202301
202303
202306
202308
202401
202410
202414
202495
202496
202500
202501
202506
202593
202595
202596
202691
202696
202802
202881
202882
202888
202890
202978
202980
202988
203067
203069
203070
203071
203079
203080
203161
203163
203165
203173
203174
203265
203267
203273
203275
203277
203364
203366
203367
203373
203463
203464
203469
203470
203471
203563
203565
203571
203572
203670
203675
203676
203776
203778
203779
203882
203886
203887
203888
203894
203991
203993
203999
204004
204101
204102
204106
204110
204207
204209
204210
204215
204216
204315
204317
204318
204331
204426
204427
204429
204433
204530
204532
204533
204535
204536
204537
204541
204629
204631
204632
204633
204647
204735
204827
204828
204938
205033
205038
205042
205140
205143
205145
205246
205247
205250
205347
205352
205353
205355
205451
205453
205456
205563
205568
205668
205778
205975
206253
206671
207081
207159
207445
207543
210651
210652
210775
210780
210837
210838
210847
210907
210917
210918
210989
210991
210994
211056
211057
211058
211059
211127
211128
211129
211135
211202
211203
211205
211272
211277
211278
211286
211348
211510
211511
211512
211747
211749
211755
211829
211832
211846
211912
211916
211925
211992
211993
211994
212007
212075
212078
212081
212162
212164
212254
212344
212424
212425
212432
212494
212503
212585
212589
212662
212670
212753
212754
212755
212764
212844
212847
212850
212935
212944
213028
213030
213031
213034
213123
213124
213127
213213
213216
213219
213220
213222
213305
213306
213310
213311
213312
213388
213395
213410
213476
213481
213482
213487
213570
213571
213574
213584
213665
213666
213672
213759
213765
213770
213855
213862
213870
213956
213961
213964
214057
214062
214063
214157
214158
214265
214354
214356
214360
214449
214451
214452
214460
214546
214547
214548
214554
214555
214646
214651
214744
214752
214846
214847
214953
214954
214955
214956
214957
214960
214968
215060
215063
215066
215067
215073
215171
215172
215173
215175
215177
215178
215180
215282
215286
215287
215288
215289
215290
215391
215393
215395
215398
215399
215500
215501
215502
215503
215504
215509
215516
215606
215608
215609
215613
215620
215710
215711
215712
215719
215813
215814
215815
215816
215817
215915
215916
215917
215919
216019
216020
216021
216117
216121
216218
216313
216316
216319
216321
216426
216427
216527
216528
216531
216532
216533
216544
216630
216636
216637
216639
216642
216737
216743
216745
216857
216960
217359
217558
217569
217765
217878
218187
218583
221914
222301
222365
222372
222441
222448
222449
222451
222456
222520
222523
222524
222525
222596
222600
222663
222665
222666
222667
222740
222813
222818
222891
222976
223053
223132
223136
223137
223138
223139
223146
223229
223231
223235
223307
223309
223312
223314
223319
223395
223398
223400
223404
223483
223484
223486
223487
223491
223494
223571
223572
223575
223576
223655
223659
223661
223745
223749
223750
223828
223833
223834
223835
223908
223916
223978
223979
223983
223984
223985
223987
224066
224071
224075
224081
224149
224157
224242
224244
224333
224334
224416
224419
224428
224518
224613
224711
224712
224717
224810
224812
224906
224907
224908
224909
225002
225004
225009
225098
225104
225105
225106
225196
225205
225209
225301
225302
225303
225315
225397
225403
225407
225503
225505
225506
225509
225601
225610
225707
225712
225713
225714
225810
225818
225915
225916
225918
225919
225923
225924
226018
226021
226023
226029
226034
226115
226119
226127
226219
226221
226233
226324
226326
226334
226433
226434
226435
226442
226540
226541
226542
226543
226544
226549
226550
226552
226646
226647
226648
226649
226654
226661
226758
226760
226762
226765
226864
226870
226871
226872
226874
226875
226876
226879
226978
226979
226980
226983
226986
226993
227080
227081
227082
227083
227084
227088
227090
227093
227094
227181
227182
227185
227187
227286
227387
227389
227390
227400
227490
227491
227492
227493
227495
227500
227593
227598
227600
227693
227695
227705
227794
227795
227798
227903
227904
227905
227909
228016
228020
228132
228134
228241
228242
228352
228354
228985
229707
230018
230786
233073
233745
233816
234075
234076
234083
234158
234161
234238
234239
234241
234245
234314
234318
234390
234457
234458
234462
234533
234613
234689
234703
234772
234773
234775
234855
234857
234860
234868
234945
234952
234956
235029
235031
235037
235039
235042
235125
235128
235136
235213
235214
235217
235218
235219
235222
235296
235298
235300
235302
235305
235310
235385
235391
235476
235479
235480
235559
235560
235565
235654
235807
235883
235965
235966
235981
236058
236059
236063
236068
236153
236252
236253
236347
236350
236351
236361
236452
236454
236554
236653
236654
236754
236755
236760
236851
236859
236865
236954
236958
236959
237053
237059
237060
237062
237158
237160
237161
237162
237167
237262
237263
237358
237361
237366
237367
237461
237463
237468
237469
237470
237567
237672
237677
237679
237681
237682
237784
237785
237791
237883
237885
237887
237893
237982
237983
237988
237992
237997
238082
238083
238086
238088
238089
238092
238093
238094
238194
238195
238197
238202
238299
238301
238305
238311
238312
238313
238407
238408
238410
238411
238414
238415
238417
238513
238515
238516
238517
238538
238624
238628
238630
238631
238632
238633
238634
238737
238740
238741
238743
238842
238843
238846
238847
238938
238940
238942
238943
238944
239041
239044
239047
239048
239051
239148
239149
239150
239151
239253
239254
239256
239258
239260
239263
239359
239360
239361
239362
239364
239366
239368
239467
239468
239469
239470
239577
239579
239582
239587
239683
239690
239695
239791
239800
239803
239901
239906
239908
239911
240020
240689
241892
244677
245051
245231
245973
246036
246043
246044
246110
246117
246273
246350
246357
246365
246429
246430
246499
246503
246506
246577
246580
246740
246825
246827
246828
246915
246916
246919
246998
247002
247004
247007
247091
247092
247093
247095
247096
247097
247179
247181
247189
247191
247268
247272
247274
247355
247356
247435
247436
247438
247439
247515
247531
247532
247614
247713
247780
247782
247789
247793
247864
247872
247954
247959
248049
248132
248225
248228
248242
248329
248430
248532
248537
248623
248631
248639
248726
248732
248735
248736
248832
248837
248936
248941
249031
249034
249037
249039
249040
249044
249133
249142
249147
249233
249236
249243
249249
249335
249337
249344
249352
249438
249441
249442
249447
249451
249544
249546
249559
249564
249653
249659
249660
249864
249868
249878
249976
249979
249980
249983
250175
250283
250284
250289
250290
250393
250394
250402
250498
250499
250606
250610
250611
250612
250613
250614
250615
250722
250724
250725
250733
250827
250831
250834
250926
250929
250930
250936
251030
251031
251033
251036
251043
251138
251141
251143
251248
251357
251358
251359
251360
251361
251364
251372
251469
251477
251581
251584
251586
251588
251691
251695
251702
251806
252802
252902
252997
253002
253748
253827
253920
253925
254021
254221
256909
257140
257143
257194
257196
257204
257904
257979
258041
258042
258044
258119
258121
258123
258194
258195
258274
258435
258442
258448
258522
258524
258525
258528
258600
258602
258604
258606
258676
258677
258680
258681
258683
258686
258760
258761
258770
258836
258839
258842
258845
258911
258927
258996
258999
259002
259006
259080
259088
259169
259177
259178
259256
259257
259264
259266
259346
259352
259354
259441
259531
259610
259617
259707
259711
259713
259725
259798
259799
259801
259804
259895
259975
259983
260063
260143
260145
260234
260236
260241
260322
260328
260509
260510
260518
260611
260619
260623
260712
260725
260815
260823
260918
260924
261034
261128
261133
261226
261336
261426
261427
261432
261527
261528
261529
261534
261535
261627
261629
261635
261636
261731
261736
261738
261739
261742
261839
261840
261846
261847
261946
261947
261950
261952
261953
261954
262053
262054
262057
262156
262158
262257
262262
262355
262356
262360
262364
262458
262461
262466
262565
262571
262673
262676
262681
262682
262685
262786
262787
262789
262791
262794
262897
262902
262903
263005
263011
263016
263118
263124
263129
263221
263227
263334
263442
263444
263448
263553
263554
263562
263564
263667
263669
263671
263673
263781
263783
263784
263886
264105
264443
264552
264556
264667
264778
264780
264886
264888
264889
264891
264986
264987
265080
265085
265305
266235
267757
269440
269564
269609
270047
270179
270319
270415
270475
270550
270631
270710
270711
270720
270722
270803
270805
270806
270879
270880
270884
270890
270968
270973
271046
271049
271052
271132
271210
271219
271277
271286
271287
271299
271365
271368
271442
271449
271528
271535
271537
271538
271717
271796
271808
271891
271893
271896
271973
271977
271981
271984
272080
272168
272249
272339
272344
272423
272428
272433
272599
272688
272695
272882
272981
273087
273187
273190
273496
273598
273700
273706
273800
273821
273901
273904
274011
274106
274107
274113
274115
274209
274210
274215
274312
274314
274318
274324
274424
274425
274512
274513
274612
274619
274725
274827
274935
275033
275139
275150
275262
275266
275361
275476
275481
275578
275589
275699
275809
275915
275921
275925
276030
276037
276143
276256
276479
276485
276715
276826
276827
276830
276934
276939
277055
277152
277156
277345
277346
277349
277350
277444
277555
277556
281792
281795
281851
281852
281913
281972
281975
281980
282029
282083
282142
282801
282809
282962
282963
283043
283045
283197
283279
283281
283287
283370
283372
283373
283374
283457
283460
283535
283539
283550
283619
283623
283630
283703
283705
283785
283863
283940
283951
284026
284115
284201
284284
284459
284550
284553
284817
284826
284986
285076
285080
285081
285266
285271
285355
285458
285464
285465
285559
285762
285766
285867
286071
286087
286173
286277
286278
286283
286381
286387
286390
286482
286484
286491
286585
286587
286691
286985
287098
287102
287209
287212
287321
287322
287323
287425
287438
287534
287538
287547
287646
287654
287762
287858
287968
288080
288196
288197
288300
288306
288307
288418
288528
288535
289190
289198
289421
290026
290027
290141
290757
290983
290984
291861
294052
294094
294355
294357
294363
294415
294423
294649
294714
295064
295251
295325
295480
295557
295562
295564
295566
295639
295643
295646
295890
295894
295904
295974
296138
296144
296319
296405
296489
296565
296566
296570
296576
296656
296812
297058
297060
297062
297154
297239
297242
297511
297595
297694
298177
298279
298899
298991
299087
299088
299506
299615
299616
299836
299837
299843
299954
299955
299961
300064
300069
300070
300170
300179
300182
300291
300295
300393
300399
300499
300502
300622
300724
300830
300831
300945
301054
301171
301284
301385
301615
301945
301959
302056
302057
302171
303246
304155
306844
306900
306902
306962
306964
307246
307594
307595
307666
308021
308101
308105
308186
308268
308350
308429
308433
308515
308610
308700
308701
309060
309146
309230
309743
310299
310994
311095
311198
311594
311700
311806
312928
313473
313575
313678
313789
313795
313900
313901
314236
314569
314570
314796
315199
315810
315911
315912
316027
316121
316907
316908
319738
319799
319854
319858
319911
319915
319918
319922
319975
319976
320039
320102
320312
320448
320516
320909
321067
321073
321157
321158
321251
321430
321523
321614
321699
321789
321962
324359
324473
324577
324582
326536
326539
326736
326737
326845
326848
326961
326969
327075
327724
328129
328755
328759
328766
328863
328872
328957
329535
330215
332403
332458
332577
332578
332583
332640
332710
332769
332830
333273
333502
334006
334192
334281
334461
334464
334639
337471
339750
339751
339963
340084
340085
340297
340397
340710
340714
341354
341359
341471
341561
341562
341566
341570
341661
341662
341667
341763
341770
341771
343321
345449
345575
345578
345580
345644
345648
345709
345711
345716
345778
345853
345926
346076
346552
346555
346561
346567
346811
346900
347177
347440
352754
352852
352853
353070
353071
353175
353289
353290
353399
353492
353595
353596
354140
354256
354357
354365
354465
354554
354561
354651
354654
354656
354754
354755
354845
354851
355693
358470
358594
358661
358734
358863
359171
359484
359735
359740
359820
359908
366003
366113
366304
366305
366734
366738
366746
366847
367052
367288
367391
367392
367491
367493
367592
367691
367695
367702
367707
367801
367806
367910
367912
368502
368680
368695
368859
371725
371796
372074
372372
372376
372627
372779
372857
372938
379308
379521
379752
379976
380079
380080
380186
380308
380525
380622
380627
380835
380845
380943
380945
380947
381046
384992
384993
385065
385352
385500
386067
386139
386212
386273
392876
392879
393524
393834
394814
394979
398297
398432
398506
398507
398666
399947
405779
405781
405879
405981
405986
405987
406094
406102
406410
406516
406922
407582
407659
407753
410955
411406
411474
411475
418931
419030
419657
420579
423882
423952
423953
424411
424417
424784
437115
437188
437495
437568
437639
445377
450749
450752
458298
458713
458929
463546
463553
463618
463623
463899
463901
464070
476535
476541
476602
476677
476958
476967
476968
484941
485948
489889
490038
490182
490257
502992
503270
503429
512108
529612
530039
530040
543564
543639
552735
557223
557599
570157
