264975
277145
277243
287855
288635
288636
301049
301160
301381
302250
302253
302354
313782
313891
314671
314672
314780
314781
314782
314783
314789
314885
314888
314889
314890
314980
314982
314984
314986
315090
326627
327289
327300
327398
327399
327401
327504
327510
327512
327612
327615
327616
327617
327809
328009
328012
340175
340176
340188
340277
340278
340280
340384
340387
340389
340390
340395
340495
340502
340915
352841
352950
353057
353059
353162
353164
353165
353268
353269
353375
353489
353905
365145
365558
365879
365880
365987
366094
366189
366190
366510
378567
378666
378667
378770
378772
378886
379509
380286
391693
391900
391997
393068
