58883
68619
76095
76411
76480
83714
83715
83973
84243
92342
92415
92416
92488
94442
100405
100691
100695
100845
100987
100991
101661
102179
109668
110199
111270
111428
111429
111513
111515
111607
111608
111702
111982
117763
118177
118615
119526
119742
120155
120239
120396
120399
120490
120564
120567
120647
120736
120738
120739
120834
122046
127138
127499
127566
127567
127637
127642
127709
127777
127781
127930
127933
127934
128011
128012
128013
128094
128100
128171
128178
128253
128257
128334
128411
129447
129528
129614
129706
129786
129875
129876
129880
129959
129961
130046
130047
130048
130134
130146
130216
130219
130309
130317
130318
130398
130404
130405
130588
131435
131531
131629
137135
137138
137194
137323
137387
137395
137461
137467
137535
137536
137615
137697
137703
137778
137937
137940
138021
138102
138272
138414
138492
139230
139312
139313
139315
139409
139491
139496
139584
139675
139676
139677
139680
139681
139766
139767
139769
139855
139856
139857
139948
139949
139950
140037
140040
140125
140220
140307
140314
140404
140408
141073
141459
141553
141554
142437
142530
142539
147144
147209
147216
147278
147281
147282
147284
147285
147286
147356
147429
147432
147507
147587
147669
147748
147819
149218
149308
149309
149398
149399
149400
149403
149409
149410
149485
149490
149491
149492
149495
149502
149582
149583
149584
149585
149587
149589
149674
149675
149677
149678
149682
149769
149770
149773
149775
149862
149866
149868
149946
149948
150121
150127
150215
150218
150220
150223
150312
150314
150317
150406
150505
150506
150508
150510
150604
151080
151278
151281
151372
152569
157003
157063
157129
157195
157257
157261
157271
157328
157330
157331
157346
157404
157405
157476
157556
157557
157633
157792
157873
158032
158347
158992
158995
159349
159351
159353
159440
159446
159454
159529
159532
159533
159534
159535
159624
159626
159627
159628
159629
159715
159716
159717
159718
159719
159720
159724
159808
159813
159897
159899
159900
159988
159989
159992
160078
160262
160342
160343
160346
160347
160349
160350
160435
160436
160437
160438
160439
160447
160528
160530
160532
160539
160618
160621
160622
160809
160912
160913
160915
161002
161012
161017
161107
161108
161110
161206
161210
161301
161308
161397
161490
161503
162395
162595
162701
163361
163450
163451
166745
166802
166808
166867
167341
167348
167420
167472
167473
167474
167557
167617
167622
167693
167694
167698
167699
167921
167997
168078
168415
169387
169469
169654
169732
169734
169822
169824
169827
169834
169839
169914
169916
169926
170005
170009
170020
170096
170097
170098
170099
170100
170101
170191
170192
170193
170282
170284
170285
170449
170451
170452
170463
170539
170541
170543
170548
170551
170631
170633
170634
170635
170722
170724
170726
170728
170731
170819
170820
170821
170822
170823
170825
170827
170910
170913
170914
170915
170918
170919
171008
171009
171099
171191
171195
171196
171206
171291
171292
171293
171297
171307
171396
171397
171402
171405
171407
171498
171501
171604
171605
171607
171608
171613
171617
171702
171708
171802
171805
171806
171811
171903
171908
171988
172988
172990
173090
173091
173194
173197
173291
173466
173759
173955
177264
177310
177322
177373
177435
177926
177993
178057
178129
178133
178213
178280
178291
178430
178831
178833
178993
179001
179079
179327
179934
180169
180261
180262
180357
180358
180449
180450
180451
180453
180455
180456
180542
180543
180544
180545
180546
180547
180638
180639
180640
180642
180644
180645
180649
180734
180735
180737
180738
180826
180831
180834
180924
180926
180927
181003
181005
181006
181014
181021
181094
181095
181096
181097
181099
181190
181192
181193
181194
181195
181206
181287
181288
181289
181290
181295
181306
181384
181386
181387
181388
181393
181475
181479
181480
181481
181482
181483
181484
181571
181573
181763
181860
181868
181962
181963
181964
181971
181979
182064
182066
182068
182069
182070
182071
182072
182074
182172
182173
182175
182176
182180
182183
182186
182187
182276
182277
182279
182281
182282
182284
182383
182384
182385
182386
182387
182391
182392
182394
182400
182486
182487
182573
182574
182661
183472
183476
183486
183582
183583
183588
183687
183688
183694
183782
183783
183790
183792
183878
183879
183880
183881
183887
183972
184150
184353
184448
184751
188191
188265
188486
188555
188621
188839
188904
188973
189050
189115
189200
189352
189433
189504
189577
189651
189730
189897
189987
190001
190155
190235
190321
190327
190933
190945
191017
191018
191111
191112
191115
191117
191204
191206
191208
191210
191214
191219
191298
191299
191301
191302
191304
191307
191395
191397
191398
191399
191400
191404
191495
191497
191498
191499
191500
191501
191502
191591
191595
191598
191685
191686
191688
191693
191776
191777
191778
191785
191870
191871
191872
191873
191874
191875
191877
191882
191962
191965
191966
191967
191968
191969
191971
191981
192060
192062
192066
192068
192078
192161
192162
192164
192166
192253
192256
192257
192258
192259
192260
192261
192351
192355
192357
192358
192446
192453
192457
192555
192637
192640
192648
192654
192740
192743
192745
192748
192749
192752
192758
192849
192850
192851
192852
192856
192857
192955
192957
192958
192959
192961
192966
192967
193067
193068
193069
193070
193072
193077
193078
193179
193181
193183
193279
193280
193281
193283
193290
193297
193383
193388
193393
193394
193484
193488
193489
193490
193494
193585
193686
193785
194512
194609
194613
194624
194708
194710
194713
194722
194802
194804
194805
194807
194811
194813
194903
194991
195187
195290
195498
195693
195790
196355
198959
199221
199284
199347
199404
199466
199594
199663
199667
200013
200022
200090
200165
200177
200242
200322
200410
200481
200487
200626
200786
200873
200879
200956
200961
201047
201048
201217
201390
201562
201563
201656
201657
201658
201748
201751
201753
201842
201845
201847
201852
201936
201937
202020
202024
202028
202029
202038
202104
202107
202109
202191
202192
202213
202289
202294
202298
202299
202384
202385
202387
202483
202489
202586
202590
202676
202682
202683
202684
202685
202690
202775
202777
202778
202779
202782
202794
202870
202872
202874
202876
202879
202880
202883
202889
202968
202970
202971
202972
202973
202974
202975
203061
203062
203064
203065
203066
203153
203156
203158
203159
203162
203168
203255
203258
203260
203262
203264
203268
203355
203359
203363
203365
203371
203372
203454
203456
203553
203554
203555
203562
203651
203653
203654
203658
203659
203660
203661
203759
203761
203762
203766
203769
203770
203774
203866
203867
203869
203870
203871
203875
203876
203881
203975
203977
203978
203979
203981
203984
203989
204087
204088
204090
204091
204092
204097
204099
204194
204195
204196
204201
204206
204214
204301
204303
204304
204310
204311
204411
204414
204422
204517
204524
204619
204717
204732
204813
204915
205020
205439
205463
205553
205662
205769
205773
205864
205875
205961
205962
205963
205965
205978
206662
206762
210420
210465
210525
210526
210527
210586
210592
210648
210649
210834
210904
211199
211200
211343
211344
211347
211349
211355
211412
211416
211419
211420
211501
211516
211746
211978
212058
212061
212063
212147
212239
212573
212574
212576
212650
212655
212656
212741
212743
212746
212830
212843
212928
213023
213029
213108
213117
213203
213206
213208
213297
213387
213400
213471
213475
213561
213565
213660
213662
213753
213758
213847
213852
213853
213859
213944
213946
213950
213952
214046
214047
214050
214054
214059
214146
214147
214148
214149
214151
214160
214247
214248
214249
214251
214255
214267
214342
214343
214344
214346
214347
214348
214349
214350
214352
214438
214439
214440
214441
214443
214444
214445
214447
214448
214456
214531
214533
214534
214535
214538
214539
214542
214550
214628
214630
214631
214632
214634
214635
214636
214638
214648
214649
214729
214731
214732
214733
214734
214735
214736
214738
214751
214832
214833
214834
214835
214839
214840
214842
214844
214845
214852
214939
214940
214944
214947
214948
214950
214952
215045
215047
215048
215049
215050
215051
215053
215057
215155
215158
215162
215264
215266
215267
215268
215275
215276
215278
215284
215377
215378
215379
215381
215384
215385
215388
215486
215491
215497
215598
215600
215703
215704
215706
215800
215804
215806
215812
215912
216028
216412
216415
216416
216523
216524
216846
216953
217052
217053
217057
217062
217156
217157
217159
217163
217257
217264
217555
217556
217656
217760
217859
217967
218084
218182
218275
218276
218292
218575
218855
221837
221895
221896
221897
221898
221958
221965
221969
221970
222027
222029
222033
222089
222101
222102
222148
222153
222284
222356
222361
222431
222439
222442
222514
222723
222732
222803
222806
222810
222816
222877
222882
222883
222959
222963
222964
223035
223205
223303
223305
223385
223469
223642
223645
223646
223727
223813
223820
223892
223896
223972
223975
224057
224059
224060
224141
224142
224228
224230
224316
224321
224322
224404
224405
224411
224412
224498
224504
224602
224694
224697
224698
224699
224795
224797
224798
224799
224803
224890
224893
224894
224895
224896
224897
224899
224986
224987
224991
224992
224993
224994
224995
224996
225085
225091
225093
225095
225096
225186
225188
225189
225190
225191
225192
225194
225195
225200
225287
225288
225289
225290
225291
225292
225293
225294
225295
225296
225386
225391
225393
225394
225395
225396
225490
225493
225494
225495
225496
225497
225498
225586
225596
225597
225599
225692
225695
225696
225702
225703
225708
225798
225799
225800
225802
225804
225805
225808
225809
225904
225905
225906
225908
225913
225920
226007
226008
226009
226011
226013
226017
226101
226102
226105
226108
226109
226113
226125
226203
226205
226209
226210
226212
226213
226214
226216
226312
226313
226314
226315
226316
226317
226318
226319
226321
226417
226419
226421
226422
226424
226425
226428
226441
226526
226527
226528
226534
226535
226546
226632
226637
226643
226739
226740
226743
226744
226748
226750
226755
226852
226853
226854
226856
226860
226862
226863
226970
226976
227076
227078
227085
227171
227378
227482
227487
227589
228001
228017
228110
228119
228227
228229
228342
228447
228454
228458
228561
228567
228568
228576
228664
228665
228680
228682
228770
228771
228788
228872
228877
228878
228969
228970
229085
229091
229185
229490
229588
229589
229593
229600
229693
229695
229698
229909
230097
230200
230281
230289
230382
230484
230676
232969
233021
233066
233171
233539
233594
233595
233596
233599
233609
233658
233660
233662
233663
233664
233674
233727
233730
233736
233799
233800
233801
233803
233804
233805
233865
233866
233867
233870
233872
233928
233997
234001
234068
234069
234143
234230
234301
234302
234303
234307
234380
234383
234446
234452
234525
234612
234683
234687
234760
234763
234765
234847
234849
235020
235023
235024
235108
235109
235293
235384
235460
235543
235546
235552
235626
235706
235709
235713
235714
235787
235789
235797
235867
235872
235948
235956
235957
235960
236041
236042
236046
236049
236137
236140
236143
236144
236145
236233
236235
236248
236333
236336
236344
236433
236434
236438
236441
236446
236536
236537
236543
236544
236545
236552
236637
236642
236645
236648
236739
236740
236743
236745
236746
236747
236748
236837
236845
236846
236848
236940
236944
236945
236946
236947
236948
236949
237041
237043
237044
237046
237049
237050
237054
237139
237142
237146
237148
237149
237150
237151
237159
237243
237246
237248
237252
237253
237256
237346
237348
237350
237352
237354
237355
237356
237449
237451
237455
237457
237458
237460
237462
237556
237560
237563
237564
237662
237667
237668
237673
237674
237765
237766
237767
237770
237775
237782
237872
237873
237874
237880
237884
237969
237977
237978
237979
237980
237981
237986
238067
238071
238072
238076
238077
238080
238081
238179
238180
238182
238184
238185
238191
238284
238287
238288
238291
238292
238293
238294
238297
238303
238392
238393
238395
238396
238398
238401
238404
238406
238499
238501
238507
238508
238509
238510
238614
238615
238618
238621
238622
238731
238825
238826
238831
238929
238934
238936
239144
239242
239247
239351
239353
239354
239356
239570
239670
239783
240005
240006
240007
240226
240232
240339
240341
240345
240347
240351
240451
240454
240460
240561
240675
240685
240769
240771
240782
240861
240970
240978
240981
241087
241100
241206
241314
241494
241499
241598
241605
241698
241804
241886
241972
242071
242079
242176
242275
242371
245217
245605
245606
245607
245608
245619
245670
245671
245674
245675
245679
245740
245742
245747
245812
245816
245817
245819
245821
245885
245957
246030
246047
246107
246111
246177
246257
246261
246262
246335
246341
246342
246344
246347
246567
246644
246806
246810
246897
246984
247256
247341
247342
247343
247428
247507
247513
247525
247592
247600
247602
247683
247686
247691
247692
247772
247773
247778
247781
247941
248029
248043
248117
248122
248126
248127
248128
248133
248222
248223
248224
248226
248231
248319
248322
248419
248420
248423
248510
248517
248518
248520
248521
248613
248614
248615
248619
248620
248622
248714
248717
248719
248722
248725
248731
248815
248816
248825
248829
248917
248918
248924
248926
249019
249021
249026
249027
249032
249036
249125
249130
249132
249135
249229
249230
249237
249241
249326
249328
249330
249331
249333
249346
249431
249432
249436
249439
249446
249533
249534
249537
249540
249541
249639
249644
249648
249657
249748
249750
249751
249754
249756
249761
249852
249858
249859
249861
249964
249965
249966
249967
249969
250066
250068
250070
250074
250078
250161
250163
250164
250167
250168
250169
250170
250172
250173
250266
250267
250268
250269
250271
250272
250375
250381
250382
250383
250384
250387
250486
250488
250491
250596
250597
250598
250599
250727
250819
250915
250916
250927
251019
251021
251022
251038
251126
251135
251137
251145
251240
251676
252015
252122
252124
252237
252245
252343
252347
252348
252350
252351
252354
252454
252456
252460
252465
252471
252564
252567
252568
252569
252579
252693
252880
252882
252884
252886
252893
252983
252984
252994
253096
253100
253101
253208
253209
253220
253317
253428
253430
253526
253535
253539
253625
253725
253831
254004
254012
254204
254400
254401
254493
257622
257628
257688
257690
257696
257756
257757
257818
257819
257820
257821
257822
257824
257890
257891
257895
257970
257980
258112
258113
258116
258189
258200
258265
258280
258349
258354
258420
258432
258438
258506
258520
258586
258759
258825
258903
258987
259072
259073
259161
259255
259431
259517
259604
259608
259611
259616
259784
259793
259880
259881
259884
259964
260050
260058
260059
260133
260134
260138
260144
260148
260224
260227
260228
260230
260235
260240
260310
260314
260315
260318
260320
260321
260324
260404
260408
260409
260411
260419
260500
260502
260507
260513
260608
260702
260704
260706
260713
260806
260808
260809
260812
260816
260907
260909
260910
260913
260921
261009
261010
261114
261121
261216
261219
261317
261420
261422
261515
261523
261525
261526
261617
261622
261624
261626
261628
261720
261724
261728
261729
261734
261829
261834
261836
261838
261849
261936
261943
261944
262038
262055
262058
262143
262145
262153
262159
262239
262240
262244
262246
262339
262340
262344
262345
262346
262352
262353
262443
262447
262448
262450
262452
262454
262548
262553
262555
262561
262562
262660
262664
262665
262667
262780
262783
262790
262886
262891
262893
262900
262996
262997
262998
263001
263007
263099
263109
263113
263123
263208
263214
263219
263324
263325
263433
263438
263439
263548
263549
263777
263978
264082
264310
264311
264318
264422
264427
264431
264437
264536
264537
264538
264542
264543
264544
264565
264649
264650
264664
264665
264760
264776
264877
264973
265073
265076
265083
265180
265181
265185
265186
265187
265288
265289
265290
265292
265296
265299
265398
265399
265400
265401
265405
265406
265409
265509
265510
265517
265520
265534
265620
265625
265627
265641
265725
265730
265740
265827
265929
266018
266115
266233
266325
266335
266420
266422
266424
266425
269908
269973
270043
270115
270162
270165
270166
270167
270168
270232
270233
270238
270316
270317
270392
270393
270401
270467
270470
270543
270623
270624
270626
270705
270797
270883
270956
271044
271116
271127
271195
271352
271355
271448
271521
271529
271615
271697
271700
271704
271791
271792
271793
271876
271879
271880
271962
271966
271967
271971
271972
272054
272057
272058
272061
272150
272152
272236
272239
272243
272248
272250
272330
272335
272416
272417
272500
272503
272505
272506
272510
272592
272600
272679
272684
272690
272769
272772
272784
272874
272876
272979
272980
273075
273076
273086
273176
273178
273181
273184
273188
273280
273281
273282
273284
273287
273288
273385
273386
273387
273388
273390
273400
273486
273487
273490
273500
273588
273589
273590
273688
273689
273690
273693
273793
273794
273796
273803
273890
273891
273895
273907
273995
273999
274002
274009
274097
274098
274100
274102
274104
274105
274197
274200
274203
274205
274216
274303
274304
274305
274308
274309
274310
274313
274405
274406
274407
274408
274412
274419
274502
274600
274602
274603
274604
274608
274611
274707
274714
274810
274811
274815
274816
274914
274917
274919
274931
275023
275024
275025
275026
275027
275029
275035
275130
275132
275133
275134
275240
275243
275244
275245
275246
275248
275353
275354
275358
275360
275458
275460
275462
275464
275465
275469
275565
275566
275568
275570
275572
275673
275679
275680
275690
275790
275898
275908
275910
276013
276019
276129
276136
276247
276248
276252
276360
276463
276466
276467
276476
276481
276577
276578
276579
276586
276695
276699
276703
276805
276809
276811
276815
276819
276825
276922
276925
276926
276927
276929
277138
277148
277159
277335
277435
277442
277540
277543
277548
277552
277652
277653
277660
277661
277669
277765
277766
277770
277772
277773
277775
277882
277886
277887
277983
277993
278095
278098
278187
278190
278191
278194
278195
278198
278201
278279
278383
278384
278387
278400
278494
278603
278608
278610
278613
278715
278722
278811
278817
278822
278910
279099
279101
279199
279201
279206
279297
279305
279389
279476
279641
282262
282325
282400
282458
282462
282526
282532
282649
282650
282655
282713
282789
282795
282799
282870
282871
282874
282877
282879
282951
282957
282964
283037
283039
283114
283115
283120
283193
283194
283201
283275
283276
283280
283356
283365
283444
283445
283450
283523
283525
283528
283691
283694
283774
283782
283852
283853
283935
283942
283943
284025
284028
284099
284101
284103
284105
284106
284110
284282
284285
284359
284370
284460
284629
284638
284811
284816
284890
284898
284978
284984
285072
285073
285162
285256
285347
285350
285351
285449
285450
285457
285552
285555
285557
285560
285654
285658
285659
285663
285754
285757
285758
285761
285769
285858
285861
285864
285865
285873
285962
285965
285969
285972
286069
286070
286072
286168
286172
286178
286276
286372
286475
286478
286479
286480
286574
286575
286577
286580
286674
286675
286678
286680
286682
286768
286769
286777
286783
286867
286873
286876
286974
286975
286978
286980
286988
287084
287086
287087
287091
287192
287196
287197
287201
287203
287305
287306
287307
287327
287415
287416
287429
287537
287635
287649
287744
287746
287749
287751
287844
287846
287955
287956
287963
287967
287969
287970
288064
288066
288069
288071
288072
288079
288082
288173
288176
288178
288179
288189
288283
288286
288287
288288
288290
288303
288401
288406
288519
288625
288629
288630
288642
288740
288742
288743
288745
288746
288749
288848
288852
288862
288961
289066
289067
289068
289070
289073
289175
289176
289177
289178
289185
289283
289284
289288
289289
289389
289390
289391
289396
289501
289597
289608
289616
290009
290010
290013
290117
290122
290240
290336
290338
290441
290543
290547
290555
290638
290742
290751
290844
290845
290959
290963
290967
290968
291061
291064
291068
291069
291070
291079
291171
291278
291281
291283
291285
291287
291379
291480
291482
291492
291577
291578
291580
291584
291675
291679
291855
291860
291944
292030
292278
294834
294836
294907
294908
294914
294915
294975
294981
295175
295237
295311
295313
295314
295319
295390
295394
295401
295478
295548
295553
295556
295635
295640
295711
295718
295794
295796
295797
295879
295882
295886
295963
295964
296049
296053
296136
296226
296308
296310
296313
296395
296397
296482
296483
296485
296486
296488
296554
296561
296563
296564
296641
296644
296724
296729
296796
296802
296883
296966
297051
297052
297055
297064
297142
297143
297145
297150
297230
297233
297237
297240
297316
297323
297404
297407
297494
297591
297611
297689
297786
297794
297880
297881
297982
298075
298178
298276
298379
298382
298579
298879
298884
298979
298982
298984
299083
299181
299281
299287
299391
299393
299399
299496
299498
299503
299510
299604
299606
299608
299610
299713
299721
299725
299827
299828
299942
299951
300049
300052
300058
300161
300162
300165
300173
300175
300270
300273
300274
300284
300375
300378
300379
300380
300383
300386
300390
300488
300489
300490
300498
300595
300596
300598
300599
300600
300605
300607
300609
300705
300706
300709
300719
300811
300812
300818
300828
300920
300922
300923
300924
300925
300926
300930
301035
301036
301037
301039
301041
301042
301052
301152
301153
301154
301157
301159
301263
301264
301266
301270
301370
301371
301374
301375
301377
301480
301481
301483
301490
301496
301592
301593
301705
301820
301825
301827
301932
301936
301937
302041
302051
302265
302342
302352
302445
302454
302548
302551
302556
302559
302650
302656
302665
302750
302760
302846
302847
302942
303030
303036
303038
303135
303237
303238
303239
303337
303338
303340
303345
303352
303448
303450
303452
303556
303557
303558
303562
303569
303663
303664
303665
303666
303667
303671
303769
303770
303771
303871
303872
303873
303878
303961
303962
303971
304060
304150
307371
307436
307440
307501
307509
307513
307514
307575
307581
307654
307658
307711
307717
307786
307790
307855
307856
307859
307929
307934
307935
307939
307940
308003
308012
308013
308014
308086
308090
308095
308170
308171
308173
308174
308250
308251
308255
308266
308333
308335
308337
308338
308343
308421
308428
308431
308597
308598
308608
308684
308686
308690
308691
308779
308785
308786
308868
308874
308875
308877
308962
308963
308971
309045
309049
309051
309063
309145
309223
309311
309312
309317
309318
309398
309482
309483
309484
309486
309568
309573
309574
309654
309656
309740
309741
309829
309921
310009
310106
310194
310198
310201
310205
310206
310297
310781
310989
311093
311493
311695
311800
311803
311915
311916
312024
312025
312138
312250
312260
312359
312360
312363
312472
312473
312474
312479
312482
312580
312581
312585
312694
312805
312807
312810
312816
312917
312919
312920
312926
313022
313023
313025
313027
313033
313130
313131
313133
313238
313240
313241
313242
313346
313348
313349
313350
313351
313452
313454
313455
313467
313556
313558
313560
313563
313663
313664
313665
313675
313682
313773
313774
313776
313885
313892
313899
313989
313994
313996
314001
314003
314107
314111
314216
314217
314219
314220
314222
314328
314329
314338
314441
314444
314463
314555
314669
314777
314883
315076
315077
315189
315191
315198
315297
315389
315395
315491
315694
315695
315796
315798
315802
315901
315903
316008
316013
316106
316111
316112
316116
316211
316212
316215
316217
316219
316313
316315
316414
316503
316604
316605
317434
320025
320153
320157
320162
320224
320228
320229
320291
320308
320309
320369
320371
320432
320436
320505
320508
320512
320514
320576
320653
320658
320662
320671
320732
320734
320735
320736
320737
320738
320739
320807
320810
320811
320812
320813
320815
320818
320891
320892
320895
320899
320973
320975
320976
320977
321058
321060
321061
321065
321069
321142
321236
321328
321329
321416
321425
321426
321431
321432
321509
321510
321511
321512
321515
321517
321518
321519
321607
321691
321702
321776
321787
321861
321865
321950
321952
321953
321955
321957
322039
322041
322125
322209
322303
322379
322565
322654
322748
322754
324467
324469
325021
325132
325246
325358
325362
325592
325698
325701
325702
325801
325907
325917
326019
326114
326119
326208
326209
326210
326215
326224
326310
326311
326322
326417
326418
326419
326426
326521
326522
326523
326616
326618
326620
326621
326624
326723
326724
326725
326727
326729
326831
326832
326834
326847
326943
326944
326945
326954
327055
327059
327060
327061
327072
327170
327172
327175
327179
327193
327285
327287
327395
327396
327501
327503
327605
327613
327703
327807
327901
327906
328109
328115
328219
328224
328229
328325
328330
328431
328433
328437
328534
328536
328638
328640
328741
328751
328754
328843
328859
328942
328943
328945
328946
328948
328954
329042
329043
329054
329055
329137
329329
329889
329891
330055
332515
332888
332960
332962
332964
332969
333034
333036
333040
333105
333107
333111
333182
333254
333260
333262
333332
333338
333343
333411
333412
333414
333417
333418
333420
333490
333491
333492
333494
333498
333501
333512
333572
333589
333657
333660
333669
333738
333741
333819
333832
333913
333993
334086
334088
334175
334176
334178
334185
334447
334539
334625
334626
334627
334630
334726
334807
334814
334981
335164
338118
339325
339326
339423
339425
339527
339529
339531
339532
339625
339626
339730
339731
339732
339836
339837
339838
339843
339854
339944
339945
339947
339948
340059
340060
340066
340172
340274
340276
340382
340492
340613
340694
340705
340793
340803
340807
340902
340908
340909
340912
341018
341019
341022
341232
341341
341552
341652
341657
341751
341855
341858
341860
341956
341964
342251
342354
342518
342601
342612
342691
342781
345850
345914
345915
345917
345919
345989
345993
345994
346064
346141
346144
346149
346220
346221
346222
346223
346227
346303
346304
346305
346306
346315
346381
346393
346545
346553
346631
346635
346714
346718
346801
346816
346890
346894
346895
346990
347080
347260
347347
347356
347435
347612
347613
347616
347789
352422
352729
352835
352943
352945
352946
352947
352948
353055
353058
353158
353169
353267
353274
353377
353392
353474
353488
353578
353589
353682
353695
353784
353897
354016
354124
354238
354351
354548
354555
354639
354735
354853
355340
355425
355598
359003
359006
359016
359082
359083
359085
359088
359168
359230
359319
359323
359324
359395
359402
359477
359482
359552
359563
359654
359733
359813
359817
359898
359901
359902
359904
359986
359988
360169
360173
360262
360266
360603
365983
365984
366091
366093
366104
366185
366286
366287
366289
366394
366407
366504
366609
366611
366612
366613
366617
366719
366720
366721
366723
366822
366828
366934
366936
367158
367263
367270
367379
367474
367575
367680
367792
368397
368500
368681
372058
372283
372362
372363
372369
372378
372443
372447
372537
372621
372689
372773
372849
372850
372851
372859
372932
372933
372939
373012
373017
373188
373191
373273
373276
373284
373358
373525
379179
379298
379394
379395
379409
379505
379506
379522
379617
379623
379734
379751
379847
379857
379955
379957
380059
380060
380170
380171
380283
380610
380624
380712
380824
385056
385200
385266
385418
385492
385493
385575
385580
385739
385753
385754
385981
385991
386133
386202
386271
386336
386411
392520
392634
392635
392637
392752
392861
392969
392984
393069
393081
393176
393303
393396
393501
393518
393616
393618
393711
393727
393814
393925
393927
394037
394134
394140
394336
394616
398139
398573
398590
398654
398737
398738
398817
399056
399309
399320
399380
405654
405655
405660
405763
405864
405969
406078
406285
406286
406394
406498
406510
406605
406606
406707
406802
406911
406916
407105
407216
407394
407491
410874
411025
411102
411248
411323
411405
411463
411545
411869
411941
412081
418383
418397
418493
418615
419020
419127
419244
419463
419552
419554
419648
419653
419660
420036
420236
420241
420348
423746
423807
424096
424097
424399
424406
431694
432116
432117
432232
432340
432442
432450
432550
432653
433060
433250
433508
436758
437114
437176
437185
437256
437257
437266
437331
437412
437425
445271
446194
446212
446571
449956
450016
450080
450365
450368
450439
450446
450515
450519
450520
458187
459120
463214
463403
463406
463409
463473
463475
463537
463617
463751
463757
471695
472424
472826
475782
476218
476341
476405
476460
476466
476471
476529
476532
476536
476593
476594
476595
476659
476665
476733
476737
484616
489046
489430
489547
489552
489612
489688
489744
489751
489752
489874
489876
489946
489948
490165
490171
497924
498822
502715
502771
502976
502977
503040
503051
503054
503119
503131
503184
503186
503199
511139
516218
516288
516353
516355
516429
529808
529809
529896
529952
530027
530107
530123
530185
530188
530189
543478
543549
543551
543633
552234
557132
557133
557282
579217
592564
606201
625320
633321
