179573
181867
190501
192547
201474
212924
213755
214951
215061
216016
224600
225092
226220
226652
228117
235557
235630
235869
236142
236443
236540
236639
236841
236950
237772
237878
237879
238522
238835
239034
239036
239037
247511
247604
247688
247857
248042
248415
250171
250601
250817
250917
251020
251128
251129
251579
259879
259977
260055
260140
260232
260615
260709
260917
261019
261224
261231
261322
261424
262672
263434
263544
271436
272159
272240
272333
272334
272422
272507
272691
272774
272779
272879
272975
272977
273079
273082
273183
273189
273285
273289
273389
273495
273596
273697
273699
273798
273902
274000
274008
274409
274505
274609
274708
274709
274711
274813
274820
275251
275466
275471
275693
275793
275805
275912
276137
284279
284451
284538
284542
284544
284633
284635
284721
284722
284725
284729
284814
284891
284897
284977
286776
287202
287312
287313
287424
287430
287532
287636
287854
287861
287862
287965
289519
289808
295242
296721
296722
296799
296808
296878
296961
296962
297049
297236
297320
298380
299080
299720
299832
299833
300054
300278
300716
301275
301491
301822
302049
302050
302054
302059
302061
302161
302355
308423
308778
309050
309052
309135
309137
309228
309229
309236
309313
309399
309400
310889
313674
313784
314002
314117
314568
314686
314894
314983
321059
321143
321326
321602
321604
321605
321606
321689
321693
321694
321695
321778
321779
321862
321863
325477
325591
326946
327064
327410
327413
333499
333735
333918
333999
334097
334177
334188
334189
334268
334272
334273
334280
334361
334364
334367
334450
334459
334537
334638
340286
340287
346146
346219
346300
346308
346311
346389
346468
346715
346815
346898
346985
346988
346989
347075
347076
347077
347078
347082
347165
347166
347170
347171
347257
347259
347266
347349
359084
359161
359164
359169
359239
359248
359318
359320
359556
359558
359639
359640
359646
359725
359732
359899
359987
359990
359991
359993
360083
360084
360175
360259
360346
360513
372531
372700
372770
372771
372848
372928
372930
372931
373013
373014
373106
373107
373285
379196
385130
385132
385201
385203
385272
385340
385342
385417
385428
385504
385579
385659
385670
385741
385744
385821
385823
385825
385900
385910
385911
385982
385983
386066
386069
392097
398064
398212
398214
398215
398224
398285
398286
398287
398288
398300
398353
398355
398356
398358
398425
398427
398428
398429
398496
398498
398499
398500
398574
398576
398577
398579
398655
398657
398658
398748
398897
398900
399121
399130
399185
411028
411097
411177
411180
411182
411247
411249
411252
411320
411322
411325
411326
411390
411392
411393
411394
411395
411464
411468
411470
411546
411547
411551
411625
411788
412160
424094
424171
424172
424173
424248
424249
424250
424251
424252
424324
424325
424326
424327
424329
424394
424396
424398
424400
424402
424468
424470
424472
424473
424547
424548
437105
437335
437336
437338
437410
437411
437413
437414
437415
437487
437488
437489
437563
437569
437630
437631
437640
450079
450593
450596
450609
450670
450672
450673
450756
450813
450815
463268
463270
463271
463272
463331
463336
463401
463404
463470
463548
463611
463696
463754
463756
463823
463837
463889
463890
463892
463959
476400
476402
476463
476464
476465
476469
476530
476531
476597
476600
476669
476732
476806
476808
476880
476888
476953
477023
477025
477036
477095
477096
477158
489748
489753
489756
489811
489812
489873
489951
490176
490250
490256
490399
490400
503046
503115
503120
503260
503492
503576
516440
516580
516817
570912
