21178
21259
21296
21333
24184
25431
25563
30038
30091
33551
35024
35087
35136
35224
35271
35324
38941
39023
40178
40179
40180
40246
40247
40309
40559
40605
40715
40814
40815
40864
44528
44695
44701
45341
45802
45879
45946
45947
45948
46018
46019
46022
46023
46090
46157
46226
46304
46348
46349
46358
46359
46407
46410
46462
46463
46466
46519
46527
46528
46576
46628
46638
46684
46754
50652
50725
50803
50806
50807
50888
51697
51869
52080
52082
52164
52228
52229
52231
52233
52305
52306
52447
52450
52515
52516
52638
52702
52756
52877
57108
57181
57195
57264
57265
58169
58250
58411
58483
58485
58486
58493
58559
58560
58567
58574
58640
58642
58644
58722
58724
58795
58864
58865
58866
58867
58868
58942
58999
59001
59073
59393
63709
63875
63952
64029
64030
64969
65134
65206
65207
65209
65211
65290
65291
65300
65370
65371
65372
65374
65376
65452
65453
65460
65465
65530
65531
65534
65610
65681
65683
65759
65820
65821
65958
65959
66230
66445
70952
71036
71037
71039
71120
72089
72259
72415
72416
72417
72418
72432
72440
72498
72501
72512
72580
72581
72587
72589
72659
72669
72736
72741
72748
72813
72817
72818
72819
72892
72893
72897
72899
73033
73036
73098
73102
73172
73246
73252
73321
73323
73606
73609
73679
73811
78309
78390
78489
78567
78569
78652
78653
79745
79746
79835
79836
79915
79918
79922
80000
80001
80012
80085
80158
80161
80166
80243
80244
80248
80321
80322
80324
80399
80406
80407
80477
80482
80620
80693
80764
80840
80994
81209
81350
86284
86285
86371
86466
86467
87675
87677
87761
87768
87856
87863
87944
87959
88029
88030
88033
88040
88108
88110
88114
88193
88194
88195
88264
88270
88271
88272
88353
88354
88355
88356
88514
88520
88592
88593
88738
89130
94509
94512
94597
94691
94692
95748
95837
95932
95933
96022
96029
96031
96118
96119
96208
96209
96213
96295
96298
96300
96301
96376
96378
96379
96380
96383
96467
96468
96469
96558
96559
96560
96739
96820
96821
96973
97050
97052
97059
97145
97315
97391
97468
97469
103134
103135
103141
103230
103232
103324
104409
104501
104504
104598
104600
104688
104693
104783
104786
104878
104880
104883
104884
104894
104967
104969
104970
104973
105050
105051
105052
105057
105143
105146
105147
105149
105239
105424
105511
105514
105516
105593
105753
105844
105854
105942
105945
106191
112148
112149
112151
113361
113362
113462
113564
113654
113664
113748
113844
113845
113846
113850
113853
113923
113928
113931
114011
114014
114017
114018
114103
114110
114205
114285
114391
114478
114479
114559
114561
114735
114736
114832
114835
121378
121380
122594
122596
122796
122805
122894
122902
122986
122987
122991
122992
122997
123074
123079
123080
123081
123160
123161
123247
123248
123254
123338
123339
123523
123613
123620
123698
123706
123784
123967
123969
124063
124156
124244
130859
131709
132088
132089
132090
132194
132195
132196
132294
132296
132299
132300
132301
132392
132398
132400
132401
132484
132485
132490
132493
132496
132573
132577
132578
132583
132587
132655
132657
132661
132759
132956
133053
133054
133059
133150
133234
133316
133317
133399
133410
133491
133685
141835
141836
141837
141939
141942
141945
141951
142043
142046
142047
142048
142049
142050
142143
142144
142146
142148
142243
142244
142246
142247
142329
142333
142415
142512
142701
142716
142722
142818
143081
143162
143167
143347
150689
150785
151754
151755
151756
151757
151759
151859
151860
151861
151863
151868
151962
151964
151965
151968
151969
151974
152068
152070
152071
152072
152073
152076
152165
152168
152169
152256
152260
152357
152552
152641
152656
152657
152856
153024
153112
153114
153199
153294
160801
161777
161876
161877
161880
161976
161979
161980
161981
162076
162078
162079
162080
162081
162082
162181
162183
162184
162185
162186
162188
162283
162371
162473
162483
162577
162666
162680
162681
162786
162787
162979
163064
163240
163243
163335
170996
172361
172365
172370
172470
172471
172574
172575
172576
172677
172679
172685
172759
172763
173064
173179
173277
173459
173546
173641
173643
173645
181950
182945
183054
183157
183158
183159
183165
183262
183263
183267
183362
183367
183460
183564
183565
183569
183670
183756
183866
183869
183961
184045
184135
184136
184230
184231
184232
184333
184338
184339
193872
193971
193973
194077
194081
194179
194180
194185
194287
194386
194387
194492
194599
194604
194788
194890
194973
195070
195167
195170
205110
205112
205216
205217
205323
205324
205429
205430
205433
205434
205535
205536
205646
205737
205740
205751
205851
205957
206133
206142
206235
206335
206341
206432
216395
216502
216609
216614
216712
216714
216715
216722
216824
216922
216933
217041
217335
217539
217638
227984
228097
228099
228209
228211
228315
228319
228320
228427
228433
228538
229061
229165
229166
229268
240204
240211
240213
240215
240318
240319
240327
240760
240853
241068
241069
252444
252552
252553
252555
252665
252667
252773
252774
252874
252976
253078
264854
264966
265059
265061
265172
265173
265278
