141664
171710
177928
178000
182190
182295
182393
188251
188625
189280
192858
193390
198854
198910
199066
199223
199592
199659
199668
209912
210298
210353
210472
210473
210524
210772
210901
215707
215914
217258
217261
221836
221959
221960
221961
222023
222084
222085
222149
222281
222358
222585
222655
223301
224407
224597
227190
227385
229488
230190
230191
233123
233661
233665
233729
233731
233868
233940
233998
234070
234078
234449
236843
237042
239141
239245
239246
239462
240670
241496
241601
241707
241888
242175
245157
245609
245743
245754
245978
246029
246037
246185
247597
249123
250279
251239
251350
251351
251352
251465
251472
251569
251572
251682
251698
251789
252118
253631
253632
253734
253910
254007
254104
254105
254107
254203
254304
254308
257694
257758
257892
258037
258038
258039
258114
258122
258180
258188
258256
258269
260413
260503
260603
260807
260814
261014
261326
261827
262042
262144
262247
262551
262894
263003
263009
263112
263217
263218
263224
263545
263555
264878
265182
265183
265726
265728
265822
265831
265832
265833
266026
266116
266120
266132
266322
266324
266522
270387
270464
270533
270538
270546
270616
270628
270698
270714
270783
271038
271520
271696
271709
271786
271787
272068
272146
272148
272149
272160
272336
272338
272594
272605
272687
272878
273088
273180
273182
273286
273292
273391
273488
273489
273499
273591
273601
273703
273792
273896
273897
273997
274110
274307
275681
275794
275907
275920
276130
276244
276361
277436
277541
277542
277547
277655
277764
277881
277884
278193
278389
278390
278392
278499
278500
278501
278505
278506
278607
278711
278712
278723
278814
278918
279296
282719
282727
282797
282798
282800
282875
282885
282952
282955
283104
283269
283277
283768
283859
283930
284184
284185
284186
284192
284272
284273
284274
284358
284361
284454
284540
284549
284636
284641
284720
284723
284727
284808
284809
284812
284813
284818
284892
284893
284894
284975
284983
285069
285071
285088
285163
285255
285263
285346
285353
285451
285452
285456
285550
285551
285553
285554
285652
285655
285662
285755
285859
285860
285966
285968
285970
286063
286166
286271
286273
286474
286487
286589
286677
286684
286773
286870
286875
286982
287089
287092
287198
287205
287308
287311
287417
287528
287638
288182
288187
288294
288407
288524
288533
289179
289296
289807
290118
290119
290236
290449
290557
290846
290851
290853
290855
290955
290961
291067
291173
291175
291178
291180
291182
291280
294986
295049
295057
295119
295176
295182
295186
295238
295244
295320
295393
295395
295396
295400
295473
295474
295558
295559
295632
295634
295712
295713
295714
295801
295804
295969
296046
296129
296130
296220
296222
296304
296307
296316
296393
296476
296481
296556
296558
296569
296638
296648
296715
296716
296717
296718
296795
296801
296803
296879
296880
296886
296958
296963
296967
297053
297140
297141
297146
297232
297319
297325
297493
297588
297688
297698
297783
297785
297885
297977
297981
298073
298079
298172
298174
298277
298278
298378
298475
298479
298483
298492
298578
298583
298680
298684
298782
298784
298790
298881
298892
298988
298990
299081
299086
299177
299182
299282
299392
299497
299499
299829
299839
299941
299945
300275
300276
300377
300492
300501
300615
300710
300821
300822
300823
300928
301161
301162
301280
301281
301386
301487
301597
301607
301720
302360
302446
302658
302659
302663
302759
303348
303350
303353
303449
303454
303456
303561
303674
303678
303772
303773
303781
307435
307441
307507
307508
307582
307583
307586
307648
307650
307652
307718
307722
307788
307793
307860
307863
307864
307932
307937
308010
308016
308089
308091
308256
308340
308425
308509
308514
308595
308602
308687
308788
308869
308959
308960
309059
309131
309142
309224
309309
309403
309404
309487
309492
309570
309650
309655
309738
309827
309919
310013
310102
310294
310296
310401
310488
310489
310677
311295
311298
311299
311306
311395
311399
311400
311409
311491
311492
311496
311587
311588
311593
311598
311690
311692
311693
311696
311799
311808
311809
311907
311911
311913
311918
312020
312022
312035
312136
312247
312248
312357
312362
312470
312582
312597
312695
312696
312808
312918
313024
313144
313246
313254
313456
313458
313561
313667
313668
313783
313886
314106
314330
314332
314445
314556
315288
315289
315393
315616
316016
316108
316117
316321
320087
320227
320232
320296
320297
320298
320370
320372
320441
320446
320506
320509
320585
320588
320659
320660
320809
320981
320987
321063
321147
321234
321248
321333
321417
321420
321599
321692
321867
321869
321870
321954
322126
322210
322295
322469
322470
322471
322561
322570
322655
322844
322846
322942
324684
324685
324791
324802
324904
324905
324908
324917
325016
325018
325129
325131
325135
325242
325244
325248
325356
325359
325467
325469
325471
325581
325582
325690
325810
325919
326012
326013
326112
326116
326425
326622
327292
327400
327708
327714
327899
327910
328014
328110
328112
328114
328120
328228
328331
328747
329139
332350
332573
332889
332906
332970
333032
333104
333110
333114
333180
333186
333187
333188
333253
333255
333258
333259
333266
333339
333344
333345
333424
333574
333579
333587
333661
333663
333736
333748
333903
333904
333905
333909
333991
334007
334085
334269
334368
334453
334463
334538
334540
334544
334719
334720
334721
334815
334980
337675
337676
337790
337889
337900
338001
338004
338007
338008
338107
338108
338113
338216
338217
338223
338231
338325
338327
338435
338436
338546
338552
338657
338887
338899
338999
339001
339012
339108
339110
339220
339320
339321
339333
339437
339530
339537
339627
339733
340174
340183
340284
340393
340596
340696
340697
340707
340796
340805
340903
340907
340910
340911
341015
341021
341034
341135
341349
341447
341448
341554
341556
341559
341655
345990
346001
346004
346142
346143
346224
346228
346298
346379
346380
346387
346463
346464
346466
346467
346556
346629
346632
346636
346710
346711
346800
346893
347074
347267
347345
347434
347523
347610
347699
351768
351884
351998
352107
352108
352215
352217
352318
352319
352326
352423
352426
352526
352528
352627
352642
352728
352730
352731
352838
352843
352949
353061
353275
353373
353683
353689
353786
353899
354012
354018
354122
354350
354451
354552
354750
354837
355138
358861
359156
359159
359234
359310
359316
359317
359398
359472
359475
359478
359553
359554
359562
359636
359637
359638
359648
359721
359722
359724
359810
359811
359814
359900
360079
360080
360085
360177
360428
365454
365553
365565
365566
365652
365653
365766
365777
365874
365877
365881
365886
366090
366186
366288
366295
366724
366725
366726
366829
366832
367040
367160
367488
367692
367802
368013
372219
372365
372445
372446
372449
372526
372529
372536
372610
372611
372622
372686
372702
372767
373015
373097
373184
373194
373279
373359
373444
373526
373890
378665
378875
378878
378980
378981
378983
379102
379183
379185
379288
379399
379621
379626
379735
379736
379864
380294
380401
380612
380723
380734
380841
380930
380931
380933
380935
381036
384738
385057
385410
385502
385576
385586
385669
385829
385830
385980
386061
386129
386130
386131
386138
386204
391896
392001
392098
392197
392199
392313
392412
392417
392421
392531
392535
392636
392640
392750
392751
392755
392862
392865
392973
393078
393289
393290
393507
393606
393817
394028
397931
398063
398074
398441
398818
398822
398977
398978
398981
399057
399060
399122
399181
399237
405001
405003
405106
405234
405321
405322
405335
405431
405432
405445
405446
405544
405559
405770
405877
406306
406391
406496
406697
406801
410949
411096
411486
411630
411715
411942
417858
417968
418069
418171
418269
418378
418381
418384
418488
418602
418603
418926
419037
419142
419347
419450
424102
424186
424475
424543
424551
424621
424702
424786
431155
431251
431360
431467
431573
431576
431691
431698
431800
432113
432118
432329
432332
432338
432344
432451
432565
432655
432664
432869
433245
436897
436972
437180
437187
437259
437260
437334
437341
437559
437570
437628
444459
444558
444656
444757
444862
444864
444867
444874
444965
444967
444971
444972
445058
445268
445386
450154
450225
450226
450290
450361
450369
450518
450523
450598
450671
450674
450678
450744
450748
457685
457686
457788
457794
457888
457894
457998
458087
458089
458188
458190
458200
458285
458385
458388
458501
458602
459536
463150
463264
463335
463340
463342
463400
463402
463408
463465
463468
463472
463541
463542
463686
463762
463821
463825
463887
470779
470780
470785
470891
470892
470979
470980
471094
471183
471185
471186
471188
471294
471383
471385
471584
476467
476525
476526
476592
476599
476668
476877
476879
476893
476950
476955
484039
484042
484132
484140
484231
484330
484424
484437
484530
484536
484618
484718
484826
484936
485545
489755
489821
490094
490102
490167
490241
490324
490327
497352
497442
497542
497627
497634
497730
497733
497822
497830
497834
497915
498719
498720
502447
502843
502859
502912
502913
502919
503111
503116
503132
503414
503418
503498
503506
503571
503730
510853
511131
511138
511416
511509
511597
511918
516096
516154
516155
516224
516235
516354
516505
516734
524090
524094
524177
524178
524352
524447
524448
524449
524453
524546
524745
524748
524850
524945
529605
529741
529879
530026
530109
530111
530181
537686
537687
537693
537765
537770
537771
537866
538050
538051
538160
538252
538666
538762
543565
543700
543703
543712
543857
551282
551361
551645
551736
551737
551951
557072
557146
557226
557428
557436
564891
564979
565069
565070
565260
565350
565354
565440
565545
565647
565733
565747
565847
566683
570644
570774
578391
578483
578485
578565
578568
578660
578845
578851
578938
578939
584412
584486
591895
591896
591905
591993
592165
592167
592168
592261
592362
592363
592460
592463
592468
598053
598054
605534
605535
605624
605626
605628
605633
605727
605729
605813
605918
606009
606012
606013
606016
606105
606110
606203
606389
619026
619027
619119
619210
619212
619213
619307
619318
619400
619500
619502
619504
619509
619511
619605
619609
619612
619699
619703
619795
619796
619893
619895
625810
626232
632547
632554
632644
632740
632842
632922
632924
632930
632934
633023
633030
633220
639726
646114
646115
646128
646207
646303
646394
646397
646407
646491
646587
646790
647150
659437
659528
659724
659731
659912
659916
659918
660011
660388
660406
660411
672842
673035
673144
673234
673328
673514
673515
673605
679329
686624
686722
687448
699973
700057
700069
700901
715031
785111
791304
