377278
377597
377805
377817
377913
377914
389834
390036
390236
390245
390349
390740
390837
390841
390940
391051
402885
402981
403098
403789
415937
416116
416117
416234
416236
416237
416332
416333
416428
416519
416523
416702
416855
417140
417234
429499
429512
429606
429611
429710
429782
430001
430010
430011
442022
442117
442334
442851
443000
443005
443087
443251
455106
455216
455313
455314
455320
455411
455518
455519
455739
456008
456167
456611
468214
468326
468329
468424
468515
468516
468520
468614
468615
468715
468716
468717
468809
468896
468977
469339
481279
481571
481572
481659
481661
481666
481746
481749
481750
481753
481834
481835
481837
481924
481926
482011
482100
482101
494545
494817
494818
494819
494822
494903
494905
494987
494995
495084
495085
495086
495177
495178
495179
495267
495268
495271
495364
495367
495467
495468
507383
508033
508035
508036
508124
508129
508214
508305
508308
508402
508403
508404
508405
508406
508508
508509
508510
508604
508607
508703
508705
508807
508808
508809
508909
508911
520694
520789
520790
520877
520969
521320
521321
521407
521410
521502
521504
521505
521506
521596
521597
521600
521601
521701
521705
521707
521708
521808
521810
521917
521920
521921
522134
534382
534386
534472
534473
534754
534846
534847
534848
534850
534851
534948
534949
534950
534951
534952
535050
535051
535052
535054
535055
535056
535153
535154
535155
535156
535259
535267
535366
535368
535477
535478
547465
547832
547923
547927
548020
548114
548209
548210
548305
548309
548310
548415
548418
548419
548420
548517
548518
548519
548527
548623
548624
548625
548627
548628
548726
548727
548729
548730
548834
548835
548836
548943
549379
549380
549382
561311
561319
561506
561616
561706
561810
561912
561913
561916
561917
562018
562019
562021
562025
562131
562237
562244
562340
562341
562447
562558
562568
562669
562672
562885
562997
574772
574873
574876
574977
574979
575295
575401
575403
575507
575829
575937
575941
576045
576047
576050
576154
588112
588211
588623
588730
588735
588839
588840
588844
588951
588952
589058
589164
589168
589265
589272
589373
589477
589481
589586
589589
589694
601816
602122
602234
602340
602341
602446
602448
602449
602555
602556
602558
602658
602660
602766
602769
602873
602978
603191
603195
603303
614222
615573
615791
615908
616004
616006
616009
616118
616221
616329
616330
616331
616431
616433
616644
617082
629017
629230
629334
629443
629550
629761
629763
630073
630074
630179
642345
642347
642446
642868
642962
642965
642966
643067
643075
643791
655723
655829
656025
656126
656224
656329
656332
656435
656532
656847
657056
669294
669392
669688
669792
669895
682404
682607
682707
682805
682990
683085
683186
695419
696196
696197
709666
721673
761167
