405608
431295
431737
444122
444130
444226
444400
444411
444496
444499
444504
444598
444599
444602
444604
444694
444695
444696
444697
444698
444701
444702
444709
444799
444897
457088
457251
457258
457348
457349
457528
457622
457626
457627
457628
457630
457718
457720
457723
457726
457728
457820
457821
457822
457823
457825
457837
457923
457927
457933
458023
458133
458143
470159
470164
470165
470267
470351
470352
470353
470355
470446
470525
470529
470536
470537
470550
470556
470629
470632
470633
470634
470648
470719
470720
470721
470722
470724
470732
470737
470807
470813
470827
470910
470911
470912
470913
470920
470932
470933
471014
471016
471239
471340
471419
483328
483329
483335
483418
483419
483420
483422
483423
483517
483518
483519
483521
483614
483707
483709
483711
483716
483790
483791
483795
483797
483798
483801
483881
483884
483885
483886
483887
483888
483894
483897
483978
483979
483991
483995
484064
484065
484067
484068
484069
484074
484161
484162
484164
484360
484558
484674
496742
496835
496922
497017
497020
497021
497023
497027
497031
497032
497034
497042
497043
497107
497110
497111
497112
497113
497115
497116
497117
497118
497119
497120
497124
497146
497196
497199
497200
497201
497202
497203
497204
497206
497208
497209
497211
497212
497215
497217
497221
497286
497288
497290
497291
497376
497377
497378
497396
497471
497491
497571
497657
497769
509628
509733
509830
510000
510090
510179
510180
510181
510182
510195
510266
510272
510273
510275
510281
510289
510354
510357
510359
510360
510361
510362
510363
510366
510370
510374
510383
510446
510448
510449
510450
510451
510452
510453
510455
510456
510457
510458
510459
510460
510461
510463
510535
510536
510537
510539
510540
510541
510546
510547
510548
510549
510562
510631
510632
510634
510721
510793
510797
510799
510800
510801
510811
510888
510889
510892
523045
523142
523147
523149
523151
523248
523252
523422
523425
523426
523428
523439
523510
523512
523529
523600
523601
523613
523687
523688
523690
523691
523697
523701
523705
523707
523777
523778
523780
523781
523782
523785
523795
523862
523955
523964
524028
524029
524040
524114
524115
524120
524122
524127
524202
524204
524209
535870
535871
536388
536397
536502
536505
536509
536512
536514
536515
536611
536612
536613
536622
536623
536627
536633
536720
536733
536815
536825
536832
536837
536909
536921
536931
537001
537002
537006
537014
537016
537099
537119
537121
537191
537193
537194
537443
537445
537448
537451
537456
537457
537462
537467
537537
537543
537544
537628
537641
537809
537884
537906
538409
538518
549232
549356
549560
549576
549872
549873
549984
549986
549995
549996
550093
550102
550104
550110
550207
550208
550221
550223
550224
550322
550323
550325
550327
550416
550417
550427
550430
550433
550527
550534
550537
550619
550620
550629
550807
550812
550817
550917
550969
550972
551055
551061
551068
551074
551593
562958
563067
563379
563478
563479
563589
563598
563601
563701
563702
563810
563813
563818
563825
563922
563923
563931
563933
563934
563935
564047
564052
564057
564144
564250
564253
564358
564423
564443
564508
564509
564677
564698
564699
564762
564846
564915
565004
565111
565487
565491
576448
576555
576659
576664
576866
576871
576878
576970
576980
577084
577189
577190
577191
577193
577195
577197
577204
577308
577310
577323
577325
577416
577420
577421
577423
577424
577428
577431
577433
577531
577536
577537
577538
577539
577540
577541
577646
577648
577742
577835
577836
577837
577909
577928
577989
578004
578005
578078
578083
578095
578167
578177
578182
578256
578335
578513
578518
578598
578602
578692
578697
578787
578793
578891
590096
590098
590312
590608
590716
590717
590827
590838
590932
591038
591048
591152
591320
591406
591493
591577
591663
591664
591741
591833
592019
592021
592023
592025
592029
592105
592206
592305
604787
604878
604885
604981
604990
605087
605186
605281
605292
605372
605376
605380
605385
605463
605468
605564
605659
605664
605751
605754
605764
606050
606052
606340
618326
618329
618434
618440
618543
618546
618656
618658
618662
618664
618780
618873
618965
619050
619054
619149
619243
619244
619246
619262
619841
631938
632060
632061
632063
632066
632169
632175
632177
632178
632283
632287
632290
632387
632390
632394
632584
632676
632677
632678
632766
632779
645606
645731
645736
645835
646048
646246
646248
646334
646340
646532
646632
646722
646919
659037
659039
659136
659142
659247
659355
659465
659571
659757
659843
672582
672671
672988
673074
673284
686077
686170
686268
686382
686578
699801
699911
700102
700560
713261
713714
725519
