1410
5663
10288
10329
10945
13179
13237
13285
13519
16652
16653
16656
16665
16667
16671
16712
16717
16777
16783
16845
19996
20470
20471
20479
20533
20544
20546
20611
20612
20670
24086
24224
24554
24555
24666
24740
24810
28278
28688
28817
28819
29245
29304
29309
29383
29392
29458
33179
33670
34136
34191
34199
34257
34328
34334
34338
34346
38546
39066
39090
39384
39432
39639
39695
39696
39765
44004
44272
44342
44345
44416
44818
45115
45127
45181
45239
45257
45346
45389
45396
45459
45462
45694
45709
49881
50374
50929
50931
51018
51171
51300
51315
51438
51455
51515
51525
51527
51594
51598
51615
51666
51671
51682
51828
52212
57385
57386
57547
57548
57624
57633
57902
57903
57990
58057
58069
58145
58218
58226
58295
58303
58707
58775
63584
63747
64084
64154
64160
64239
64248
64319
64399
64400
64700
64701
64770
64775
64856
64935
64941
64951
65097
70909
71337
71412
71413
71416
71497
71576
71579
71665
71883
71891
71963
71966
71968
72046
72051
72129
72136
72212
72295
72377
72640
77882
78190
78265
78431
78438
78948
79122
79211
79296
79307
79309
79384
79444
79523
79528
79529
79535
79614
79618
79621
79700
79707
79708
79781
86160
86238
86323
86414
86862
86942
87034
87035
87125
87128
87218
87371
87448
87449
87451
87453
87534
87535
87536
87625
87627
87630
87717
87720
87721
94459
94543
94554
94640
94643
94935
95096
95103
95185
95186
95187
95280
95293
95365
95379
95384
95451
95454
95455
95456
95540
95545
95607
95608
95609
95613
95616
95617
95619
95624
95695
95698
95700
95705
95710
95783
95785
95788
95789
95797
95876
95879
95967
95974
96065
102992
103083
103175
103268
103651
103652
103732
103839
103928
104018
104103
104110
104112
104196
104197
104267
104268
104273
104353
104355
104360
104362
104365
104368
104375
104451
104455
104461
104549
104550
104645
112001
112095
112491
112573
112664
112758
112760
112761
112855
112856
112863
112948
112949
112951
112952
112954
112959
113037
113041
113044
113045
113046
113051
113129
113132
113135
113136
113213
113216
113219
113221
113223
113225
113226
113307
113309
113310
113311
113318
113404
113407
113408
113618
121518
121519
121887
121891
121979
121981
121982
121994
122085
122086
122170
122172
122178
122186
122267
122268
122269
122276
122281
122361
122365
122366
122368
122378
122446
122449
122453
122454
122462
122547
122550
122554
122742
122858
130181
131095
131097
131098
131285
131372
131375
131377
131467
131469
131559
131560
131565
131567
131653
131657
131660
131661
131664
131751
131756
131757
131759
131842
131853
131854
131858
131863
131935
131943
132039
132134
132152
132343
140728
140828
140910
141104
141105
141107
141197
141200
141201
141203
141209
141294
141295
141298
141304
141308
141389
141391
141395
141396
141406
141489
141500
141501
141502
141503
141583
141590
141591
141618
141684
141687
141781
141881
141885
149982
150343
150642
150826
150837
151009
151010
151011
151013
151025
151112
151114
151115
151120
151213
151217
151307
151311
151312
151325
151409
151419
151506
151509
151603
151605
151698
151705
160111
160852
160940
160942
160948
161035
161039
161040
161134
161137
161228
161229
161232
161235
161325
161423
161425
161428
161432
161521
161526
161531
161536
161537
161624
161628
161718
161719
161729
171119
171222
171328
171431
171440
171533
171534
171639
171644
171651
171652
171736
171737
171842
171843
171925
171927
171929
172014
172015
172016
172020
172024
172111
172117
181510
181688
181996
181999
182101
182103
182105
182203
182208
182211
182314
182411
182413
182415
182423
182503
182506
182508
182599
182601
182604
182696
182699
192783
192890
192995
193106
193208
193211
193220
193317
193517
203199
204122
204448
204558
215528
