9092
11617
14786
14962
15220
18056
18507
18516
18555
18600
18652
19041
22460
22499
22550
22635
22734
22777
26905
27147
27192
27200
27280
27457
27503
27511
27559
31750
31811
31968
32370
32487
36663
36799
36841
36889
36899
37040
37115
37166
37223
37225
37276
37277
37283
37331
37638
37640
37641
37646
37753
37759
41954
42283
42328
42520
42521
42679
42808
42857
42862
42905
42918
42921
42975
43023
43090
43397
43524
48190
48301
48353
48502
48557
48567
48613
48672
48725
48742
48787
48851
48859
48905
48907
48908
48914
48972
48973
48975
49078
49135
49358
49476
49543
54813
54814
54815
54892
54928
54930
54983
54993
55056
55171
55296
55362
55545
55932
56001
56005
56007
60726
60764
61405
61460
61589
61630
61683
61684
61808
61874
62007
62008
62014
62071
62080
62186
62554
62615
62683
62746
62756
62823
67699
67700
67735
67749
67780
67817
67872
68412
68418
68582
68588
68751
68763
68821
68952
68955
69025
69088
69149
69207
69209
69225
69270
69520
69879
75111
75153
75155
75297
75348
75890
75942
76245
76443
76445
76499
76567
76627
76689
76691
77094
77237
77250
82860
82939
82945
82986
82987
82990
83039
83135
83136
83141
83795
84003
84068
84206
84365
84409
84472
84476
84817
85103
85257
90961
91052
91100
91103
91155
91157
91204
91219
91253
91256
91347
91348
91877
92167
92222
92367
92443
92645
92652
93069
93292
99520
99620
99678
99789
99834
100724
100787
100791
100862
100941
101010
101303
101305
101805
101813
101959
108372
108420
108475
108477
108489
108644
109698
109776
109777
110000
110140
110164
110713
110954
117564
117616
117671
119032
119250
119254
119328
119472
120088
127056
127225
128282
128826
128903
137214
137878
138127
138204
138206
138432
146664
148003
148159
148241
156836
157214
157994
158216
158602
168296
168376
168441
168467
168525
178554
178712
178723
178959
179018
179352
189478
189548
189619
189620
189692
189776
189777
189836
189861
190012
190341
199757
200289
200314
200369
200447
200528
200602
200603
200610
200611
200674
200755
200815
200833
200922
201159
201411
201496
211138
211214
211626
211699
211794
211796
211867
211869
211872
211944
211945
211946
211951
212030
212112
212115
212200
212201
212511
212597
212678
212856
222535
222605
222996
223086
223171
223172
223174
223181
223258
223431
223435
223438
223439
223522
223523
223526
223534
223610
223613
223673
223695
223696
223781
223841
223925
224082
224091
224167
224255
234344
234399
234984
235056
235067
235073
235078
235138
235154
235155
235164
235227
235246
235247
235248
235249
235316
235334
235336
235424
235425
235485
235509
235512
235569
235653
235687
235977
236166
236368
246363
246435
247195
247279
247297
247298
247300
247306
247307
247363
247364
247386
247391
247397
247449
247472
247474
247534
247560
247712
247800
247882
248148
259187
259286
259374
259469
259470
259471
259472
259473
259493
259540
259562
259566
259570
259571
259631
259653
259654
259663
259813
259819
259995
260339
260341
271645
271662
271663
271731
271732
271734
271735
271753
271825
271826
271837
271901
271918
271991
271998
272090
272106
272191
272441
272543
272710
284151
284221
284222
284224
284228
284229
284313
284315
284324
284394
284403
284410
284478
284479
284481
284748
284750
284837
284917
285004
285095
285187
296750
296751
296752
296753
296758
296827
296834
296835
296839
296904
296905
296916
296988
296993
297189
297259
297260
297616
297712
297814
309342
309343
309344
309345
309430
309431
309432
309436
309438
309443
309444
309510
309511
309528
309599
309600
309673
310421
310606
321910
321997
322068
322070
322071
322083
322154
322161
322235
322243
322246
322250
322252
322253
322258
322322
322339
322340
322342
322343
322406
322426
322428
322429
322497
322518
322522
322588
322599
322612
322680
322695
323162
323264
334836
334853
334924
334933
334938
335018
335025
335030
335110
335118
335120
335122
335123
335124
335126
335192
335193
335210
335213
335216
335217
335220
335287
335306
335307
335320
335374
335395
335397
335398
335470
335493
335673
335787
335863
335964
336064
336165
336263
347833
347840
347930
348024
348025
348030
348101
348230
348297
348314
348319
348384
348408
348580
348777
348779
349080
349179
360924
361113
361115
361116
361118
361125
361204
361211
361213
361215
361290
361291
361292
361307
361308
361389
361390
361407
361413
361482
361674
361868
362066
362267
362366
374117
374306
374308
374309
374402
374406
374407
374409
374487
374488
374489
374490
374491
374492
374493
374502
374503
374511
374585
374587
374588
374601
374605
374607
374679
374702
374788
374794
374864
374959
374966
375057
375076
375355
387316
387411
387508
387515
387593
387597
387598
387600
387602
387604
387605
387609
387685
387686
387687
387688
387689
387690
387691
387695
387703
387706
387782
387788
387880
387883
387884
387891
387966
387991
388248
388252
388535
388547
389011
400167
400270
400359
400448
400544
400547
400641
400642
400643
400649
400650
400736
400744
400745
400825
400826
400829
400830
400831
400835
400836
400916
400917
400918
400919
400920
400922
400923
400924
400935
401273
401742
413055
413253
413343
413525
413530
413618
413619
413626
413718
413803
413805
413813
413814
413900
413915
413980
413983
413984
413985
413986
413992
426118
426306
426308
426404
426495
426589
426671
426672
426760
426761
426773
426847
426852
426937
427021
427113
439944
439946
440197
440295
440369
440383
440384
452936
453023
453101
453447
466124
466310
479108
479302
479453
479456
479544
492815
492999
505846
506007
506271
506275
506276
506360
518892
519323
519407
519412
519596
519676
519680
519688
520057
532749
532756
532842
532936
533022
533023
533205
533206
546238
546399
546487
546580
559704
559705
559709
559796
559880
559881
559968
559973
560141
560236
560328
573170
573171
573176
573254
573335
573419
573422
573506
573507
573511
573594
573596
586878
586965
586966
587048
587139
587229
587319
587412
587507
600816
614464
