13825
17191
20698
20763
21042
21678
25272
25273
25274
25275
25520
25891
29864
29980
30573
34844
35081
35142
40377
40561
40613
40866
40917
40919
40968
41075
41118
45949
46096
46222
46231
46232
46292
46685
46962
51868
52153
52155
52160
52238
52244
52307
52312
52379
52384
52453
52519
52635
52637
52699
52814
52874
52875
52876
52940
53003
53072
53123
58172
58787
58800
58860
58871
58944
58949
59066
59068
59130
59131
59132
59136
59193
59196
59197
59203
59258
59259
59262
59322
59390
59391
59457
59461
59465
59823
64963
65135
65542
65613
65684
65754
65758
65817
65819
65954
66025
66026
66028
66091
66092
66093
66094
66099
66157
66160
66229
66232
66382
66505
72084
72092
72590
72660
73106
73175
73247
73248
73317
73318
73319
73390
73395
73457
73458
73532
73537
73677
80007
80008
80083
80171
80239
80247
80326
80769
80839
80843
80908
80910
80913
80983
80984
81056
81057
81058
81130
81131
81213
87316
87760
87762
87763
87855
87950
88660
88737
88816
88817
88822
88897
88898
88899
88900
88978
88979
89053
89206
95745
95833
95848
96023
96034
96117
96210
97056
97138
97142
97146
97229
97230
97235
97310
97311
97323
97392
97398
97466
104316
104594
104606
104687
104689
104784
105325
105847
105848
105852
105938
105943
106027
106029
106109
113360
113457
113458
113557
113558
113559
113656
113755
113756
113924
113932
114650
114734
114825
114826
114837
114916
114922
114923
114925
115012
115017
122598
122797
122903
123964
123968
124055
124059
124061
124067
124074
124153
124155
132859
132957
133401
133403
133492
133494
133503
133587
133588
133589
133681
133683
142042
142147
142150
142420
142425
143254
143257
143258
143261
143356
151544
151976
152069
152171
152350
152446
153028
153113
153115
153201
153205
153297
161759
161977
162286
162290
162373
162474
162475
162576
163147
163154
163242
163331
163336
163344
163429
172468
172469
172572
172573
172580
172680
172764
172765
173642
173644
173735
173742
173743
173744
182947
183052
183162
183264
183266
183361
183363
183364
183368
183456
184334
184335
184432
184434
193873
193970
193977
194075
194082
194181
194184
194188
194285
194286
194288
194384
194389
194390
194795
194972
195069
195168
195268
195270
195276
195277
195373
205322
205325
205329
205428
206336
206434
206536
216286
216290
216723
217153
217738
217739
227557
227873
227876
227986
228323
229274
229369
240099
240762
241071
241179
241283
252215
252333
252554
252871
252973
253080
253081
253191
264411
264526
264529
264642
264751
264856
264857
264960
265060
265168
265279
265387
