116567
116605
142931
143014
143096
152869
152955
153040
153043
153327
162110
162993
162996
163000
163085
163086
163087
163169
163171
163173
163174
163455
163456
163556
164095
173099
173201
173294
173302
173381
173382
173386
173471
173472
173473
173474
173475
173480
173565
173567
173568
173570
173571
173663
173665
173666
173667
173671
173861
173960
174426
174512
174614
174710
182973
183080
183384
183975
183976
184059
184060
184061
184062
184063
184067
184068
184154
184156
184157
184158
184159
184160
184161
184163
184251
184252
184254
184255
184256
184259
184260
184263
184361
184458
184461
184463
184764
185047
185132
185133
185226
185229
185230
186556
193893
193894
193999
194206
194902
194904
194906
194992
194994
194995
194996
194998
195000
195089
195090
195091
195093
195094
195095
195096
195102
195103
195194
195196
195197
195296
195399
195698
195795
195988
195989
195998
196074
196082
196083
196176
204425
205136
205242
205669
205971
206156
206158
206256
206260
206262
206263
206266
206565
206666
206881
206980
207080
207169
216018
216525
217068
217166
217266
217353
217354
217356
217454
217457
217458
217459
217460
217559
217564
217565
217566
217867
217875
217980
218087
218195
218288
218392
218394
228125
228235
228784
228785
228881
228882
228977
228978
228979
228980
228981
228983
228984
229084
229086
229087
229088
229089
229090
229096
229191
229192
229193
229204
229295
229296
229297
229298
229400
229404
229494
229500
229503
229605
229607
229711
229712
229713
229819
229920
230013
232122
239580
239685
240014
240126
240127
240129
240574
240576
240682
240683
240684
240776
240777
240874
240875
240876
240878
240985
240986
240987
240988
240989
240990
241095
241097
241099
241106
241200
241202
241203
241204
241207
241209
241210
241302
241307
241310
241311
241312
241313
241403
241409
241411
241412
241418
241515
241516
242474
242475
252016
252125
252128
252241
252243
252357
252467
252580
252691
252795
252797
252891
252995
253102
253103
253106
253107
253108
253213
253214
253215
253216
253217
253323
253325
253326
253327
253328
253330
253331
253332
253334
253335
253436
253437
253439
253440
253441
253442
253444
253445
253446
253536
253538
253540
253545
253546
253547
253635
253638
253646
253647
253649
254115
254405
254410
254587
263672
264560
264774
264879
265079
265298
265300
265301
265302
265307
265316
265408
265410
265412
265420
265521
265522
265523
265524
265525
265532
265631
265632
265633
265634
265635
265636
265638
265645
265650
265733
265735
265743
265835
265836
265847
265848
265932
266036
266433
266532
266715
275913
276027
276149
276487
276595
276709
276822
276832
277340
277441
277443
277551
277557
277558
277560
277663
277668
277672
277673
277774
277777
277779
277781
277888
277889
277890
277892
277893
277895
277899
277902
277997
277999
278000
278001
278010
278094
278096
278097
278101
278108
278109
278200
278301
278408
278409
278519
278618
278622
278625
278725
278826
278926
278927
288639
288752
288753
288859
288863
288973
289083
289191
289293
289299
289414
289511
289612
289800
289909
289910
289911
290015
290018
290019
290029
290034
290127
290128
290130
290241
290350
290351
290352
290353
290354
290363
290364
290451
290453
290454
290463
290465
290556
290762
290763
290764
290868
290869
290871
290872
290973
290975
290976
291083
291085
291087
291091
291191
291192
291193
291297
301492
301493
301604
301605
301606
301610
301716
301717
301725
301830
301832
301833
301837
301839
301846
301958
302260
302557
302558
302562
302569
302761
302857
302863
302954
302956
303050
303052
303159
303160
303252
303255
303259
303263
303359
303360
303361
303363
303365
303367
303467
303468
303470
303471
303472
303577
303676
314344
314346
314454
314458
314459
314689
314892
314896
314904
314987
315089
315194
315296
315305
315307
315399
315404
315405
315509
315510
315521
315611
315613
315615
315617
315710
315713
315715
315720
315817
315818
315819
315918
315920
315922
315926
316022
316023
316024
316025
316026
316126
316127
316129
327191
327412
327515
327715
327812
327814
327909
327911
327914
327915
328015
328016
328122
328125
328130
328131
328137
328233
328240
328241
328243
328244
328246
328248
328249
328250
328339
328345
328347
328350
328445
328446
328449
328450
328552
328554
328555
328556
328656
328657
328659
328762
340288
340290
340398
340603
340708
340712
340808
340809
340812
340813
340815
340917
340918
340924
340926
340931
340932
341025
341027
341029
341031
341032
341033
341036
341041
341137
341138
341142
341143
341144
341145
341148
341153
341248
341252
341260
341368
341468
341863
341866
341965
342160
342954
353278
353490
353495
353701
353796
353800
353801
353802
353805
353807
353808
353911
353912
353913
353914
353915
353917
353918
353919
354023
354024
354025
354027
354029
354033
354130
354136
354137
354143
354248
354251
354946
355051
355055
355148
355606
355795
365561
366628
366737
366841
366842
366844
366943
366949
366951
367053
367056
367058
367059
367063
367167
367168
367169
367170
367174
367280
367282
367283
367284
367286
367287
367290
367394
367401
367485
367585
368011
368416
378467
379867
379968
379973
379974
380075
380085
380191
380192
380196
380295
380297
380298
380299
380300
380410
380411
380412
380413
380513
380515
380725
380726
393083
393190
393191
393192
393302
393310
393400
393412
393614
393719
393720
393721
393826
393932
393933
394138
394141
394142
394143
394237
406089
406090
406091
406190
406193
406297
406599
406601
406602
406703
406820
406914
407015
407018
407020
407110
407123
419457
419459
419560
419561
419562
419942
419943
419944
419956
420039
420041
420046
432124
432554
432660
432662
432964
433055
433057
433058
433061
433149
433152
433513
433598
433772
446310
446493
446500
446845
459817
460005
472011
485148
486287
499125
499211
512304
512388
