107376
116282
116344
116392
116548
125087
125160
125775
125776
134876
144017
144097
144101
144277
144518
144595
144598
144600
144863
145225
153977
153978
154064
154065
154145
154147
154159
154238
154242
154244
154247
154325
154412
154576
154654
154655
154735
154946
154947
154949
164138
164224
164225
164230
164319
164321
164323
164329
164409
164410
164413
164418
164419
164497
164499
164500
164502
164583
164591
164832
164835
164836
164838
164912
164914
164915
164986
164990
164994
164997
165068
165071
165072
165210
165215
165269
174471
174562
174649
174650
174653
174744
174746
174748
174749
174750
174754
174755
174839
174841
174842
174843
174844
174846
174924
174926
174929
174932
175014
175024
175093
175094
175096
175097
175103
175176
175177
175179
175181
175187
175251
175260
175262
175263
175264
175265
175328
175329
175330
175339
175340
175341
175342
175344
175412
175415
175416
175417
175418
175420
175425
175426
175483
175493
175495
175496
175497
175498
175501
175562
175567
175569
175619
175641
175702
175757
175765
185178
185261
185262
185263
185264
185266
185269
185270
185272
185359
185361
185362
185455
185456
185457
185460
185545
185547
185548
185551
185553
185640
185643
185646
185725
185728
185729
185732
185804
185805
185807
185808
185809
185811
185880
185887
185890
185891
185892
185893
185896
185964
185970
185971
185973
185974
185978
186043
186047
186052
186054
186055
186056
186057
186058
186062
186131
186136
186137
186138
186139
186140
186213
186215
186282
186283
186285
186350
186351
186352
186354
186417
186418
186419
186420
186474
186477
186481
196027
196116
196122
196208
196209
196213
196214
196215
196296
196300
196301
196302
196303
196305
196306
196310
196311
196313
196392
196395
196398
196399
196400
196401
196402
196411
196485
196488
196489
196490
196491
196492
196493
196494
196496
196500
196573
196574
196575
196588
196651
196659
196660
196661
196666
196667
196669
196737
196738
196744
196745
196746
196749
196750
196756
196820
196823
196824
196826
196830
196831
196832
196834
196836
196844
196907
196908
196909
196911
196913
196914
196915
196917
196919
196920
196921
196922
196923
196924
196927
196993
196994
196996
197000
197002
197003
197004
197005
197006
197007
197010
197016
197019
197076
197081
197083
197085
197086
197087
197088
197091
197100
197151
197159
197160
197162
197163
197164
197168
197171
197229
197230
197233
197234
197237
197239
197301
197303
197304
197309
197360
197363
207203
207297
207301
207302
207307
207390
207394
207396
207397
207402
207478
207479
207486
207487
207488
207490
207491
207493
207566
207576
207577
207579
207583
207587
207655
207657
207659
207664
207665
207674
207742
207744
207745
207750
207758
207760
207830
207831
207832
207834
207835
207836
207837
207839
207841
207843
207844
207845
207920
207923
207924
207926
207927
207928
207929
207931
207933
207934
207935
207939
207940
208008
208009
208010
208011
208014
208016
208017
208018
208019
208020
208021
208022
208024
208025
208027
208099
208101
208103
208104
208105
208106
208107
208108
208109
208110
208111
208112
208113
208116
208183
208186
208187
208188
208191
208192
208193
208194
208195
208211
208266
208270
208271
208272
208273
208274
208342
208343
208344
208346
208410
208411
208414
208415
208475
208476
208477
208539
208540
218120
218423
218518
218519
218613
218614
218616
218619
218704
218705
218709
218715
218718
218798
218801
218807
218811
218892
218893
218905
218906
218985
218996
218999
219075
219077
219080
219081
219084
219091
219172
219173
219174
219175
219176
219177
219180
219181
219182
219183
219185
219258
219259
219260
219264
219265
219266
219270
219271
219272
219274
219275
219277
219279
219346
219350
219355
219356
219357
219358
219361
219362
219363
219365
219433
219436
219437
219438
219439
219441
219442
219449
219514
219519
219520
219521
219522
219523
219595
219598
219599
219600
219674
219675
219676
219677
219678
219681
219750
219751
219752
219753
219755
219759
219764
219824
219826
219827
219830
219831
219834
219901
219902
219907
230041
230131
230132
230134
230135
230140
230227
230232
230233
230235
230325
230420
230424
230426
230430
230514
230517
230519
230522
230611
230613
230614
230615
230620
230621
230622
230635
230709
230710
230712
230713
230715
230719
230728
230804
230806
230807
230811
230815
230817
230820
230893
230894
230895
230898
230901
230908
230909
230910
230911
230981
230983
230984
230995
231002
231069
231075
231151
231154
231227
231229
231231
231232
231233
231310
231312
231313
231314
231394
231395
231396
231397
231400
231474
231475
231476
231555
231559
241831
241917
242014
242022
242023
242112
242113
242121
242213
242215
242218
242228
242312
242313
242315
242318
242324
242325
242405
242406
242407
242409
242410
242413
242414
242415
242419
242499
242500
242509
242510
242514
242522
242593
242598
242599
242604
242605
242606
242690
242691
242702
242703
242708
242775
242780
242781
242853
242867
242870
242947
242948
243025
243029
243105
243189
243195
243269
243271
243272
253780
253946
254042
254140
254143
254241
254244
254245
254247
254248
254344
254345
254346
254347
254348
254349
254352
254354
254431
254432
254436
254437
254441
254442
254443
254444
254445
254449
254450
254525
254526
254528
254530
254534
254542
254546
254615
254618
254625
254628
254634
254708
254712
254725
254727
254734
254801
254807
254811
254812
254813
254895
254967
254978
254981
254986
255058
255059
255130
255131
255134
255206
255214
255365
255368
255378
255510
265871
265953
265957
265961
266050
266152
266264
266359
266362
266366
266373
266458
266459
266460
266462
266463
266464
266468
266469
266549
266550
266551
266552
266556
266558
266559
266560
266563
266571
266572
266645
266649
266653
266654
266655
266657
266658
266659
266661
266742
266745
266746
266752
266754
266756
266758
266759
266760
266770
266851
266852
266855
266856
266857
266859
266937
266943
266946
266948
266955
267032
267035
267038
267049
267118
267128
267131
267135
267137
267208
267211
267213
267222
267226
267227
267232
267294
267296
267298
267380
267388
267556
267640
267713
278138
278218
278219
278326
278536
278539
278543
278544
278551
278552
278646
278648
278650
278651
278652
278655
278656
278750
278753
278754
278755
278756
278757
278760
278761
278762
278847
278851
278855
278856
278858
278859
278860
278861
278865
278866
278945
278948
278949
278953
278954
278955
278956
278957
278958
278959
278970
279044
279050
279052
279053
279054
279056
279058
279135
279141
279147
279149
279150
279151
279152
279153
279157
279237
279241
279242
279243
279244
279245
279249
279257
279327
279335
279336
279340
279341
279342
279416
279418
279429
279435
279438
279502
279504
279505
279509
279585
279587
279591
279670
279671
279675
279759
279769
279782
279855
279856
280098
290491
290574
290676
290688
290779
290784
290795
290888
290894
290895
290896
291002
291003
291005
291104
291108
291111
291112
291113
291114
291115
291118
291213
291215
291217
291218
291219
291220
291221
291230
291231
291317
291318
291321
291323
291324
291325
291326
291335
291424
291425
291428
291433
291434
291524
291525
291526
291529
291530
291605
291617
291618
291619
291620
291622
291623
291701
291708
291711
291714
291715
291716
291717
291720
291721
291723
291792
291797
291802
291804
291879
291894
291895
291898
291969
291972
291982
291983
292055
292059
292063
292141
292148
292389
292468
303176
303177
303178
303181
303273
303276
303278
303279
303382
303387
303388
303389
303390
303391
303490
303492
303493
303494
303496
303498
303500
303596
303602
303603
303605
303606
303608
303609
303610
303617
303701
303702
303704
303710
303711
303712
303713
303714
303806
303813
303816
303817
303818
303825
303910
303911
303913
303914
303915
303998
303999
304000
304001
304006
304007
304015
304082
304083
304084
304095
304096
304097
304098
304104
304109
304110
304177
304179
304180
304186
304189
304191
304198
304202
304277
304279
304280
304283
304285
304287
304291
304375
304376
304380
304454
304467
304469
304539
304554
304629
304710
304711
315637
315735
315840
315844
315937
315939
315941
315943
315944
316042
316044
316045
316149
316152
316154
316155
316157
316250
316259
316260
316261
316268
316270
316351
316352
316360
316361
316362
316363
316365
316369
316370
316381
316453
316454
316455
316456
316457
316462
316547
316549
316550
316551
316555
316556
316635
316636
316650
316657
316738
316739
316745
316751
316752
316758
316846
316847
316848
316849
316850
316852
316856
316929
316931
316935
316949
317118
317134
317135
317222
317295
317296
317458
328154
328271
328368
328370
328374
328466
328468
328469
328474
328579
328581
328582
328585
328673
328680
328683
328684
328690
328778
328790
328883
328890
328892
328979
328992
329171
329179
329180
329266
329274
329276
329277
329361
329367
329369
329370
329371
329459
329465
329467
329468
329470
329471
329477
329481
329560
329570
329667
329748
329849
330005
330089
330094
330168
330171
330241
341281
341284
341384
341388
341585
341597
341600
341607
341686
341697
341788
341796
341798
341891
341898
341905
341906
341990
342089
342285
342552
342641
342721
342803
342888
342898
342968
342976
343046
354164
354276
354277
354280
354383
354481
354578
354583
354675
354676
354773
354783
354872
354888
354971
354979
354987
355266
355458
355459
355468
355541
355546
355627
355642
355806
355807
355811
355813
355814
355819
355820
355890
355973
355974
356046
367311
367411
367609
367620
367718
367719
367841
368045
368046
368051
368144
368147
368238
368426
368430
368432
368446
368719
368792
368802
368880
368883
368892
368894
369423
380331
380441
380456
380755
380757
380761
380763
380861
381168
381380
381463
381556
381559
381560
381573
381657
381666
381842
381925
382008
382088
382156
382165
382226
382313
382318
382644
393342
393748
393749
394358
394549
394643
394825
394911
395056
395059
395062
395067
395069
395145
395282
395284
395707
406333
406626
406635
406950
407136
407418
407520
407602
407604
407610
407684
407685
407771
407839
407847
407853
407920
407922
407923
408099
408169
408173
408179
408247
408253
408328
419177
419179
419485
419500
419583
419585
419774
420174
420525
420595
420599
420678
420681
420683
420684
420689
420759
420768
420769
420846
420847
420853
420854
420931
421004
421087
421089
421173
421179
421420
432050
432053
432164
432272
432275
432383
432476
432588
432685
432686
432688
433181
433361
433459
433701
433787
434120
434125
434212
434294
445305
445308
445416
445417
445519
445524
445529
445825
445827
446948
447033
447036
447116
447206
447210
447312
447385
447565
447653
447813
458528
458859
458951
458952
458953
459048
459765
460034
460118
460120
460198
460213
460280
460292
460372
460373
460468
460481
460568
460571
460909
471423
471623
471624
471631
472035
472036
472136
472239
472446
472851
473031
473048
473115
473196
473198
473280
473299
473353
473361
473636
473640
473648
473896
473902
484867
484967
485267
485268
485877
486232
486249
486315
486316
486323
486392
486399
486400
486401
486477
486483
486486
486578
486674
486752
486928
486934
487011
487018
487025
487098
487265
487486
498153
498255
498452
498651
498757
498848
499047
499140
499143
499486
499491
499580
499582
499585
499594
499663
499664
499666
499669
499781
499847
499848
500367
511466
511538
511638
511833
511932
511933
512027
512234
512236
512667
512675
512763
512765
512850
512867
512949
512950
513125
513216
513317
513402
513570
513659
513738
513748
513826
524672
524885
524972
524988
525276
525280
525471
525479
525566
525658
525681
525950
526028
526035
526125
526387
526479
526480
526482
526483
526505
526580
526668
526669
526851
526852
526855
527022
527109
527189
538287
538486
538788
538792
538988
539278
539562
539650
539665
539734
539825
539913
539921
540009
540095
540102
540183
540185
540187
540279
540369
551869
552360
552465
552562
552848
552940
553328
553398
553400
553483
553660
553672
553939
565377
565379
565472
565670
565872
565974
566056
566068
566153
566157
566613
566631
566695
566706
566942
567191
567276
567364
567460
567461
578784
578872
579065
579436
579437
579535
579536
579537
579628
579631
579638
579719
579990
580162
580671
580675
580763
580776
580846
580851
580866
580936
580942
581022
581024
581121
581191
581205
581289
581353
592290
592391
592494
592960
593048
593049
593137
593317
593405
593579
593676
593677
593768
594051
594221
594302
594303
594376
594458
605859
605946
606043
606504
606666
606758
606760
606761
606762
606848
606852
607020
607110
607200
607292
607389
607391
607392
607484
607487
607575
607577
607668
607759
608576
618972
619447
619533
619534
619554
619827
620369
620462
620561
620653
620732
620826
620919
620922
620923
621009
621010
621103
621104
621209
621287
621296
632396
633168
633996
633997
634091
634092
634178
634292
634354
634361
634435
634444
634445
634518
634528
634599
634697
634870
646255
646344
646345
646518
646614
647636
647735
647737
647827
647906
647907
647913
647984
647987
647991
647995
647997
648067
648068
648076
648077
648147
648232
648249
648474
659673
659674
660032
660036
660049
660129
660142
660432
660433
661205
661296
661297
661376
661384
661386
661461
661469
661476
661557
661561
661637
661727
661728
661807
661823
661891
661893
661980
661986
662067
662152
662160
662163
662241
662322
662342
662692
673183
673184
673371
673382
673453
673461
673551
673552
673940
674114
674588
674677
674763
674849
674850
674851
674853
674938
674939
674941
674945
674947
675029
675030
675032
675114
675115
675116
675205
675223
675225
675290
675291
675370
675371
675372
675458
675459
675537
675542
675630
675769
675849
675850
675852
686566
686841
686846
686847
686936
687017
687022
687131
687132
687217
687578
688081
688255
688345
688351
688433
688442
688532
688618
688620
688621
688641
688707
688717
688799
688801
688876
688877
688973
689032
689033
689108
689187
689202
689269
689275
689356
689357
689359
689362
689447
699816
699908
699916
699919
700014
700020
700122
700193
700202
700276
700287
700290
700376
700463
700550
700551
700557
700648
700652
700653
700657
700752
701547
701548
701922
701923
702140
702199
702287
702289
702378
702379
702385
702466
702467
702470
702551
702554
702556
702640
702641
702726
702727
702752
702819
702821
702904
702905
702906
702997
703084
703271
703337
713076
713077
713169
713265
713456
713463
713564
713629
713638
713718
713722
713814
713880
713882
713886
713897
713981
713988
713991
714073
714079
714080
714288
714388
714392
714587
714956
714959
715157
715347
715541
715620
715720
715821
715990
715995
716080
716082
716083
716163
716168
716186
716247
716248
716266
716352
716353
716424
716425
716508
716529
716590
716752
716844
726376
726460
726462
726641
726655
726661
726735
726829
726831
726832
726918
726925
727000
727001
727083
727084
727092
727180
727364
727563
727586
727677
727686
727780
727781
728080
728279
728837
728936
729014
729017
729020
729189
729203
729208
729281
729301
729371
729372
729462
729469
729539
729543
729546
729559
729626
729627
729713
729714
729722
729796
729797
729798
729879
729881
729963
730040
730042
730117
730118
730119
730120
730123
730190
730191
730194
730207
739495
739589
739591
739686
739690
739770
739780
739860
739877
739947
739951
740125
740210
740300
740395
740396
740515
740710
741030
741036
741439
741524
742076
742078
742080
742261
742433
742539
742616
742703
742704
742792
742793
742877
742880
742978
743056
743058
743065
743142
743144
743221
743227
743294
743304
743372
743374
752484
752486
752585
752678
752769
752867
752965
753314
753733
753734
753848
753854
753948
754055
754156
754264
754373
754442
754444
754457
754465
754824
755291
755456
755534
755546
755713
755803
756059
756139
756140
756143
756225
756246
765410
765420
765519
765520
765613
765614
765622
765707
765709
765712
765804
765907
766081
766082
766278
766281
766389
766390
766405
766486
766586
766589
766908
766912
767012
767016
767020
767199
767213
767677
767865
767866
767957
768056
768473
768474
768575
768646
768647
768744
768819
777684
778200
778292
778295
778301
778390
778391
779456
779732
779733
779743
780391
780569
780570
780578
780661
781329
781419
781509
790524
790718
790720
790816
790817
790818
790819
790820
790821
790917
790918
791351
791461
791655
791756
792132
792971
793043
793049
793052
793378
793628
802810
803000
803005
803107
803540
803643
803644
803645
803646
803647
803748
803750
803761
803854
803855
803944
803945
804039
804040
804046
804228
804327
804333
804512
804734
805253
805261
805841
806010
814201
814395
814505
815416
815525
815537
815628
815634
815732
815734
815941
816315
816504
817057
817058
817490
817578
817660
827076
827289
827290
827486
827588
827869
827870
827871
828053
828069
828861
836858
836967
836968
836969
839231
839315
839330
839408
839508
839517
839866
840436
849864
850064
850621
861859
871109
871293
871543
871554
881237
881324
881424
881775
891238
891936
892017
892104
901299
901376
901451
901519
901529
901652
910169
910332
910333
910425
910480
917661
917826
919014
919173
927707
