84149
84241
84287
84291
84767
92100
92174
92249
92317
92390
92462
92525
100809
100811
100812
100884
100885
100889
100959
100961
100962
100964
100969
101034
101100
101827
109641
109643
109645
109717
109718
109722
109723
109796
109797
109870
109875
109947
109960
110018
110022
110740
118820
118894
118899
118904
118971
118975
119050
119053
119054
119065
119130
119133
119134
119138
119205
119207
119277
119953
120037
120119
120120
120288
128144
128146
128152
128227
128306
128313
128381
128383
128388
128398
128461
128463
128464
128541
128545
128555
128559
128621
128633
129409
129410
129411
129412
129413
129414
129490
129492
137828
137841
137914
137923
137924
137929
137991
137993
137994
138069
138071
138072
138147
138148
138150
138153
138154
138155
138226
138227
138229
138233
138237
139016
139018
139027
139101
139105
139185
139366
139553
139554
139562
139647
147796
147797
147798
147804
147870
147876
147879
147883
147950
147951
147952
147953
147956
147958
147959
148030
148033
148109
148110
148832
149005
149009
149010
149091
149093
149094
149096
149097
149099
149100
149112
149113
149182
149280
158084
158087
158088
158090
158096
158232
159050
159142
159231
159239
159314
159315
159316
159322
159323
159405
159409
159410
159498
159502
159775
159778
159874
168298
168403
168471
168474
168480
168481
168543
168547
168548
168553
169707
169709
169710
169788
169790
169883
169908
170065
170153
170154
170249
178976
179055
179058
179059
179066
179133
179134
179150
180331
180332
180416
180424
180425
180429
180433
180513
180607
180795
180885
189796
189881
189883
189884
189964
189973
191191
191263
191275
191276
191277
191278
191279
191280
191281
191284
191371
191372
191377
191378
191464
191465
191554
191557
191656
191742
191847
200941
200943
200947
200948
201028
201029
201031
201033
201103
202252
202360
202362
202363
202364
202365
202457
202463
202470
202545
202546
202553
202649
202742
202755
202844
202857
202944
212222
212302
212307
212310
213728
213732
213734
213735
213813
213822
213823
213826
213913
213918
214114
214230
214327
223797
223798
223799
223800
223801
223806
223877
224127
224128
225264
225267
225268
225269
225270
225271
225358
225362
225363
225369
225372
225457
225461
235611
235612
235615
235693
236907
237119
237122
237123
237124
237125
237215
237218
237219
237221
237235
237315
237320
247669
247754
247755
247839
248989
249090
249197
249198
249199
249202
249205
249207
249213
249301
249309
259866
259948
259949
259951
260369
260391
260669
261185
261186
261187
261290
261392
261393
273166
273562
273564
273770
285034
285832
297654
298352
298558
