108925
146950
147387
156327
156388
166659
166660
177108
177109
177110
177165
177225
177226
177520
177686
177755
177891
178461
187887
187894
187947
187990
187992
188002
188103
188276
188336
188390
189304
198987
198989
199033
199088
199097
199137
199552
199619
199689
210274
210275
210322
210380
210792
210796
210858
210859
210930
211683
211684
221751
222175
222240
222241
222311
222398
233443
233688
233952
233953
234022
234023
234025
234094
234170
234251
245912
246055
246058
246126
246128
246129
246205
246206
246208
246285
246303
246366
257919
258061
258134
258210
258211
258214
258288
258368
258370
258371
258454
258455
258536
270264
270265
270413
270422
270489
270498
270567
270568
270647
270649
270653
270729
270730
270731
270813
270814
270899
282745
282826
282899
282976
282977
283056
283058
283132
283134
283139
283214
283299
295139
295200
295415
295417
295493
306979
307322
307458
307459
320838
332419
332983
332985
333056
345655
358748
358815
358816
359120
