5588
7627
7672
7716
10148
10150
10151
10243
13099
13138
13139
13140
13187
13188
13236
13292
13346
16466
16517
16518
16559
16568
16608
16610
16666
16729
16784
16970
20264
20265
20266
20315
20316
20393
20420
20421
20481
20543
24446
24496
24497
24498
24500
24501
24556
24614
24678
24746
24815
29058
29062
29120
29121
29123
29178
29253
29317
29391
33958
34074
34080
34268
34339
34341
34344
34422
39707
39711
39776
39777
39793
39851
39856
39862
44833
45397
45469
45479
45540
45541
45542
45544
45617
45620
45623
50704
50777
50859
50860
50861
50942
50945
51166
51245
51313
51395
51599
51673
51675
51679
51681
51752
51753
51754
51838
51841
51913
56236
57080
57081
57161
57163
57239
57317
57477
57715
57780
57787
57851
57852
58066
58071
58076
58146
58147
58148
58151
58174
58225
58229
58314
58315
58316
58382
63679
64003
64398
64569
64642
64643
64717
64783
64787
64854
64857
64865
64936
64940
64942
65019
65026
65114
65115
65116
65183
65201
65270
71090
71336
71678
71757
71773
71829
71902
71984
72052
72053
72066
72137
72139
72140
72142
72220
72223
72224
72229
72248
72307
72309
78119
78623
78782
78870
78958
79036
79140
79146
79226
79228
79313
79323
79390
79391
79473
79530
79620
79622
79628
79709
79710
79714
79790
79791
79792
79793
79801
79884
79970
86514
86687
86770
86774
86861
86950
86953
87044
87139
87226
87301
87376
87380
87461
87464
87541
87542
87548
87550
87632
87633
87634
87636
87637
87638
87639
87718
87719
87725
94558
94833
94834
94836
94924
95011
95102
95287
95374
95380
95382
95453
95468
95470
95549
95552
95625
95626
95703
95709
95718
95792
95793
95798
95881
95882
95885
95887
95975
95978
103189
103279
103375
103383
103472
103564
103653
103654
103743
103836
103843
103849
104022
104040
104111
104119
104121
104129
104201
104202
104278
104280
104363
104369
104371
104376
104378
104454
104462
104463
104545
104546
104548
104554
104555
104556
104642
104648
112108
112198
112293
112294
112301
112392
112393
112396
112481
112492
112503
112665
112666
112669
112853
112953
112960
112961
113053
113054
113131
113141
113142
113156
113217
113227
113229
113230
113316
113317
113319
113321
113328
113410
113415
113507
113508
113509
113510
113514
113517
113518
121428
121523
121528
121533
121892
121986
121992
122080
122081
122089
122179
122187
122191
122277
122282
122285
122369
122370
122371
122450
122452
122455
122459
122460
122461
122548
122549
122552
122553
122555
122646
122649
122650
122651
122661
122744
122745
122746
122747
130350
130916
131000
131001
131005
131006
131009
131010
131094
131096
131378
131471
131566
131575
131582
131654
131662
131669
131672
131762
131843
131845
131847
131852
131937
131938
131939
131945
131946
132035
132036
132037
132042
132052
132137
132139
132140
132141
132142
132143
132145
132242
140345
140636
140725
140732
140733
140734
140736
140819
140821
140823
140825
140826
140924
140933
141030
141202
141296
141299
141317
141392
141393
141400
141402
141403
141404
141490
141491
141504
141512
141585
141586
141588
141593
141679
141680
141683
141686
141688
141777
141779
141782
141783
141786
141788
141882
141883
141886
141890
150252
150443
150444
150537
150540
150632
150635
150640
150734
150743
150828
150831
150927
150928
150930
151023
151117
151212
151218
151221
151309
151310
151317
151318
151320
151327
151408
151411
151415
151503
151504
151505
151512
151600
151601
151606
151694
151697
151701
151706
151802
151904
151906
151907
160650
160655
160741
160747
160749
160750
160842
160848
160944
160952
161036
161046
161050
161135
161231
161233
161237
161239
161329
161332
161427
161433
161434
161438
161440
161524
161525
161530
161534
161620
161621
161623
161625
161629
161631
161632
161716
161726
161730
161815
161817
161819
170763
170856
170863
170944
171027
171028
171032
171033
171122
171127
171128
171130
171228
171237
171326
171332
171430
171435
171529
171536
171544
171635
171636
171637
171638
171640
171731
171732
171733
171738
171739
171742
171747
171831
171832
171833
171834
171835
171839
171840
171847
171924
171928
171930
171931
171934
171944
172012
172019
172021
172022
172023
172108
172114
172306
181323
181597
181683
181690
181785
181786
181887
181891
181892
181995
182000
182099
182104
182307
182308
182311
182317
182319
182408
182409
182414
182416
182418
182419
182501
182505
182509
182511
182512
182513
182518
182597
182598
182602
182603
182606
182691
182694
182697
182790
182793
192289
192387
192476
192570
192671
192678
192772
192774
192885
192994
193210
193213
193314
193316
193319
193320
193325
193327
193416
193418
193421
193424
193518
193519
193609
193610
193611
193626
193708
203399
203484
203587
203689
203794
203799
203911
204013
204227
204231
204334
204338
204341
204358
204444
204450
204451
204452
204453
204551
204553
204559
204560
204651
204653
204654
204662
214663
214764
214869
214975
215082
215524
215629
215630
215735
215837
215840
215846
226564
226890
227000
227007
227103
227105
