18084
18113
22057
26298
26316
26317
26325
26520
26562
26571
26606
31035
31042
31085
31103
31394
36153
36199
36548
36573
36614
36660
36705
36753
41712
41742
41755
41789
42289
42292
42434
42483
42880
48360
48411
48477
48524
48990
54297
54576
54722
54778
54780
54837
54838
60892
60931
61313
61367
61427
61482
62099
67621
67871
67958
67961
68004
68005
68010
68053
68103
68196
68313
69239
75408
75448
75457
75606
75659
75902
75965
76024
76081
76788
83201
83244
83252
83305
83462
83519
83903
83964
91175
91324
91325
91435
91480
91540
91725
91986
92479
92550
99577
99897
100019
100607
100682
100684
101125
101345
101478
108441
108500
108619
108883
109068
109079
109369
109438
109508
109516
109588
117641
117799
117812
118110
118171
118241
118379
118678
118680
118685
118761
119229
127134
127181
127254
127317
127491
127847
128001
128079
128088
128164
128247
136869
136874
136884
136941
137063
137127
137190
137248
137249
137458
137688
137769
137848
137854
137933
137942
146744
146747
146809
146812
147132
147201
147266
147280
147340
147740
156686
157109
157110
157176
157184
157249
157470
157623
157783
166964
167339
167613
167681
167687
167765
167835
167988
167994
168163
168332
168408
177858
177984
178053
178125
178126
178200
178345
178350
178499
178662
178905
178988
188482
188751
188897
188967
189040
189112
189498
189568
189569
189721
199790
199793
200005
200238
200629
200705
200777
210970
211409
211491
211571
211731
211743
211811
211893
211894
222952
223114
223200
223465
223551
234060
234839
235286
235453
246808
246979
246980
247159
247421
247502
259065
259153
259242
259505
259509
259595
259681
259772
271004
271186
271513
271605
271689
271778
271954
272044
283182
283414
283498
283600
283680
283761
283840
283928
284007
284262
284263
284348
284443
296210
296297
296545
296624
296786
296789
296794
296865
296947
297035
308327
308414
308499
308857
308928
308929
308954
309015
309018
309103
309104
309122
309123
309188
309208
309296
309384
309385
309553
309727
321050
321138
321223
321303
321407
321498
321569
321572
321577
321588
321668
321684
321743
321746
321762
321768
321838
321916
321936
321938
322015
322026
322093
322096
322175
322176
322194
322275
322279
333980
334155
334164
334258
334348
334413
334432
334444
334503
334504
334506
334507
334509
334528
334590
334591
334592
334594
334595
334609
334617
334678
334685
334703
334704
334770
334776
334781
334792
334793
334797
334859
334861
334863
334948
334955
334957
334971
335056
335057
335131
335149
347152
347239
347242
347243
347401
347414
347418
347422
347488
347493
347494
347497
347500
347508
347569
347575
347576
347580
347584
347588
347662
347663
347668
347681
347682
347760
347761
347773
347850
347851
347865
347934
347938
347939
347940
347941
347956
348053
348139
348152
360065
360245
360332
360395
360475
360477
360486
360561
360571
360572
360573
360574
360579
360582
360583
360648
360650
360655
360656
360660
360667
360669
360673
360745
360755
360757
360758
360764
360846
360928
360930
360937
360949
360957
361025
361030
361053
361143
361242
361326
361424
373428
373499
373508
373513
373572
373574
373594
373663
373664
373669
373752
373753
373756
373758
373774
373844
373845
373846
373847
373860
373862
373863
373866
373937
373938
373940
373952
373953
373956
373961
374029
374038
374041
374042
374047
374131
374133
374141
374226
374319
374329
386527
386602
386603
386604
386684
386692
386697
386703
386706
386773
386774
386775
386793
386862
386864
386865
386953
386954
386969
386971
387039
387040
387052
387057
387059
387132
387143
387148
387149
387223
387235
387239
387242
387244
387317
387329
387332
399561
399631
399634
399715
399730
399731
399735
399806
399807
399818
399820
399822
399893
399894
399903
399978
399979
399981
399984
399991
400073
400077
400092
400096
400097
400169
400170
400174
400187
400188
400189
400190
400196
400264
400271
400276
400277
400279
400280
400284
400286
400287
400290
400367
400372
400375
400376
400380
400475
400776
412591
412593
412679
412680
412681
412683
412695
412772
412775
412783
412784
412866
412867
412869
412870
412882
412883
412890
412964
412966
412967
412968
412969
412970
412973
412988
413061
413062
413063
413065
413067
413073
413088
413089
413154
413157
413162
413163
413165
413187
413249
413250
413258
413259
413268
413269
413271
413274
413279
413353
413356
413357
413358
413359
413360
413361
413362
413363
413364
413366
413443
413449
413453
413458
413459
413548
413559
413648
413650
413652
413749
413842
413843
425652
425653
425655
425743
425748
425749
425750
425754
425766
425836
425839
425840
425844
425848
425932
425933
425934
425935
425936
425940
425950
425955
426029
426031
426032
426033
426034
426036
426049
426050
426127
426128
426130
426134
426135
426145
426147
426152
426220
426221
426222
426224
426233
426237
426318
426327
426328
426329
426331
426333
426335
426410
426414
426416
426417
426418
426420
426421
426422
426424
426425
426426
426427
426510
426512
426517
426518
426519
426521
426606
426609
426610
426701
426885
426980
427240
438941
438944
438945
438946
439032
439042
439124
439126
439128
439133
439134
439218
439219
439220
439224
439225
439226
439227
439232
439233
439240
439246
439314
439319
439320
439321
439322
439323
439325
439334
439335
439338
439341
439409
439417
439418
439419
439420
439421
439426
439427
439428
439429
439432
439434
439512
439513
439514
439515
439517
439519
439520
439521
439522
439524
439526
439530
439605
439606
439607
439608
439610
439612
439614
439615
439616
439696
439706
439708
439795
439799
439803
439890
440414
440415
452112
452114
452198
452207
452209
452219
452222
452308
452316
452317
452384
452400
452402
452403
452472
452483
452485
452486
452488
452492
452493
452495
452496
452498
452568
452574
452575
452577
452578
452579
452580
452581
452582
452584
452585
452586
452587
452588
452589
452598
452667
452673
452674
452675
452676
452677
452678
452679
452681
452682
452688
452765
452767
452768
452769
452774
452778
452857
452863
452875
452946
452951
453039
453040
453114
453216
465149
465242
465322
465328
465335
465411
465427
465429
465430
465502
465521
465596
465609
465611
465612
465616
465617
465618
465687
465688
465693
465694
465699
465700
465701
465702
465703
465704
465705
465706
465714
465785
465789
465790
465791
465793
465794
465795
465800
465878
465883
465885
465965
465973
465976
466044
466059
466147
466228
478585
478587
478592
478676
478677
478689
478754
478766
478768
478776
478843
478853
478855
478866
478945
478946
478953
479035
479037
479043
479113
479114
479115
479120
479130
479208
479214
479215
479574
479577
491641
491872
491880
491948
491957
491960
491963
492033
492045
492046
492049
492117
492121
492133
492134
492138
492213
492218
492220
492221
492302
492305
492306
492308
492311
492313
492315
492320
492650
492754
504981
505227
505312
505317
505320
505390
505405
505491
505495
505576
505577
505579
505580
505581
505582
505593
505667
505668
505669
505672
505675
505676
505677
505684
505752
505760
505764
505838
505840
506024
518548
518549
518553
518555
518559
518625
518626
518627
518633
518634
518637
518639
518713
518715
518717
518719
518721
518727
518801
518807
518808
518812
518816
518821
518897
518899
518900
518903
518904
518979
518980
518987
518991
518997
519000
519069
519081
519150
519341
531835
531913
531919
531989
532075
532077
532080
532085
532153
532156
532240
532241
532243
532328
532334
532335
532336
532338
532339
532340
532341
532349
532427
532430
532431
532503
532514
532590
532592
532596
532598
532687
533228
545481
545484
545487
545565
545566
545567
545646
545647
545649
545722
545729
545730
545802
545803
545805
545808
545809
545811
545812
545815
545889
545890
545891
545896
545897
545898
545899
545901
545980
545983
545984
545988
546064
546153
546160
546241
546248
559036
559053
559118
559125
559129
559131
559206
559210
559211
559287
559288
559289
559366
559370
559373
559375
559453
559458
559459
559460
559462
559466
559540
559549
559550
559551
559553
559632
559636
559717
572584
572586
572588
572596
572667
572671
572673
572674
572753
572755
572757
572766
572767
572830
572831
572832
572835
572838
572840
572922
572925
572926
572927
572928
573006
573012
573013
573014
573090
573179
573265
573353
573617
585682
585941
586026
586114
586119
586194
586195
586200
586280
586283
586284
586285
586286
586287
586362
586367
586368
586370
586450
586451
586452
586453
586454
586537
586538
586542
586545
586548
586624
586712
586715
599257
599336
599343
599432
599513
599599
599601
599689
599690
599777
599869
599870
599873
599877
599953
599954
599955
599957
599958
600039
600040
600041
600042
600127
600132
600134
600136
600145
600224
600304
600393
612932
613272
613275
613276
613363
613364
613449
613453
613455
613532
613548
613625
613626
613627
613628
613629
613706
613707
613708
613710
613711
613718
613795
613878
613962
626845
626933
626934
626935
627023
627025
627105
627124
627125
627197
627199
627281
627284
627286
627366
627369
627370
627373
627451
627538
627539
640485
640568
640570
640659
640660
640665
640743
640746
640751
640822
640823
640830
640831
640832
640838
640911
640915
640917
640998
641002
641004
641005
641093
641174
653977
654056
654157
654305
654306
654377
654383
654387
654389
654390
654464
654465
654468
654473
654545
654550
654551
654633
654723
667372
667445
667596
667676
667678
667745
667750
667758
667763
667831
667832
667833
667838
667839
667924
667926
668001
668007
668014
668184
681196
681263
681270
681272
681351
682100
682197
694652
694728
695214
708358
721909
