74205
82006
143578
153431
165616
165725
173881
173978
173979
174174
174545
175855
175948
175949
175955
176000
176005
176096
176100
176176
176181
184583
185246
186460
186516
186517
186563
186619
186622
186668
186718
186720
186865
186905
195412
197282
197283
197349
197350
197406
197414
197459
197460
197808
197855
197968
207909
207998
208086
208250
208324
208338
208587
208947
218203
219497
219582
219653
219892
220022
220388
220434
220439
220470
230700
230803
230970
231126
231128
231458
232050
242586
243255
243256
243334
243808
243866
243923
243982
254607
254957
267286
267451
267853
280529
280534
280644
292672
304351
304614
304861
329997
342540
342724
355717
368790
369032
383505
395048
421246
