268568
281028
281055
281117
281124
306081
306084
306146
306850
318878
319127
319174
319220
319275
319277
319320
319372
319421
319474
319531
319536
331733
331987
332076
332191
332240
332295
332357
344883
344884
344934
344936
344993
345107
345110
345162
345167
345168
345217
345220
345221
345226
345271
345274
345333
357693
357972
358026
358083
358086
358146
358198
358257
358261
358312
358314
358363
358365
358366
358420
370870
370987
371085
371131
371133
371135
371190
371191
371193
371253
371254
371258
371319
371373
371432
371482
371486
371542
371603
371605
371740
371798
384346
384404
384460
384461
384523
384524
384582
384584
384636
384643
384692
384747
384805
384806
384875
384933
397464
397521
397579
397588
397639
397701
397704
397757
397812
397813
397873
397876
397938
397939
398010
398082
398157
410060
410122
410524
410525
410582
410593
410643
410649
410699
410700
410701
410713
410762
410894
410895
410966
410968
411040
411041
422973
423134
423395
423520
423574
423634
423699
423707
423758
423761
423763
423766
423825
423826
423827
423830
423892
423893
423965
424039
424044
424116
436100
436150
436151
436152
436207
436208
436597
436783
436844
436845
436913
436914
436921
436922
436985
436986
436987
436994
437055
437056
437126
437283
449289
449346
449349
449404
449406
449411
449412
449465
449472
449532
449660
449976
449980
450036
450100
450172
450173
450240
450241
450314
450384
450624
462522
462565
462614
462670
462724
462859
462914
463169
463419
463421
463425
463488
463489
463559
463560
463631
475650
475743
475795
475797
475854
475857
475922
475927
476115
476119
476134
476178
476180
476238
476240
476361
476363
476614
476631
476682
476684
476975
489007
489019
489066
489117
489239
489242
489311
489435
489437
489502
489504
489570
489642
489768
489834
502599
502662
502665
502731
502801
502868
502869
502870
502936
502939
502940
502997
502998
502999
503075
503143
503293
515983
516062
516244
516318
516469
528976
529156
529219
529282
529283
529354
529356
529425
529432
529493
529496
529501
529565
529566
529577
529639
529839
529843
529914
530056
542674
542743
542874
542934
542938
542940
542941
542943
542944
543014
543015
543083
543086
543087
543154
543231
543234
543506
543516
543517
543584
543654
543655
543660
543662
543739
556339
556519
556521
556581
556585
556662
556730
557018
557088
557089
557090
557162
557165
557166
557249
557390
569915
569917
569977
569978
570185
570188
570190
570330
570410
570605
570673
570740
570867
583480
583547
583550
583555
583617
583755
583756
583825
583907
583972
583974
584051
584120
584127
584196
584197
584274
584511
597296
597442
597515
597593
611199
623577
624427
624433
624434
638033
638102
638111
651665
651724
665061
665193
692147
