476403
489816
489879
489880
490023
503264
530028
557210
557211
557283
557357
557358
557431
570586
570641
570653
570708
570709
570722
570772
570775
570845
584100
584170
584175
584245
584246
584249
584251
584252
584321
584326
584327
584328
584329
584409
597719
597720
597723
597724
597728
597801
597802
597806
597807
597809
597886
597889
597891
597895
597902
597972
597973
610952
611019
611094
611097
611171
611172
611174
611255
611326
611328
611330
611331
611332
611334
611408
611409
611410
611411
611412
611413
611491
611492
611493
611495
611575
611581
611740
624674
624741
624750
624905
624906
624907
624908
624909
624984
624986
624987
625003
625069
625152
625153
625155
625156
625234
625235
625236
625237
625322
638275
638348
638434
638659
638822
638907
638908
666095
666096
679175
