276191
276195
288134
288137
288238
300430
326478
338276
338701
338823
338931
339049
350730
351058
352355
363482
363485
364224
364336
364438
364439
364452
364770
364856
364858
364860
364873
364960
364973
377354
377363
377455
377663
377766
377767
377886
377994
378085
378190
378191
378207
378287
378293
378385
378386
378387
378388
378489
389801
389806
389903
390294
390300
390396
390399
390407
390495
390601
390603
390701
390897
390901
390907
391000
391216
391428
391718
402472
402668
402856
402859
403043
403140
403146
403244
403341
403442
403628
403632
403656
403729
403825
403826
403829
404741
415499
415882
415987
416279
416574
416655
416667
416742
416745
416826
416827
416828
416831
417279
428409
428951
429264
429361
429464
429567
429659
429896
429975
429976
429978
429980
429990
430066
430302
430395
441431
442188
442282
442285
442390
442402
442613
442914
442917
442979
443054
443128
443210
443567
443755
443928
454954
455065
455066
455371
455372
455471
455472
455479
455575
455577
455578
455579
455581
455690
455796
455799
455891
455904
456068
456138
456143
456221
456224
456225
456304
456309
456311
456388
456391
456480
456652
456659
467538
468496
468573
468575
468769
468772
468952
468953
468962
469035
469115
469116
469200
469202
469204
469296
469297
469298
469299
469300
469392
469476
469479
469566
469648
481719
481721
481807
481896
481906
482063
482162
482251
482252
482261
482355
482363
482381
482462
482464
482567
482569
482684
494701
495321
495323
495416
495424
495426
495515
495521
495837
508375
508469
508753
508957
509062
509169
509170
521656
521867
522808
533805
534720
535111
535748
547547
548892
549003
549323
549324
549432
562617
562725
563048
563264
575576
576109
576219
576431
589434
602832
602937
603364
629395
629931
629935
642408
655898
669150
696169
696645
710114
710218
736456
