79731
86708
87477
95029
95031
95123
95216
103401
103586
103589
103763
103856
103860
103955
104392
112688
112689
112690
112695
112780
112784
112787
112881
112972
113074
113733
121824
121825
121915
122009
122011
122108
122204
122205
122391
131216
131314
131315
131403
131496
131684
131686
131687
131782
131783
131786
140562
140940
140945
140947
141040
141225
141229
141231
141326
141327
141429
141532
141922
150083
150575
150754
150950
150951
150955
151049
151141
151147
151343
151628
160318
160489
160495
160589
160775
161077
161172
161459
161561
170682
171357
171472
171567
171569
171684
171773
172555
182034
182138
182141
182242
182345
182352
182824
183141
193253
193351
193652
193950
194171
203234
204051
204052
204286
204380
204486
204499
204783
204989
205197
215240
215350
215873
215886
215887
215980
215982
226497
226713
226825
227244
227349
227454
227455
228080
238048
239002
239537
239750
239862
250783
250890
251092
251098
251217
251425
251536
251645
251648
251978
263069
263077
263283
263284
263285
263292
263504
263616
263628
263842
264061
275427
275434
275435
275755
275760
275867
286940
287723
287922
287931
288029
288254
288255
288480
288482
288596
300139
300455
300464
300571
300676
300784
312666
313213
313315
313317
313419
313531
313633
313740
325100
325201
325212
325552
337749
337750
337751
337752
337856
337858
337958
337968
338062
338063
338074
338186
338957
350550
350551
350553
350659
350660
350661
350669
350867
350881
351083
351187
351294
351499
363213
363318
363416
363417
363419
363519
363520
363522
363625
363715
364032
364143
364247
364249
364250
364253
364261
376169
376271
376272
376371
376373
376469
376470
376471
376569
376965
388854
389042
389141
389242
389243
389249
389342
389344
389345
389350
390541
390925
390933
402019
402111
403850
414806
415148
416679
427681
428665
453214
453841
466315
467572
479471
480422
480947
492921
492934
506298
506377
507659
507852
507853
520392
574188
