474812
475004
488335
488370
500837
501156
501220
501394
501435
501614
501615
501644
501673
514121
514448
514672
514903
514932
514933
514937
514962
514963
528054
528108
528282
528283
528284
528319
528323
528348
541646
541796
541802
541834
541842
541871
541907
554986
555089
555356
555373
555395
555434
555469
555471
567892
568518
568578
568622
568847
568894
568937
581668
581740
581809
581871
581873
581931
581989
582267
582272
582315
582405
594944
595021
595172
595173
595369
595554
595766
595768
595769
595815
595816
595860
608667
608799
608817
608882
609345
609347
609393
621901
621985
622059
622145
622215
622894
622897
622942
622943
622991
622993
622994
623001
635468
635470
635471
635548
635771
635848
636001
636262
636328
636507
636509
636564
636615
636697
648961
649049
649359
649563
649829
649967
650023
650039
662473
662554
662625
662701
662710
662984
663422
663477
675792
676110
676112
676187
676251
676252
676326
676679
676737
689297
689298
689627
689692
689857
689930
690137
690199
690200
690335
690466
702840
702918
702929
703414
703481
703551
703624
703879
716696
716767
716771
716962
716965
717028
717030
717303
717422
717484
730204
730275
730341
730345
730346
730415
730552
730620
730687
730751
730810
730812
730874
730939
730998
742990
743069
743466
743470
743545
743547
743553
743618
743619
743690
743767
743897
743903
743971
743972
744021
744036
744041
756489
756564
756565
756644
756723
756724
756797
756799
756871
756872
756874
756875
756943
756958
757009
768926
769096
769176
769332
769345
769416
769419
769500
769573
769578
769581
769582
769583
769662
769735
769743
769804
769806
769864
769865
769866
781929
782088
782164
782166
782169
782232
782246
782255
782324
782325
782329
782397
782399
782413
782465
782466
782524
794158
794232
794461
794471
794472
794536
794549
794550
794704
794705
794772
794773
794774
794775
794838
794839
794848
794903
806351
806603
806745
806819
806820
806821
806894
806899
806965
807034
807037
807117
807174
807235
807301
818154
818229
818231
818235
818532
818611
818620
818685
818688
829686
830418
830808
830862
840906
840980
841047
841112
841617
841686
842048
851833
851961
852509
852579
852642
862530
862598
863130
863197
863262
863325
863536
863590
872889
873025
873580
873635
873636
873691
883090
883159
883160
883241
883724
883725
883786
883790
883847
883853
883901
892956
893018
893564
902268
902339
902413
902873
911328
919963
944583
952569
