132557
132917
133112
141609
183927
194854
206013
216059
216156
227530
229019
238896
239093
239199
239398
240814
250539
250540
250764
251082
252830
252928
262497
262834
262945
262946
262950
263053
263054
263056
263062
264146
265021
275184
275300
275302
275405
275406
275411
275415
275520
276299
277180
287797
287903
287904
287907
289007
289454
289735
299992
300103
300107
300216
301534
302089
312523
312635
312644
312966
314822
325182
325298
327104
337936
337937
339880
339889
339990
340213
351179
352770
352880
352881
352992
353093
353097
353312
363804
363805
366027
366131
366133
366435
376847
376850
376948
379220
379221
389620
389707
389807
389808
389909
402580
402672
402763
405256
415607
415612
415704
415800
415899
415900
416203
416322
416483
428750
428855
428969
429160
429167
429169
429271
429382
429665
441877
441988
442303
442529
442832
455287
455291
455597
455810
455910
468197
468212
468299
468395
468403
468405
468407
468498
468583
468585
468689
468785
481354
481355
481453
481548
481551
481553
481554
481640
481730
481733
494716
494800
494801
494969
494971
495057
507834
507835
507930
508023
508110
508111
521047
