774017
786407
786419
786494
786577
786661
798331
798515
798773
798843
798912
799066
799164
809734
809812
810630
810698
810706
810923
811003
811090
811091
811092
811093
811173
811261
820831
820902
821349
822144
822148
822218
822220
822225
822227
822296
822298
822301
822372
822576
822647
822712
822715
822716
822782
822882
822883
822965
832401
833371
833375
833456
833528
833597
833599
833600
833616
833688
833691
833753
833754
833824
833950
834021
834022
834093
834101
834183
834286
834292
843004
843051
843197
843302
843304
843362
844372
844374
844375
844376
844377
844448
844522
844590
844668
844671
844672
844729
844732
844733
844759
844794
844925
844941
845005
845007
845011
845025
845098
845105
845190
845194
845285
845291
845374
853858
853943
853945
854047
854059
855028
855030
855104
855105
855106
855107
855109
855179
855182
855188
855192
855246
855251
855316
855317
855319
855320
855385
855389
855446
855574
855578
855579
855588
855652
855654
855656
855665
855747
855836
855837
855916
864419
865547
865550
865624
865626
865698
865700
865769
865771
865772
865969
866036
866038
866045
866046
866047
866119
866194
866196
866209
866334
866406
874605
875528
875752
875819
875948
876020
876098
876173
876243
876270
876316
876318
876390
876542
885774
886226
894994
895424
895496
895497
903445
904697
912258
912262
912305
912345
912680
913040
913114
920934
920936
920964
921077
921777
929477
929478
929595
929640
929925
929934
930311
937604
937605
937622
937630
937883
938122
938183
938232
938490
945468
945830
946212
946226
946280
953422
953423
953468
953522
953639
960217
960231
960287
960325
960400
967456
967554
974672
974757
981733
981806
981841
988681
988694
988727
995436
995443
995452
1.00853e+06
