206411
252853
265368
277400
277728
277729
277731
314946
315049
353559
366578
366580
366581
366583
366587
392612
392709
392718
405276
405522
405633
418467
510835
537490
537745
550437
551008
564465
564548
564552
564637
564727
577549
577759
577761
577773
577938
577945
578034
578038
578126
591159
591160
591258
591261
591446
591531
591533
591615
591617
591876
604714
604720
604804
604808
604810
604902
604907
604912
604923
605010
605031
605128
605129
605137
605234
605311
605326
605408
605420
618151
618239
618251
618360
618361
618362
618363
618463
618467
618473
618476
618478
618479
618485
618597
618694
618703
618709
618801
618804
618810
618814
618888
618909
618911
618991
618994
618996
619007
619083
619095
631240
631452
631649
631738
631739
631748
631749
631753
631860
631862
631964
631974
631978
631983
631984
632085
632095
632096
632097
632098
632099
632108
632328
632333
632435
632521
632531
632532
632618
632624
644951
645045
645139
645245
645246
645247
645337
645338
645342
645343
645434
645435
645436
645530
645533
645536
645539
645540
645542
645645
645652
645657
645760
645761
645770
645777
645884
645885
645886
645888
645991
645992
646093
646094
646282
646286
658468
658552
658648
658760
658863
658866
658960
658962
658964
659065
659066
659070
659167
659181
659285
659286
659290
659292
659399
659400
659401
659402
659403
659504
659505
659699
659702
671871
671977
672086
672391
672401
672403
672702
672703
672806
672817
672818
672913
672914
672915
672916
673010
673011
673014
673112
686107
686203
686312
686410
686498
686500
686506
700480
739879
