28845
28912
33274
39097
39181
44525
44856
45272
50396
50479
50556
50557
50637
50640
51190
56938
57339
57417
57490
57500
57503
57506
63446
64206
64356
64504
69469
71029
71282
71440
71611
71618
71703
71772
77424
77896
78480
78812
78901
79160
79162
85206
85286
85360
85863
86533
86797
86799
86893
86980
86985
93227
93311
93319
93320
93321
93390
93473
93476
93553
94051
94324
94409
94771
95046
95136
95228
101832
101840
101907
101914
101991
102151
102322
102329
102758
102759
102849
102949
103034
103123
103402
103418
103497
103687
103780
103873
103877
110738
110756
110911
110989
111064
111758
111763
111860
111948
111949
112055
112128
112134
112139
112223
112232
112423
112614
112893
119350
119420
120040
120041
120128
120208
120210
120214
120297
120459
120704
120808
120882
120996
121274
121277
121364
121374
121456
121650
121837
121840
122020
128707
128853
129491
129498
129590
129666
129676
129766
130461
130465
130476
130665
130758
131036
131135
131327
131419
139187
139188
139278
139290
139368
139384
139654
139929
140382
140473
140484
140581
140777
140867
141244
141254
148351
148604
149274
149276
149284
149362
149365
149368
149374
149376
149457
149460
149464
149559
149650
150013
150293
150379
150484
150571
150674
150869
150961
151167
151265
159225
159320
159500
159506
159514
159516
159785
159880
159881
160061
160149
160150
160234
160240
160699
161187
161193
161277
161288
161387
161473
161572
169708
169889
169896
169980
169984
170066
170165
170257
170434
170532
171164
171175
171691
179459
179547
180515
180518
180519
180520
180522
180523
180527
180611
180612
180620
180714
180809
180901
180986
181176
181272
181458
181723
181834
181843
181949
182153
182162
182366
190670
191359
191369
191374
191376
191472
191474
191567
191756
191855
191953
192049
192055
192148
192434
192523
192715
192948
193051
202462
202552
202557
202569
202654
202656
202657
202945
203048
203051
203439
203952
203956
203958
203964
204063
213184
213621
213829
213926
214020
214026
214223
214229
214233
214238
214614
214698
214922
215361
215362
215482
215578
224392
224480
225153
225249
225251
225364
225367
225565
225570
225571
225572
225772
225880
225986
226617
226618
227048
236121
236315
236903
237226
237228
237426
237427
237433
237535
237536
237540
237543
237644
237853
237957
238906
248296
248297
248300
248393
248986
249415
249516
249620
249943
250041
261180
261182
261279
261280
261281
261381
261382
261488
261699
273555
273657
273658
273756
273761
273864
274179
274287
286137
286340
298755
298764
