306920
306922
306976
306980
332593
332721
332859
332860
332922
333000
333069
333692
345665
345736
345749
345794
345811
345812
345955
346497
346580
358742
358826
358887
358952
358964
359043
359045
359130
359196
359507
359587
359762
359765
359846
359847
359848
359851
359852
359853
359860
359932
359933
359934
359935
359938
359940
359941
360022
360023
360024
360028
360029
360115
360123
360129
360225
360304
372022
372024
372092
372167
372244
372245
372249
372326
372331
372337
372486
372724
372725
372803
372810
372811
372880
372962
372970
373044
373045
373066
373225
373226
373230
373231
373312
373388
373391
385303
385374
385451
385461
385534
385538
385616
385621
385852
385870
385933
386160
386161
386231
386236
386237
386301
386302
386303
386509
398458
398534
398612
398613
398615
398616
398617
398690
398692
398693
398696
398703
398774
398850
398851
398852
398930
398931
399010
399011
399082
411499
411658
411659
411666
411738
411739
411740
411743
411817
411818
411825
411894
424426
424500
424730
476842
