231088
231331
243432
254455
254547
254996
255302
255450
255722
266883
267245
267567
267646
267860
278978
279273
279362
279364
279365
279693
279866
279867
290819
291359
291814
291826
291902
291907
291911
292082
292254
303220
303314
303530
303535
303848
303940
304025
304028
304123
304214
304294
304398
304478
315581
315881
316178
316584
316680
316968
317145
317147
317148
317250
328199
328620
329207
329498
329595
329597
329690
341214
341936
342038
342118
342226
342317
342318
342402
342410
342497
342498
342577
342751
354099
354618
354725
354819
354915
354922
355106
355293
355391
355572
356850
356853
356855
367452
367454
367663
367771
367775
368271
369061
369943
370002
370053
380696
380796
380799
380805
380903
380906
380912
381506
381596
381687
381688
382951
383017
383086
383088
383149
383211
383213
393373
393689
393790
393796
393894
393997
394009
394098
394194
394391
394489
395011
395157
395796
395861
395863
395864
395930
395933
395937
395939
395999
396001
396003
396004
396061
396062
396065
396066
396123
396124
396125
396129
396130
396184
396187
396188
406576
407073
407074
407078
407176
407266
407270
407271
407272
407370
407456
407632
407793
408026
408575
408576
408577
408587
408647
408648
408718
408719
408784
408786
408787
408790
408849
408852
408918
408919
408920
408921
408983
408989
409048
409104
419428
419429
420007
420012
420015
420108
420115
420202
420204
420205
420206
420299
420388
420391
420550
420628
420702
420705
420713
420785
420796
421023
421422
421423
421495
421501
421564
421565
421568
421635
421703
421710
421781
421840
421842
421846
421909
421972
432522
433118
433212
433305
433311
433396
433482
433648
433657
433810
433813
433892
433973
434053
434057
434307
434392
434467
434477
434483
434556
434563
434628
434695
434696
434832
434900
434901
434903
434904
434906
434974
434975
434976
434982
434983
435043
435044
435109
445664
445764
445862
445864
445874
445962
445963
445964
445966
446068
446069
446071
446081
446170
446173
446177
446182
446270
446280
446366
446367
446375
446455
446457
446540
446541
446552
446621
446623
446625
446626
446639
446711
446712
446714
446715
446716
446717
446805
446806
446807
446808
446810
446811
446812
446817
446885
446890
446892
446899
446905
446973
446974
446976
447231
447400
447401
447485
447489
447490
447492
447571
447577
447580
447583
447584
447651
447662
447666
447667
447741
447752
447819
447961
447962
447968
448033
448034
448041
448111
448253
448254
448317
458678
458681
458783
458784
458889
458890
458891
458892
458900
458989
458991
458993
458999
459000
459091
459093
459197
459198
459199
459304
459314
459410
459504
459505
459603
459604
459608
459692
459693
459695
459700
459704
459787
459792
459793
459796
459879
459894
459978
459980
460055
460056
460138
460398
460487
460488
460489
460570
460572
460574
460575
460577
460578
460581
460584
460590
460667
460669
460672
460674
460752
460754
460756
460757
460758
460831
460841
460845
460849
460923
461003
461152
461156
461166
461231
461301
461309
461310
461377
461444
461514
471771
471876
471877
471878
471883
471976
471977
471978
472079
472289
472292
472389
472486
472488
472490
472491
472593
472692
472694
472786
472788
472880
472961
472971
472976
473133
473138
473293
473294
473304
473384
473386
473470
473472
473474
473475
473476
473477
473481
473482
473562
473563
473564
473565
473566
473567
473575
473647
473650
473651
473652
473653
473657
473658
473659
473739
473740
473742
473745
473750
473827
473831
473912
473915
473997
474073
474076
474151
474160
474221
474222
474288
474290
474291
485010
485727
485922
486178
486430
486503
486506
486511
486512
486516
486518
486593
486601
486602
486671
486675
486680
486681
486682
486684
486685
486686
486765
486766
486769
486770
486771
486773
486775
486852
486853
486858
486859
486861
486862
486869
486945
486947
486950
486958
487030
487036
487040
487116
487120
487128
487129
487189
487197
487199
487275
487286
487347
487349
487419
487429
487489
498386
499265
499351
499437
499444
499519
499526
499527
499608
499609
499613
499696
499697
499699
499780
499782
499787
499861
499865
499867
499868
499869
499871
499945
499955
499956
499957
499958
499959
499960
499961
500042
500044
500046
500047
500048
500050
500052
500053
500123
500132
500135
500137
500138
500206
500218
500219
500220
500303
500315
500394
512454
512617
512619
512698
512712
512787
512795
512799
512882
512883
512960
512961
512970
512972
513063
513065
513145
513146
513147
513153
513158
513159
513160
513242
513243
513244
513245
513246
513247
513248
513249
513330
513332
513334
513335
513336
513337
513338
513415
513423
513426
514043
514113
525317
525618
525872
525959
525975
526048
526050
526051
526061
526063
526141
526142
526156
526157
526230
526231
526240
526322
526332
526333
526420
526421
526422
526502
526509
526522
526591
526594
526603
526604
526605
526606
526681
526689
526693
526695
526698
526772
526775
526781
526782
526942
538324
538836
538930
539128
539233
539495
539497
539508
539593
539672
539683
539759
539768
539769
539771
539844
539848
539849
539854
539857
539938
539940
539941
539947
539951
539955
540028
540029
540038
540041
540042
540118
540119
540125
540128
540214
552310
552410
552509
552512
552612
552789
552878
552899
552982
552986
553071
553072
553146
553151
553155
553169
553255
553258
553333
553342
553343
553344
553422
553423
553424
553429
553430
553432
553505
553506
553507
553508
553509
553512
553515
553516
553594
553595
553601
553602
553689
553690
553694
553785
554419
565517
565996
566480
566557
566569
566637
566646
566726
566730
566801
566804
566809
566812
566813
566817
566877
566879
566881
566888
566890
566891
566892
566893
566900
566955
566970
567032
567034
567035
567038
567044
567045
567119
567121
567203
567204
567205
567207
567208
567211
567294
567296
567380
579480
579576
579668
579753
579754
579763
579840
579843
579844
579847
579852
579853
579927
579932
579933
579939
579940
579942
580012
580014
580016
580020
580024
580095
580097
580098
580099
580100
580102
580107
580109
580110
580184
580187
580192
580193
580194
580198
580269
580270
580274
580275
580277
580282
580285
580286
580357
580360
580361
580362
580363
580366
580376
580443
580444
580448
580455
580457
580460
580523
580531
580613
580614
580616
580617
580618
580699
580701
580702
580785
580786
592904
592992
593082
593083
593084
593170
593172
593173
593174
593175
593177
593259
593263
593267
593269
593345
593349
593350
593355
593356
593358
593432
593433
593434
593436
593437
593438
593440
593442
593518
593519
593520
593521
593522
593524
593525
593527
593528
593530
593610
593611
593612
593613
593614
593615
593618
593620
593621
593623
593700
593703
593704
593705
593706
593707
593708
593709
593715
593716
593793
593794
593795
593796
593798
593799
593800
593808
593887
593888
593889
593890
593902
593978
593979
593980
593981
593985
594071
594149
594153
594235
606451
606534
606535
606536
606610
606611
606613
606622
606701
606703
606791
606792
606794
606796
606801
606882
606883
606884
606887
606966
606967
606968
606969
606970
606972
607053
607054
607055
607056
607057
607059
607061
607140
607141
607142
607143
607148
607228
607229
607230
607231
607232
607233
607235
607237
607241
607242
607321
607322
607323
607324
607325
607326
607327
607334
607335
607415
607416
607417
607418
607419
607428
607507
607508
607509
607510
607521
607601
607602
607603
607609
607613
607690
607691
607693
607696
607703
607710
607778
607780
607784
607864
607944
619767
619865
619959
620036
620037
620042
620132
620136
620221
620311
620312
620315
620404
620405
620406
620407
620493
620494
620495
620496
620498
620502
620583
620586
620587
620588
620589
620591
620671
620672
620676
620682
620684
620686
620688
620763
620764
620766
620767
620774
620775
620778
620856
620857
620858
620860
620861
620862
620944
620949
620950
620955
621033
621034
621037
621038
621048
621125
621126
621127
621128
621132
621139
621216
621217
621230
621304
621306
621308
621314
621315
621395
621396
621399
621408
621487
621493
633476
633477
633557
633560
633655
633669
633754
633843
633934
634026
634027
634031
634109
634120
634125
634135
634205
634209
634211
634220
634297
634301
634302
634313
634379
634382
634390
634393
634460
634465
634471
634542
634543
634545
634548
634627
634628
634629
634633
634636
634640
634708
634710
634712
634717
634722
634795
634808
634810
634887
634893
634897
634973
634982
635066
646944
646945
647038
647120
647123
647126
647211
647214
647218
647306
647394
647397
647492
647573
647578
647582
647663
647677
647763
647772
647850
647858
647859
647862
647942
647944
647950
648009
648010
648012
648092
648093
648102
648172
648173
648181
648250
648253
648263
648332
648333
648335
648341
648414
648489
648498
660457
660462
660546
660550
660629
660635
660710
660715
660798
660799
660889
660890
660981
660984
661067
661070
661155
661236
661242
661244
661320
661329
661414
661494
661497
661501
661572
661664
661672
661752
661756
661842
661912
661918
662008
673961
673972
674056
674058
674131
674133
674208
674290
674294
674374
674375
674457
674460
674544
674621
674709
675059
675150
675236
675318
675399
675478
687245
687338
687427
687428
687434
687516
687520
687525
687600
687675
687677
687678
687759
687760
687845
687846
687931
687938
688024
688108
700775
700779
700869
700871
700965
701054
701057
701059
701141
701142
701230
701231
701319
701405
701406
701493
701494
701676
701765
701772
701868
714105
714112
714208
714210
714307
714413
714425
714515
714614
714615
714616
714710
714711
714712
714804
714807
714896
714897
714898
714990
714991
715086
715178
715356
727388
727486
727487
727488
727593
727594
727599
727698
727703
727707
727712
727809
727912
728001
728002
728009
728010
728011
728012
728015
728100
728106
728108
728200
728201
728205
728294
728295
728296
728375
728384
728385
728386
728478
728479
728575
728753
728847
740627
740628
740733
740734
740846
740847
740943
740949
740951
740952
740956
740957
741054
741057
741160
741167
741259
741261
741262
741273
741357
741358
741360
741455
741457
741547
741549
741550
741637
741638
741642
741721
741722
741817
741998
742082
742095
742097
753655
753760
753871
753977
754071
754079
754083
754175
754177
754180
754287
754288
754382
754385
754390
754467
754469
754473
754474
754475
754476
754478
754479
754567
754568
754569
754571
754574
754658
754659
754660
754661
754665
754748
754750
754752
754756
754834
754844
754845
754846
754946
755036
755126
755206
755383
755386
766403
766510
766724
766725
766727
766731
766833
766837
766924
767027
767031
767033
767035
767133
767141
767234
767235
767236
767240
767328
767330
767332
767422
767423
767424
767425
767433
767512
767513
767514
767515
767516
767517
767601
767602
767603
767604
767606
767687
767691
767692
767694
767695
767696
767775
767785
767786
767869
767882
767966
767981
767983
778990
779169
779266
779268
779362
779368
779466
779567
779669
779762
779763
779860
779861
779951
779953
779957
780042
780043
780044
780045
780129
780137
780139
780219
780221
780228
780233
780307
780308
780309
780310
780313
780314
780400
780401
780402
780405
780490
780491
780588
780593
791578
791579
791675
791678
791680
791770
791771
791772
791774
791863
791868
791959
791962
791964
792058
792068
792147
792152
792153
792154
792254
792255
792342
792343
792344
792353
792438
792440
792527
792535
792539
792625
792627
792633
792640
792713
792715
792800
792802
792803
792805
792807
792808
792811
792887
792891
792892
792973
792974
792975
792976
792981
792982
793055
793056
793057
793223
793224
803666
803667
803680
803773
803865
803866
803967
804060
804062
804071
804157
804158
804161
804168
804249
804252
804346
804356
804443
804445
804535
804542
804543
804544
804642
804736
804740
804831
804832
804839
804922
804925
804932
805007
805008
805009
805012
805013
805090
805091
805176
805179
805181
805182
805184
805191
805257
805258
805263
805345
805347
805436
815463
815650
815753
815854
815951
815952
816041
816042
816044
816137
816139
816149
816233
816247
816332
816339
816342
816431
816432
816436
816532
816534
816536
816624
816625
816627
816628
816720
816725
816734
816818
816986
817004
817067
817068
817071
817075
817144
817146
817147
817148
817153
817236
817238
817240
817323
817328
817413
817416
817513
827302
827408
827409
827410
827506
827507
827511
827599
827601
827603
827610
827696
827702
827790
827791
827792
827794
827880
827885
827896
827982
827983
828075
828076
828078
828177
828271
828458
828542
828618
828625
828628
828695
828701
828702
828706
828710
828782
828871
828884
838651
838655
838751
838752
838757
838858
838948
838950
839049
839051
839148
839150
839240
839241
839332
839333
839423
839424
839425
839520
839611
839698
839882
839883
839947
839948
839952
839960
840029
840034
840108
840112
840113
840195
840200
840201
840278
840291
840365
849792
849873
849876
849882
850346
850353
850354
850531
850534
850535
850644
850713
850881
850882
850966
851065
851135
851139
851141
851221
851222
851302
860166
860550
860654
860738
860828
860830
861003
861091
861103
861264
861350
861438
861529
861539
861612
861616
861708
861793
861799
861868
871389
871477
871644
871815
871819
871900
871977
871982
872061
872069
872156
881060
881708
881787
881878
881959
882207
891156
891260
891782
891859
891861
900620
901145
901146
901160
918433
918605
918690
918772
918856
927131
