73808
81414
97923
106403
124811
134172
134348
143779
143865
144133
144219
153735
153737
154001
154011
154012
154095
154188
154351
155370
155411
164081
164082
164172
164180
164254
164266
165591
165638
165677
165709
174132
174225
174314
174500
174501
174594
174597
175972
176026
176031
176034
176077
176079
184829
184830
184831
184931
185022
185202
185294
185295
186694
186794
186843
186845
186849
186851
186893
195772
195774
195871
195965
196057
196148
196157
197674
197676
197733
197735
197789
197833
197836
197880
197883
206849
206851
206950
206951
207047
207048
207050
207051
207053
207143
207232
207234
207328
207421
207422
207515
208742
208798
208800
208860
208861
208869
208922
208923
208924
208972
209025
218161
218265
218363
218371
218463
218469
218648
218655
218742
218743
218839
220127
220186
220188
220190
220249
220251
229892
229988
229989
230082
230085
230174
230179
230267
230276
231784
231786
231790
241959
242058
242059
243587
243588
243589
243654
243655
243707
244077
253990
255540
255610
255677
255678
266981
267809
267813
267879
267936
268153
280118
280179
280182
280187
280242
280359
292341
292419
292420
292421
292496
292564
292576
292636
292639
304821
304897
304974
317163
317330
317331
317409
317410
317495
317565
317566
317639
317640
317786
329957
330116
330117
330122
330194
330342
342677
342760
342762
342924
343002
343071
355310
355402
355493
355582
355762
355763
355849
355923
368749
368839
368920
368993
369059
381317
381414
381511
381608
381710
381798
381969
382188
394787
394869
407803
