331209
331327
344214
344248
357047
357087
357176
357255
370270
370273
370316
370366
383109
383235
383327
383328
383379
383426
383428
383433
383471
383472
383475
383483
383517
383519
383522
383555
383556
383589
396088
396158
396318
396321
396365
396414
396460
396463
396472
396503
396504
396539
396544
396576
408809
409012
409126
409189
409199
409254
409290
409339
409384
409385
409422
409428
421727
421930
421994
421996
422054
422056
422113
422168
422226
422273
422360
422361
422364
422432
434787
434867
434927
434998
435068
435135
435259
435310
435316
435418
435508
435590
447987
448136
448206
448209
448274
448275
448338
448339
448360
448401
448403
448464
448466
448527
448578
448580
448582
448630
461176
461182
461252
461256
461325
461328
461401
461404
461469
461529
461530
461595
461596
461653
461655
461711
461807
461810
474247
474258
474316
474318
474380
474383
474447
474518
474520
474585
474588
474644
474646
474706
474708
474762
474816
474866
487369
487371
487443
487513
487531
487648
487649
487654
487708
487829
487885
487950
500560
500633
500703
500704
500780
500792
500850
500852
500854
500855
500914
500915
500984
500987
500998
501048
501108
501231
513851
513930
513942
513997
513999
514068
514136
514209
514277
514345
526971
527160
527218
527219
527293
527365
527370
527444
527506
527580
527646
527647
527709
527779
540590
540658
540661
540739
540753
540812
540816
540963
541037
541111
554215
554217
554293
554370
554446
567662
567663
567678
567745
567746
567748
567822
567823
567827
580980
581149
581160
581164
581231
581248
594182
594493
594573
594574
594588
594652
594655
594657
594733
608183
608186
608189
608256
608258
608259
608328
608330
608333
621758
621836
621837
621838
621915
621916
621917
621918
622002
635243
635328
635330
635337
635403
635405
635406
635412
635483
635484
648838
648839
648854
648905
648907
648912
648920
648985
648986
648991
662192
662274
662279
662301
662353
662354
662355
662357
662358
662419
662420
662421
662422
662423
662428
675572
675729
675731
675732
675733
675750
675802
675803
675804
675805
675806
675808
675878
675880
675884
675956
676205
689145
689147
689220
689222
689223
689224
689246
689301
689302
689304
689308
689309
689310
689385
689386
689391
689631
702763
702764
702765
702774
702849
702850
702851
702879
702939
703026
703028
703029
703031
703133
703208
703426
716284
716285
716290
716292
716364
716365
716367
716368
716370
716452
716453
716455
716536
716537
716538
716624
716625
716789
716863
716865
716919
716921
729417
729419
729508
729663
729664
729668
729669
729670
729825
729826
729829
730150
730152
730219
730221
730285
730370
730437
742664
742751
742835
742839
742920
742924
742936
743014
743090
743170
743172
743177
743325
743477
743480
743562
743567
743636
743782
743795
755493
755755
755760
755844
755930
755934
755935
756886
768431
768519
768522
768606
768617
768690
768691
768772
769195
780867
781034
781113
781116
781119
781196
782023
793262
793408
793413
793414
793417
793494
793497
793499
793601
793848
805288
805375
805628
805630
817527
817529
817530
817539
817851
817929
817936
818015
828730
829067
829547
829551
829629
839374
851713
