135744
145540
155620
156000
166111
166166
176459
176491
187171
187309
187345
187346
187378
187466
198298
198340
198344
198384
209147
209370
209435
209471
209474
209516
209519
209561
209569
209770
220454
220637
220665
220761
220837
220869
221099
221575
232059
232314
232358
232392
232588
232598
232798
232849
233442
243980
244213
244226
244231
244242
244246
244252
244298
244299
244333
244402
244497
244583
244630
255719
255943
256170
256326
256344
256347
256364
256390
256414
256415
256444
256615
256864
256922
256923
256983
268089
268147
268488
268587
268594
268650
268731
268743
269013
269113
269273
269390
269391
269682
280022
280683
280938
280974
281057
281094
281166
281169
281171
281215
281219
281332
281419
281462
281600
281697
281757
281807
281808
282152
292692
292809
292932
293173
293265
293295
293394
293418
293425
293539
293540
293557
293562
293565
293757
293843
294058
294149
294197
294308
294427
294479
294533
305096
305162
305824
305847
305883
305894
306040
306085
306109
306110
306112
306145
306148
306153
306182
306184
306192
306221
306359
306403
306446
306490
306542
306848
306968
307070
317978
318383
318442
318517
318530
318561
318639
318704
318726
318770
318774
318794
318805
318823
318846
318879
318950
318951
318991
318999
319088
319128
319132
319175
319177
319184
319477
319528
319596
319758
319813
319864
330322
330397
330541
330846
331092
331093
331144
331201
331264
331311
331340
331344
331360
331375
331392
331394
331395
331406
331430
331434
331435
331445
331477
331501
331506
331533
331557
331558
331582
331609
331613
331638
331668
331672
331701
331740
331741
331782
331835
331884
331936
331970
331978
332027
332040
332078
332145
332195
332250
332294
332362
332405
332409
332471
332596
343415
343416
343588
343763
343764
343838
343854
343914
343958
344007
344026
344074
344103
344164
344230
344242
344249
344258
344282
344285
344286
344292
344312
344315
344317
344329
344335
344336
344352
344360
344363
344469
344552
344575
344603
344604
344632
344635
344659
344664
344705
344742
344787
344788
344790
344800
344835
344836
344837
344882
344890
344940
344952
344997
344998
345054
345164
345215
345305
345458
345462
345463
345525
345528
355280
356192
356278
356413
356414
356569
356573
356638
356701
356784
356851
356914
356960
356970
357015
357018
357153
357156
357161
357199
357229
357235
357265
357297
357302
357311
357314
357346
357353
357356
357366
357378
357425
357447
357448
357451
357483
357655
357691
357703
357726
357731
357761
357800
357840
357886
357925
357930
358037
358050
358213
358392
358434
358439
358560
358668
358670
369491
369572
369580
369626
369644
369652
369930
369931
369970
369992
370044
370099
370104
370113
370141
370143
370159
370166
370201
370249
370283
370298
370325
370326
370327
370331
370343
370361
370382
370401
370410
370430
370451
370454
370459
370478
370480
370484
370490
370500
370565
370569
370633
370760
370837
370869
370905
370930
370988
371095
371270
371322
371429
371499
371553
371690
371766
371867
371874
371936
372005
379885
382637
382641
382642
382652
382719
382720
382923
382942
383011
383058
383066
383071
383140
383147
383207
383209
383263
383294
383338
383339
383359
383391
383437
383442
383453
383485
383491
383492
383494
383500
383526
383534
383538
383542
383545
383561
383579
383580
383607
383610
383626
383627
383635
383638
383639
383660
383666
383702
383704
383789
383874
384159
384207
384215
384251
384306
384310
384357
384362
384482
384534
384543
384544
384589
384635
384759
384808
384813
384820
384869
384937
385028
385231
385286
385361
385438
395535
395536
395537
395545
395604
395620
395622
395629
395635
395690
395692
395712
395789
395790
395848
395913
395918
395927
395977
395986
395988
395996
396060
396063
396121
396165
396177
396330
396372
396382
396426
396431
396466
396470
396471
396479
396514
396515
396560
396567
396584
396585
396588
396615
396620
396625
396631
396642
396645
396647
396654
396662
396796
396915
396916
396920
396922
396960
396969
397011
397015
397017
397056
397060
397210
397212
397218
397262
397264
397268
397308
397320
397367
397371
397374
397378
397417
397434
397711
397729
397959
398100
398306
398375
398395
398519
398760
408092
408243
408258
408321
408325
408396
408398
408399
408400
408402
408404
408407
408408
408478
408499
408549
408567
408620
408694
408697
408704
408705
408763
408769
408843
408916
409027
409030
409075
409077
409079
409088
409147
409202
409248
409261
409302
409307
409310
409351
409402
409410
409440
409446
409450
409467
409479
409482
409490
409517
409526
409527
409531
409546
409557
409697
409726
409810
409859
409863
409898
409900
409901
409902
409904
409906
409909
409911
409913
409954
409957
409961
409962
410013
410066
410121
410127
410131
410182
410238
410239
410244
410292
410296
410310
410350
410353
410354
410420
410474
410476
410775
410781
410845
410914
411000
411042
411065
411118
411121
411195
411412
411413
411426
411488
411571
419686
419770
419870
419964
420162
421171
421261
421262
421339
421408
421491
421618
421619
421695
421748
421831
421889
421949
422010
422063
422065
422066
422079
422121
422124
422125
422144
422145
422176
422177
422178
422179
422181
422184
422198
422206
422208
422245
422253
422259
422286
422293
422332
422335
422336
422374
422379
422383
422409
422419
422424
422430
422439
422441
422454
422463
422468
422480
422482
422490
422498
422502
422577
422582
422690
422766
422773
422814
422816
422821
422855
422861
422862
422865
422913
422965
422967
423015
423017
423018
423026
423029
423068
423071
423072
423077
423079
423086
423131
423137
423188
423199
423203
423267
423325
423391
423591
423592
423648
423899
423914
423972
423983
423984
424040
424054
424057
424069
424211
424216
424271
424347
424419
424490
424578
424655
424731
424738
424801
425025
425045
425275
425550
431608
432585
432786
432979
433788
433944
434203
434292
434373
434376
434456
434472
434530
434539
434540
434543
434554
434619
434624
434755
434759
434814
434869
434961
435024
435028
435040
435049
435080
435096
435102
435103
435146
435147
435155
435162
435165
435210
435214
435268
435278
435279
435287
435297
435321
435322
435326
435344
435353
435372
435389
435403
435423
435436
435440
435446
435484
435486
435519
435522
435539
435625
435674
435844
435853
435884
435894
435923
435928
435930
435963
435967
435970
435972
435973
436002
436013
436045
436093
436098
436106
436153
436156
436163
436211
436212
436213
436220
436265
436271
436272
436273
436279
436335
436337
436340
436390
436404
436466
436469
436474
436533
436541
436594
436600
436601
436666
436672
436796
436800
436801
437153
437209
437216
437293
437359
437661
437731
437808
437841
437885
437956
437977
438036
438156
438283
438367
438384
438461
438467
439018
446226
446330
446514
446517
446608
446773
447301
447375
447382
447463
447471
447560
447623
447655
447710
447717
447722
447729
447734
447805
447868
447949
448035
448099
448160
448226
448235
448292
448296
448306
448307
448310
448316
448319
448350
448354
448368
448372
448373
448376
448420
448427
448432
448438
448439
448440
448444
448450
448475
448485
448491
448496
448502
448508
448544
448551
448593
448611
448642
448650
448655
448685
448692
448728
448768
448769
448770
448780
448810
448859
448915
449078
449159
449164
449191
449192
449194
449196
449197
449223
449225
449226
449232
449260
449261
449288
449294
449305
449397
449405
449416
449530
449531
449533
449534
449590
449597
449600
449615
449651
449655
449657
449663
449666
449675
449720
449721
449729
449730
449731
449733
449791
449793
449860
449920
449935
449982
450056
450058
450113
450247
450395
450461
450476
450477
450539
450546
450559
450694
450695
450835
450840
450917
450918
450943
450997
451003
451006
451060
451067
451211
451291
451296
451371
451375
451460
451547
451551
451646
451735
451827
451837
451918
451930
452094
452276
452657
452821
452827
452917
453263
453267
453355
453356
458521
458842
459050
459266
459744
459936
460553
460648
460652
460736
460814
460828
460910
460911
460922
460977
460992
460996
461279
461291
461356
461357
461360
461364
461472
461474
461481
461544
461549
461567
461603
461604
461608
461612
461630
461659
461662
461691
461692
461719
461779
461792
461802
461849
461864
461905
461911
461912
461915
461966
461997
462034
462036
462040
462072
462095
462106
462130
462230
462289
462296
462323
462330
462373
462405
462406
462407
462409
462410
462442
462443
462472
462473
462474
462475
462480
462515
462528
462571
462610
462615
462616
462618
462621
462663
462669
462687
462742
462787
462792
462796
462847
462848
462855
462871
462913
462920
462922
462923
462924
462925
462938
462998
463038
463046
463051
463052
463054
463065
463114
463115
463116
463178
463185
463235
463239
463244
463302
463309
463426
463567
463569
463593
463646
463647
463654
463706
463713
463718
463777
463778
463781
463795
463935
464085
464101
464164
464234
464246
464318
464334
464400
464487
464575
464576
464581
464667
464676
464853
464861
464863
464945
464950
465037
465122
465137
465205
465292
465477
465478
465480
465485
465568
465659
465753
465846
465863
466021
466202
466384
466385
466476
466558
472033
472549
473116
473184
473354
473537
473538
473540
473544
473629
473634
473646
473907
473972
473986
474051
474063
474118
474139
474189
474208
474220
474408
474419
474461
474488
474559
474564
474602
474620
474659
474672
474701
474714
474756
474773
474774
474784
474797
474824
474830
474843
474855
474876
474886
474888
474894
474901
474931
474959
474978
474987
475036
475039
475075
475079
475124
475125
475128
475151
475153
475156
475175
475262
475398
475443
475485
475487
475493
475526
475531
475579
475608
475613
475644
475654
475657
475691
475701
475705
475710
475738
475744
475796
475809
475860
475861
475863
475868
475914
475919
475920
475921
475926
475979
475982
475983
475990
475992
476049
476051
476053
476057
476058
476060
476063
476114
476118
476120
476121
476125
476182
476183
476186
476191
476239
476245
476249
476260
476302
476306
476373
476432
476444
476491
476495
476498
476553
476562
476563
476572
476621
476623
476636
476697
476759
476761
476766
476770
476830
476838
476841
476846
476903
476910
476915
476921
476980
476981
476989
477001
477050
477052
477058
477062
477209
477255
477263
477323
477339
477340
477341
477348
477400
477410
477421
477437
477482
477485
477507
477572
477576
477584
477667
477674
477756
477758
477759
477850
477851
477855
477940
477942
477943
477944
477947
478031
478035
478036
478037
478046
478122
478124
478147
478208
478219
478303
478309
478389
478461
478466
478468
478551
478685
478723
478728
478729
478737
478822
478845
479090
479092
479111
479184
479264
479358
479538
479997
485367
485583
486312
486388
486558
486643
486644
486649
486737
486738
486826
486831
486834
486842
487087
487099
487173
487183
487185
487188
487267
487268
487272
487327
487329
487336
487344
487406
487408
487470
487484
487543
487579
487599
487609
487612
487665
487674
487678
487742
487743
487745
487791
487814
487818
487838
487839
487869
487872
487907
487908
487920
487956
487959
487969
488030
488084
488087
488123
488125
488129
488135
488175
488187
488237
488250
488284
488324
488327
488336
488337
488415
488452
488467
488472
488475
488533
488640
488680
488685
488721
488722
488730
488731
488768
488769
488770
488776
488778
488811
488813
488816
488819
488856
488860
488862
488902
488903
488905
488908
488913
488922
488949
488950
488955
488967
488972
489001
489003
489004
489005
489012
489015
489018
489021
489054
489055
489057
489058
489061
489064
489069
489108
489111
489114
489116
489118
489123
489130
489171
489173
489174
489178
489181
489183
489192
489236
489241
489246
489302
489306
489309
489376
489377
489440
489443
489498
489512
489514
489517
489519
489571
489576
489577
489586
489588
489634
489635
489641
489644
489654
489705
489706
489709
489715
489769
489772
489782
489833
489843
489845
489899
489906
489921
489969
489974
489980
489986
489995
490045
490046
490071
490128
490133
490192
490195
490269
490353
490430
490483
490488
490499
490505
490581
490594
490661
490667
490678
490734
490746
490748
490757
490824
490833
490834
490837
490840
490841
490906
490908
490911
490916
490917
490925
490926
490927
490928
490998
490999
491000
491003
491005
491017
491088
491091
491094
491095
491109
491179
491182
491183
491184
491185
491267
491271
491273
491277
491278
491297
491357
491362
491363
491364
491369
491381
491442
491449
491450
491455
491466
491467
491533
491545
491561
491620
491621
491697
491698
491702
491703
491780
491865
492010
492025
492097
492113
492199
492280
492290
492292
492379
492718
498145
498442
498545
498952
499035
499483
499668
499747
499834
500099
500100
500124
500210
500272
500274
500348
500355
500366
500379
500430
500434
500445
500447
500452
500519
500529
500531
500546
500588
500595
500598
500601
500662
500673
500724
500795
500807
500817
500824
500937
501000
501068
501073
501119
501121
501123
501126
501182
501191
501213
501239
501241
501243
501255
501260
501302
501357
501358
501407
501418
501466
501468
501530
501532
501561
501566
501573
501576
501621
501650
501677
501680
501769
501788
501799
501806
501822
501827
501828
501851
501888
502019
502067
502068
502107
502113
502153
502155
502156
502158
502194
502202
502203
502206
502209
502218
502251
502252
502253
502257
502258
502260
502263
502304
502307
502310
502317
502329
502354
502364
502367
502369
502406
502408
502412
502419
502420
502467
502469
502470
502471
502473
502477
502479
502530
502532
502543
502595
502597
502598
502600
502617
502667
502674
502724
502733
502742
502798
502802
502803
502877
502878
502996
503008
503009
503011
503015
503064
503135
503136
503168
503213
503214
503281
503285
503298
503365
503370
503371
503380
503442
503448
503449
503453
503518
503520
503524
503681
503706
503753
503824
503909
503910
503911
503913
503982
503999
504000
504003
504069
504071
504076
504090
504159
504166
504182
504251
504259
504267
504269
504270
504272
504340
504346
504355
504359
504360
504365
504430
504444
504446
504452
504456
504460
504526
504527
504529
504531
504535
504536
504540
504549
504613
504616
504617
504618
504619
504624
504625
504633
504697
504700
504702
504707
504709
504713
504715
504778
504779
504781
504787
504788
504789
504794
504796
504805
504867
504868
504870
504886
504887
504891
504894
504956
504957
504958
504962
504974
504978
505041
505046
505141
505203
505385
505562
505569
505655
505734
505740
505741
505743
506258
510784
511533
511629
511929
512049
512316
512408
512501
512751
512857
512953
513033
513114
513118
513120
513223
513308
513318
513399
513400
513479
513501
513558
513723
513825
513880
513888
513965
514100
514160
514230
514293
514346
514413
514417
514438
514480
514495
514537
514539
514540
514611
514643
514644
514645
514647
514649
514650
514659
514660
514706
514710
514747
514822
514851
514860
514930
514938
514959
514979
515077
515099
515122
515126
515155
515165
515187
515199
515235
515237
515270
515274
515275
515314
515315
515352
515358
515360
515405
515410
515436
515447
515449
515450
515452
515456
515457
515495
515497
515498
515499
515501
515544
515547
515549
515550
515551
515559
515600
515603
515604
515614
515622
515651
515656
515657
515660
515661
515662
515665
515668
515672
515683
515719
515722
515724
515727
515774
515775
515776
515784
515791
515833
515838
515839
515840
515843
515847
515853
515855
515900
515906
515908
515909
515917
515973
515974
515975
515979
515986
516040
516048
516055
516112
516115
516127
516175
516181
516184
516245
516250
516310
516311
516312
516328
516378
516379
516380
516393
516451
516452
516522
516527
516539
516596
516598
516618
516624
516677
516678
516679
516763
516765
516769
516770
516781
516833
516848
516913
516914
516919
516933
516935
516995
517009
517076
517080
517088
517146
517151
517222
517229
517237
517238
517304
517305
517306
517390
517394
517398
517414
517417
517484
517488
517504
517509
517580
517581
517585
517592
517593
517594
517599
517668
517671
517683
517686
517696
517757
517769
517774
517777
517781
517782
517845
517846
517847
517861
517864
517865
517866
517873
517928
517930
517933
517936
517938
517941
517942
517943
517944
517945
517946
517947
517948
517953
517957
518019
518022
518024
518026
518027
518028
518030
518032
518096
518106
518107
518109
518111
518114
518121
518128
518181
518187
518189
518195
518199
518206
518209
518270
518282
518284
518380
518383
518611
518874
518967
519147
523856
525071
525483
525571
525926
526025
526120
526204
526293
526472
526570
526660
526744
526834
526919
526922
526924
527011
527097
527322
527329
527349
527455
527459
527555
527601
527602
527667
527672
527688
527722
527724
527727
527730
527733
527744
527765
527786
527789
527790
527797
527815
527851
527857
527912
527921
527936
527969
527972
527973
527979
527983
528040
528090
528093
528279
528352
528413
528417
528477
528532
528538
528569
528571
528603
528607
528651
528656
528658
528659
528695
528696
528697
528699
528737
528738
528745
528776
528778
528779
528781
528783
528785
528790
528826
528832
528838
528884
528890
528928
528929
528979
528980
528990
528994
529030
529033
529037
529039
529089
529090
529092
529093
529143
529145
529146
529151
529160
529202
529203
529204
529207
529208
529210
529211
529213
529217
529269
529271
529272
529273
529277
529279
529285
529341
529342
529344
529345
529348
529350
529352
529410
529411
529414
529418
529419
529481
529483
529484
529485
529492
529494
529497
529551
529552
529554
529568
529569
529622
529626
529640
529642
529698
529701
529770
529833
529834
529838
529851
529904
529977
529992
530049
530130
530131
530136
530207
530211
530226
530231
530281
530286
530300
530321
530371
530372
530375
530378
530390
530395
530450
530451
530464
530484
530534
530536
530555
530611
530616
530695
530700
530720
530771
530775
530777
530851
530858
530859
530863
530876
530880
530946
530952
530954
530963
530968
531033
531042
531054
531057
531062
531127
531146
531149
531151
531210
531217
531225
531226
531227
531231
531233
531236
531298
531309
531310
531321
531382
531397
531400
531407
531408
531469
531470
531471
531474
531475
531477
531478
531488
531555
531556
531561
531562
531563
531564
531565
531570
531644
531648
531651
531652
531653
531654
531730
531734
531738
531739
531741
531832
531883
531893
531966
532001
532055
532073
532147
532219
532233
532404
532405
532415
532576
532577
532650
537976
538691
538785
538901
539090
539187
539282
539388
539555
539658
539736
539828
539912
540002
540090
540180
540181
540283
540288
540363
540526
540530
540608
540610
540686
540761
540762
540849
540850
540913
540917
540940
540987
540995
540996
541061
541062
541066
541072
541135
541145
541147
541196
541200
541203
541207
541260
541270
541273
541275
541297
541304
541332
541334
541337
541338
541339
541340
541341
541398
541404
541426
541455
541456
541460
541465
541478
541515
541589
541636
541681
541741
541949
541986
542054
542066
542094
542098
542132
542133
542177
542180
542181
542184
542217
542221
542222
542224
542264
542267
542268
542269
542273
542276
542310
542318
542324
542355
542362
542366
542367
542404
542407
542413
542460
542464
542559
542562
542564
542566
542572
542606
542616
542618
542621
542622
542627
542677
542678
542679
542680
542682
542687
542689
542698
542731
542735
542736
542738
542795
542798
542801
542808
542814
542861
542865
542870
542875
542929
542933
542937
542997
543000
543004
543085
543142
543143
543144
543153
543160
543216
543217
543218
543291
543304
543312
543359
543361
543373
543527
543574
543577
543649
543651
543721
543722
543728
543798
543800
543815
543820
543872
543880
543957
543961
544035
544039
544048
544062
544113
544116
544117
544130
544131
544132
544137
544138
544140
544195
544197
544199
544200
544212
544237
544278
544280
544281
544283
544286
544301
544364
544365
544366
544367
544378
544442
544455
544458
544462
544463
544468
544534
544535
544537
544550
544552
544553
544556
544562
544621
544624
544627
544635
544639
544710
544720
544721
544725
544730
544731
544736
544801
544812
544879
544893
544895
544957
544973
545038
545040
545044
545045
545046
545050
545052
545053
545067
545116
545127
545130
545131
545137
545142
545144
545212
545213
545214
545217
545218
545219
545230
545297
545299
545300
545301
545302
545303
545304
545307
545379
545381
545385
545405
545455
545456
545469
545564
545648
545712
545721
545787
545790
545801
545806
545874
545875
545877
545895
545966
545981
546052
546060
546561
550410
550609
551476
551570
551667
551763
551863
552067
552068
552162
552262
552357
552561
552759
552847
552938
553028
553216
553314
553403
553657
553747
553843
553926
554006
554007
554087
554163
554320
554382
554408
554484
554559
554611
554614
554624
554695
554720
554764
554769
554775
554838
554846
554908
554964
555018
555034
555494
555508
555601
555691
555701
555727
555732
555733
555734
555735
555736
555740
555745
555775
555776
555778
555781
555783
555784
555785
555786
555787
555788
555825
555827
555828
555829
555830
555837
555869
555880
555881
555884
555889
555890
555917
555925
555928
555930
555931
555933
555934
555937
555945
555978
555981
555985
555986
555989
555990
555996
556038
556040
556048
556051
556088
556092
556093
556094
556095
556096
556142
556148
556150
556151
556152
556154
556156
556160
556207
556219
556276
556278
556280
556281
556282
556334
556335
556337
556340
556347
556348
556386
556389
556391
556396
556444
556447
556450
556455
556510
556580
556583
556584
556645
556712
556718
556733
556791
556863
556864
556865
556884
556945
556963
557037
557081
557102
557157
557158
557163
557180
557236
557240
557307
557318
557371
557376
557379
557391
557446
557449
557458
557459
557545
557558
557602
557606
557612
557626
557683
557684
557689
557695
557699
557703
557708
557766
557767
557773
557778
557783
557788
557847
557850
557851
557859
557871
557931
557934
557937
557945
558016
558017
558031
558104
558116
558131
558189
558190
558201
558202
558208
558215
558281
558288
558293
558296
558297
558298
558359
558370
558381
558441
558450
558451
558456
558459
558463
558516
558517
558544
558596
558601
558606
558607
558609
558611
558676
558686
558687
558688
558689
558691
558696
558701
558753
558762
558765
558766
558768
558769
558771
558773
558783
558835
558850
558851
558852
558853
558854
558856
558857
558859
558923
558931
558935
558942
558943
558948
559012
559018
559025
559031
559039
559094
559105
559113
559116
559119
559120
559127
559186
559199
559263
559264
559345
559361
559437
559445
559446
559448
559606
559693
559710
559873
563260
563461
564227
564842
564912
565563
565665
565763
565864
565957
566053
566151
566249
566342
566368
566437
566535
566626
566775
566875
567176
567269
567448
567537
567699
567865
567873
567921
567940
567947
568003
568007
568015
568070
568080
568157
568158
568175
568230
568234
568252
568260
568299
568307
568376
568377
568447
568497
568551
568676
568777
568925
568999
569118
569136
569219
569232
569255
569262
569264
569265
569270
569296
569298
569304
569337
569341
569342
569343
569344
569347
569359
569379
569385
569387
569388
569390
569391
569395
569398
569400
569401
569436
569439
569449
569487
569490
569492
569493
569494
569505
569539
569540
569546
569548
569549
569550
569551
569559
569601
569602
569607
569608
569612
569613
569662
569663
569673
569715
569718
569719
569721
569727
569732
569784
569785
569786
569794
569845
569851
569855
569856
569859
569866
569901
569902
569903
569904
569909
569964
569965
569975
569979
569983
570045
570099
570104
570107
570117
570118
570120
570174
570334
570390
570394
570463
570481
570530
570532
570552
570595
570663
570666
570668
570674
570732
570734
570736
570738
570747
570796
570797
570798
570804
570812
570861
570863
570864
570865
570888
570929
570933
570952
571004
571006
571027
571083
571085
571087
571112
571157
571160
571161
571163
571167
571175
571179
571232
571237
571238
571239
571242
571245
571246
571248
571251
571260
571317
571320
571321
571328
571338
571402
571403
571405
571406
571484
571486
571493
571498
571500
571506
571562
571569
571570
571576
571578
571579
571588
571648
571649
571652
571659
571663
571664
571665
571672
571674
571675
571735
571736
571739
571743
571744
571745
571748
571766
571821
571828
571831
571834
571838
571841
571843
571907
571910
571911
571916
571919
571922
571984
571998
572001
572006
572008
572058
572071
572139
572147
572148
572155
572156
572224
572228
572229
572231
572234
572236
572241
572243
572245
572306
572307
572315
572316
572319
572320
572321
572322
572324
572325
572392
572398
572400
572402
572404
572405
572406
572407
572409
572421
572473
572481
572488
572492
572494
572576
572577
572642
572657
572666
572668
572732
572733
572748
572811
572992
572995
573157
578168
578594
578673
578681
578775
578867
578967
579058
579159
579247
579248
579336
579438
579533
579626
579725
579811
579901
580027
580076
580174
580245
580335
580435
580512
580680
580755
580935
581194
581493
581550
581551
581554
581557
581563
581624
581626
581627
581630
581632
581634
581655
581664
581745
581769
581772
581794
581848
581911
582034
582313
582397
582475
582476
582517
582543
582544
582546
582591
582593
582596
582701
582729
582732
582736
582750
582755
582759
582761
582764
582768
582772
582789
582797
582808
582834
582835
582838
582847
582874
582880
582882
582915
582918
582919
582924
582962
582968
582969
582970
582971
582972
582978
582980
582982
582986
583029
583031
583037
583089
583091
583097
583099
583100
583105
583147
583149
583152
583154
583155
583165
583169
583206
583213
583215
583222
583227
583270
583273
583276
583277
583278
583281
583282
583284
583288
583292
583336
583337
583342
583345
583354
583360
583399
583401
583405
583409
583410
583411
583463
583464
583465
583468
583479
583533
583604
583628
583672
583746
583747
583749
583751
583754
583817
583820
583827
583891
583960
583962
583967
583970
583978
584039
584042
584043
584058
584113
584115
584121
584123
584128
584130
584135
584198
584204
584221
584277
584279
584351
584373
584427
584429
584453
584505
584508
584509
584512
584514
584517
584527
584585
584587
584588
584589
584591
584592
584593
584596
584602
584603
584605
584665
584667
584669
584671
584672
584673
584674
584676
584679
584683
584684
584685
584686
584687
584692
584693
584746
584751
584752
584753
584754
584756
584758
584761
584766
584769
584770
584825
584826
584829
584830
584833
584834
584835
584836
584909
584911
584912
584913
584916
584917
584918
584921
584930
584987
584990
584994
584997
585000
585001
585003
585012
585013
585071
585073
585075
585076
585077
585080
585086
585091
585095
585160
585161
585166
585167
585170
585172
585180
585249
585255
585259
585327
585328
585331
585336
585337
585344
585351
585355
585421
585422
585423
585425
585428
585429
585434
585436
585503
585505
585506
585507
585517
585518
585519
585525
585527
585577
585586
585589
585592
585655
585663
585670
585672
585674
585675
585737
585745
585752
585759
585825
585828
585832
585835
585836
585844
585907
585913
585915
585917
585919
585921
585924
585926
585929
585931
585993
586003
586005
586010
586014
586015
586024
586084
586096
586098
586099
586101
586102
586103
586104
586106
586168
586175
586178
586182
586183
586185
586188
586189
586190
586196
586257
586267
586268
586343
586358
586361
586513
586529
586691
586867
586876
590713
591404
591489
591575
591831
591921
592011
592095
592191
592383
592384
592587
592686
592773
592861
592955
593047
593139
593319
593401
593582
593675
593773
594049
594133
594211
594212
594214
594293
594448
594456
594529
594611
594625
594690
594770
594843
594905
594911
594936
594983
595010
595053
595057
595059
595090
595126
595129
595131
595132
595136
595525
595846
595889
595904
596181
596184
596185
596219
596259
596261
596268
596280
596294
596301
596303
596304
596305
596306
596311
596313
596342
596351
596352
596355
596359
596397
596398
596400
596401
596404
596405
596406
596437
596441
596442
596444
596445
596469
596471
596473
596475
596476
596477
596479
596485
596515
596518
596523
596524
596532
596567
596570
596572
596575
596579
596580
596628
596631
596634
596635
596636
596638
596640
596641
596642
596643
596644
596646
596651
596696
596698
596699
596701
596704
596709
596710
596754
596756
596757
596759
596760
596815
596816
596823
596826
596830
596833
596882
596884
596885
596888
596890
596895
596898
596900
596901
596950
596951
596954
596955
596958
596963
596975
597018
597021
597024
597080
597082
597083
597086
597087
597146
597154
597216
597217
597219
597280
597282
597284
597285
597288
597356
597358
597362
597379
597435
597437
597447
597513
597516
597521
597522
597587
597590
597592
597598
597665
597668
597681
597682
597700
597745
597747
597749
597750
597751
597755
597828
597829
597830
597831
597833
597835
597910
597911
597912
597913
597917
597923
597929
597932
597992
597993
597996
597997
598015
598029
598074
598076
598077
598078
598079
598095
598096
598153
598157
598158
598160
598165
598170
598172
598173
598235
598240
598242
598243
598244
598245
598246
598247
598249
598251
598252
598255
598258
598263
598268
598318
598320
598321
598323
598324
598325
598327
598328
598329
598330
598331
598332
598334
598335
598398
598400
598402
598403
598404
598405
598406
598407
598410
598415
598484
598485
598486
598487
598489
598490
598491
598500
598565
598571
598572
598578
598580
598581
598584
598641
598648
598649
598652
598656
598660
598663
598666
598667
598728
598730
598736
598737
598744
598747
598748
598749
598751
598758
598816
598819
598822
598839
598902
598904
598910
598914
598921
598924
598987
598988
598989
598991
598994
598998
599002
599006
599075
599082
599084
599091
599092
599094
599101
599161
599162
599167
599168
599171
599172
599175
599176
599237
599247
599249
599314
599325
599329
599341
599399
599411
599413
599415
599419
599422
599483
599499
599501
599502
599503
599504
599512
599515
599572
599582
599586
599587
599588
599589
599591
599603
599662
599670
599671
599675
599678
599679
599680
599750
599752
599763
599764
599766
599769
599770
599771
599775
599841
599850
599851
599852
599853
599854
599857
599859
599860
599861
599864
599931
599941
599942
599943
599945
600016
600031
600104
600106
600111
600114
600212
600283
600368
600623
600702
604784
604876
604979
605278
605370
605464
605465
605558
605840
605938
606035
606133
606229
606325
606499
606582
606849
606939
607019
607027
607107
607204
607291
607295
607388
607667
607675
607757
607843
607845
607926
608075
608142
608150
608227
608228
608305
608364
608437
608551
608575
608626
608627
608630
608693
608701
608776
608841
608864
608910
609150
609827
609829
609831
609832
609862
609874
609875
609876
609915
609920
609922
609966
609968
609969
609971
609972
610014
610016
610018
610021
610022
610064
610067
610073
610074
610109
610111
610112
610113
610115
610121
610154
610157
610158
610160
610161
610163
610165
610203
610204
610205
610211
610212
610219
610262
610263
610264
610265
610267
610268
610269
610272
610316
610317
610319
610320
610321
610323
610376
610377
610380
610384
610387
610435
610436
610437
610439
610440
610444
610452
610455
610497
610500
610501
610502
610504
610505
610516
610517
610569
610571
610572
610573
610576
610577
610578
610580
610582
610585
610590
610638
610639
610640
610641
610642
610646
610647
610653
610654
610704
610706
610707
610710
610711
610712
610714
610718
610772
610778
610782
610783
610785
610790
610838
610841
610842
610843
610847
610849
610851
610855
610902
610903
610905
610906
610908
610910
610913
610966
610967
610969
610974
611037
611042
611045
611049
611056
611059
611113
611114
611116
611119
611120
611130
611191
611192
611193
611196
611197
611201
611210
611268
611273
611274
611275
611276
611286
611287
611290
611351
611352
611353
611354
611355
611356
611357
611430
611431
611433
611434
611436
611439
611441
611451
611463
611514
611515
611517
611519
611520
611524
611534
611535
611596
611598
611602
611603
611604
611605
611606
611608
611614
611615
611618
611621
611622
611680
611683
611684
611685
611686
611687
611689
611690
611691
611693
611694
611696
611699
611760
611764
611767
611768
611769
611770
611771
611772
611773
611774
611775
611776
611777
611778
611781
611784
611841
611845
611846
611847
611849
611850
611856
611914
611915
611919
611920
611922
611923
611924
611925
611926
611927
611928
611931
611932
611933
611934
611987
611989
611996
611997
611998
611999
612000
612002
612003
612008
612012
612071
612081
612082
612083
612084
612085
612086
612094
612149
612154
612156
612160
612164
612166
612167
612173
612182
612235
612236
612239
612240
612243
612244
612247
612250
612314
612319
612320
612332
612341
612401
612402
612416
612420
612485
612490
612502
612511
612512
612573
612574
612576
612579
612582
612593
612662
612665
612668
612670
612671
612672
612687
612754
612760
612761
612762
612766
612771
612833
612841
612848
612850
612917
612919
612934
612987
612998
613004
613018
613073
613087
613089
613090
613095
613096
613169
613171
613174
613175
613176
613177
613178
613179
613191
613249
613255
613257
613258
613259
613260
613261
613262
613264
613268
613338
613344
613348
613350
613351
613352
613353
613354
613355
613356
613365
613425
613426
613427
613435
613436
613437
613438
613439
613440
613442
613443
613447
613525
613535
613537
613605
613611
613773
613785
613872
614014
614125
614353
614444
614833
614834
615135
616808
617133
617885
618014
618217
618432
618542
618671
618772
618858
619053
619140
619239
619334
619430
619526
619728
619823
619917
620010
620178
620272
620370
620559
620741
621012
621112
621201
621294
621375
621376
621462
621476
621531
621543
621628
621717
621786
621878
621883
621888
621896
621949
622058
622130
622148
622218
622581
622586
622642
622895
623179
623313
623323
623353
623403
623427
623428
623430
623439
623475
623481
623490
623518
623519
623531
623533
623534
623536
623537
623582
623584
623588
623629
623632
623634
623636
623640
623680
623682
623687
623691
623694
623697
623731
623738
623740
623743
623749
623750
623797
623799
623803
623805
623856
623857
623861
623907
623910
623920
623923
623968
623969
623973
623974
623978
624031
624034
624037
624038
624039
624047
624093
624096
624098
624099
624101
624105
624151
624155
624156
624158
624161
624162
624163
624165
624167
624170
624214
624220
624222
624224
624225
624232
624235
624279
624280
624281
624283
624289
624293
624294
624298
624346
624350
624354
624355
624356
624360
624417
624418
624419
624421
624422
624425
624428
624481
624482
624487
624489
624490
624547
624548
624551
624553
624556
624557
624560
624561
624564
624620
624626
624628
624632
624645
624694
624695
624696
624697
624698
624699
624705
624708
624716
624718
624768
624769
624771
624772
624773
624774
624775
624777
624778
624784
624787
624849
624852
624854
624855
624856
624857
624860
624862
624868
624870
624927
624929
624930
624931
624933
624934
624935
624936
624946
625006
625007
625009
625012
625013
625014
625015
625017
625020
625023
625032
625097
625098
625099
625100
625113
625116
625173
625175
625176
625177
625178
625179
625180
625183
625186
625190
625192
625194
625195
625255
625256
625257
625258
625259
625261
625263
625265
625266
625269
625270
625275
625340
625342
625343
625344
625345
625347
625349
625351
625352
625354
625358
625361
625362
625373
625420
625423
625424
625429
625431
625432
625434
625435
625437
625442
625443
625444
625445
625497
625499
625503
625504
625508
625510
625514
625515
625518
625520
625522
625523
625524
625526
625529
625583
625584
625586
625587
625594
625597
625601
625602
625604
625605
625608
625609
625610
625663
625666
625668
625669
625684
625690
625693
625745
625748
625749
625750
625752
625763
625769
625770
625829
625830
625831
625837
625843
625852
625855
625914
625915
625917
625921
625922
625935
625992
625995
625999
626002
626012
626073
626078
626079
626083
626084
626086
626087
626089
626092
626098
626162
626170
626173
626178
626179
626181
626182
626184
626191
626246
626259
626272
626342
626344
626346
626347
626358
626424
626430
626439
626443
626505
626520
626575
626587
626593
626655
626663
626669
626735
626752
626820
626835
626836
626838
626841
626846
626848
626909
626911
626922
626923
626924
626927
626932
626936
626997
627004
627010
627011
627012
627014
627016
627017
627021
627086
627088
627094
627095
627096
627099
627100
627102
627104
627111
627112
627172
627178
627181
627183
627186
627187
627188
627195
627268
627352
627353
627432
627604
627686
627687
627768
627852
627920
627931
628095
628097
628098
628674
630779
631315
631421
631620
631719
631821
631935
632051
632488
632577
632669
633619
633720
633894
634180
634279
634355
634428
634516
634607
634686
634947
634950
634954
635046
635119
635197
635365
635366
635372
635516
635526
635528
635539
635544
635610
635620
635632
635701
635707
635751
635757
635777
635791
635893
635917
635919
635921
635938
635988
636005
636006
636054
636068
636150
636855
636914
636954
637022
637023
637041
637042
637104
637106
637109
637154
637156
637157
637158
637198
637199
637200
637201
637204
637236
637240
637251
637252
637257
637261
637299
637302
637305
637307
637357
637360
637363
637365
637410
637412
637421
637427
637472
637473
637484
637488
637491
637494
637535
637588
637594
637595
637597
637598
637601
637607
637611
637646
637651
637653
637654
637660
637662
637667
637668
637714
637720
637721
637722
637723
637724
637725
637728
637772
637773
637775
637777
637780
637784
637787
637788
637791
637831
637832
637835
637836
637837
637838
637841
637847
637889
637890
637892
637893
637899
637902
637904
637905
637909
637953
637957
637963
637964
637966
638021
638027
638028
638029
638030
638032
638034
638041
638087
638091
638092
638093
638094
638096
638097
638098
638099
638101
638104
638150
638152
638154
638156
638159
638162
638164
638169
638222
638225
638227
638228
638229
638231
638234
638235
638240
638245
638292
638297
638298
638300
638302
638303
638304
638305
638306
638308
638316
638373
638374
638375
638376
638378
638383
638386
638450
638451
638453
638455
638461
638524
638527
638528
638530
638531
638540
638542
638546
638605
638606
638607
638610
638611
638613
638617
638621
638629
638684
638685
638686
638687
638690
638694
638698
638763
638764
638766
638767
638769
638776
638777
638778
638779
638790
638847
638849
638851
638852
638855
638857
638860
638862
638866
638868
638871
638927
638931
638934
638936
638938
638940
638941
638944
638948
638950
638952
638956
639010
639011
639018
639022
639024
639026
639032
639033
639035
639038
639044
639096
639108
639110
639111
639116
639117
639119
639120
639122
639125
639187
639188
639192
639193
639198
639199
639200
639201
639202
639210
639259
639268
639270
639271
639272
639278
639286
639337
639341
639342
639348
639350
639356
639419
639425
639427
639428
639435
639436
639497
639500
639503
639505
639506
639512
639514
639522
639578
639582
639583
639584
639587
639588
639592
639596
639604
639655
639659
639660
639665
639666
639668
639669
639672
639678
639739
639741
639748
639750
639751
639762
639822
639824
639826
639831
639832
639838
639851
639903
639906
639912
639916
639921
639929
639930
639986
639988
640001
640002
640003
640012
640070
640072
640084
640085
640086
640089
640093
640094
640103
640156
640164
640167
640169
640172
640173
640227
640230
640236
640241
640242
640243
640245
640246
640249
640310
640317
640321
640322
640382
640398
640399
640400
640401
640403
640466
640472
640481
640484
640547
640548
640554
640564
640569
640633
640640
640643
640647
640649
640654
640663
640720
640722
640734
640736
640804
640805
640817
640818
640828
640893
640894
640898
640978
640979
641064
641065
641156
641246
641711
641800
641995
642095
642703
643125
644273
644276
644613
644817
645116
645217
645309
645400
646512
646612
646708
646809
646906
647001
647449
647981
648146
648154
648307
648566
648631
648712
648791
648812
648870
648872
648874
648875
648937
648949
649021
649024
649032
649106
649108
649109
649110
649111
649122
649174
649185
649190
649196
649210
649256
649257
649258
649263
649267
649270
649327
649332
649348
649391
649405
649410
649414
649422
649468
649475
649533
649555
649693
649776
649830
649900
650005
650052
650362
650394
650437
650460
650608
650615
650628
650631
650642
650666
650674
650691
650693
650695
650696
650698
650701
650702
650720
650721
650723
650724
650726
650728
650729
650732
650734
650759
650762
650763
650774
650777
650803
650804
650807
650809
650811
650813
650821
650823
650824
650829
650857
650858
650862
650866
650867
650869
650872
650877
650878
650917
650930
650936
650940
650970
650972
650978
650981
650986
650991
651046
651047
651097
651106
651111
651116
651150
651170
651180
651213
651215
651217
651219
651228
651270
651274
651275
651276
651277
651283
651331
651334
651336
651340
651342
651351
651395
651400
651405
651408
651465
651466
651468
651470
651471
651518
651522
651524
651528
651530
651533
651534
651589
651594
651595
651597
651599
651606
651612
651650
651653
651655
651656
651657
651658
651659
651660
651662
651663
651664
651671
651707
651708
651713
651714
651715
651716
651717
651718
651719
651721
651726
651770
651775
651776
651777
651779
651780
651781
651782
651784
651785
651786
651791
651832
651833
651838
651839
651841
651842
651843
651844
651845
651847
651848
651850
651854
651855
651857
651907
651910
651911
651913
651915
651917
651918
651923
651928
651931
651973
651974
651983
651984
651985
651988
651989
651991
651997
652049
652058
652060
652064
652065
652066
652069
652125
652126
652131
652132
652136
652139
652142
652143
652149
652200
652204
652205
652210
652213
652214
652215
652219
652220
652222
652226
652275
652283
652284
652285
652286
652288
652289
652291
652293
652295
652298
652299
652307
652361
652367
652371
652372
652373
652374
652376
652379
652382
652383
652442
652449
652450
652451
652453
652456
652460
652461
652467
652520
652523
652533
652535
652536
652542
652547
652602
652605
652613
652616
652617
652619
652623
652624
652625
652626
652681
652682
652693
652697
652707
652712
652764
652765
652776
652783
652784
652792
652840
652841
652852
652855
652856
652858
652862
652865
652868
652871
652921
652932
652933
652939
652947
652950
652999
653000
653003
653013
653014
653015
653016
653024
653030
653080
653081
653097
653107
653159
653164
653170
653171
653173
653236
653240
653241
653244
653246
653247
653256
653316
653317
653321
653323
653324
653325
653326
653327
653331
653404
653405
653406
653408
653413
653414
653415
653419
653425
653481
653482
653484
653485
653493
653494
653495
653498
653504
653564
653572
653574
653577
653580
653642
653643
653646
653654
653655
653656
653657
653658
653659
653669
653724
653725
653732
653736
653738
653742
653743
653744
653754
653813
653816
653822
653825
653827
653879
653886
653891
653895
653899
653958
653972
653974
653975
653976
653980
654043
654045
654051
654052
654057
654059
654117
654135
654137
654215
654218
654222
654280
654287
654295
654298
654300
654301
654362
654374
654375
654445
654528
654531
654541
654615
654620
654704
654705
654799
654807
654893
654894
654982
655079
655080
655083
655179
655467
655468
655476
655977
657517
657518
657626
657953
658058
658162
658347
658440
658528
658625
659134
659244
659654
659750
659751
659842
660518
660597
660850
661031
661200
661377
661636
661721
661887
661973
662053
662057
662142
662381
662387
662401
662457
662461
662516
662523
662607
662668
662697
662742
662759
662772
662816
662834
662850
662851
662882
662900
662905
662911
662923
662929
662948
662966
662967
662971
662974
662979
663019
663038
663055
663102
663103
663105
663185
663216
663252
663451
663502
663503
663643
663680
663747
663795
663811
663814
663853
664007
664108
664117
664118
664119
664121
664131
664140
664172
664179
664182
664198
664201
664202
664208
664209
664226
664229
664232
664236
664238
664266
664267
664269
664270
664272
664275
664282
664304
664310
664314
664315
664316
664317
664318
664321
664323
664324
664350
664355
664357
664358
664360
664361
664363
664366
664367
664372
664400
664401
664406
664412
664413
664415
664419
664421
664427
664428
664464
664467
664472
664474
664477
664479
664489
664546
664548
664554
664592
664594
664599
664603
664606
664607
664608
664610
664613
664614
664654
664662
664666
664671
664722
664724
664728
664731
664736
664785
664786
664787
664790
664791
664793
664799
664802
664808
664852
664853
664855
664914
664915
664918
664920
664921
664924
664928
664983
664984
664986
664988
664993
665002
665043
665044
665045
665049
665051
665055
665056
665057
665059
665060
665062
665111
665116
665117
665119
665121
665122
665125
665130
665176
665178
665182
665188
665189
665236
665243
665246
665249
665250
665252
665255
665259
665297
665298
665305
665306
665307
665308
665310
665311
665312
665367
665370
665372
665376
665378
665379
665424
665426
665433
665435
665441
665445
665448
665497
665502
665503
665504
665505
665508
665511
665516
665562
665564
665567
665571
665577
665580
665584
665588
665644
665651
665652
665653
665655
665656
665667
665724
665725
665736
665737
665740
665745
665749
665804
665805
665811
665815
665817
665818
665819
665820
665821
665822
665826
665888
665889
665893
665895
665900
665902
665903
665904
665905
665913
665960
665961
665968
665970
665972
665977
665979
666037
666042
666050
666057
666066
666112
666116
666124
666128
666129
666134
666196
666198
666202
666203
666265
666266
666272
666278
666281
666284
666338
666339
666341
666352
666353
666354
666356
666411
666414
666426
666429
666430
666433
666437
666481
666482
666485
666494
666497
666500
666501
666502
666505
666509
666556
666558
666566
666572
666574
666582
666583
666585
666630
666633
666640
666641
666646
666654
666709
666713
666718
666721
666731
666733
666785
666786
666788
666789
666794
666795
666796
666797
666802
666805
666814
666866
666870
666871
666880
666886
666887
666888
666894
666948
666950
666951
666952
666953
666963
666966
666967
666979
667026
667037
667039
667041
667042
667045
667046
667047
667108
667109
667117
667119
667125
667126
667130
667131
667188
667193
667204
667206
667207
667208
667215
667216
667274
667282
667283
667284
667287
667288
667291
667294
667347
667360
667361
667422
667426
667434
667435
667440
667442
667498
667512
667515
667572
667667
667747
667811
667894
667901
667903
667980
667982
667987
668072
668076
668150
668160
668164
668169
668170
668252
668253
668254
668256
668344
668348
668349
668443
668938
669745
670652
670759
671307
671413
671522
671631
671739
671845
672059
672167
672261
672771
672975
673067
673447
674093
674171
674252
674335
674420
674430
674502
674505
674584
674587
674675
674683
674758
674933
674936
675118
675294
676082
676147
676149
676221
676260
676319
676428
676517
676518
676522
676586
676589
676605
676612
676659
676660
676669
676697
676717
676831
676850
677479
677592
677664
677677
677711
677720
677731
677737
677742
677762
677768
677771
677796
677797
677798
677802
677808
677834
677835
677836
677837
677838
677842
677846
677847
677877
677881
677884
677886
677888
677894
677921
677922
677923
677924
677926
677927
677941
677942
677979
677983
677984
677986
677995
678004
678035
678044
678045
678047
678050
678051
678096
678101
678108
678109
678115
678117
678158
678160
678161
678182
678221
678222
678238
678241
678246
678280
678293
678299
678300
678303
678345
678347
678356
678357
678358
678360
678362
678408
678415
678419
678421
678422
678423
678425
678427
678478
678482
678486
678487
678491
678494
678544
678545
678546
678553
678558
678559
678561
678562
678563
678565
678621
678624
678625
678626
678637
678639
678684
678686
678694
678696
678697
678698
678703
678706
678761
678766
678767
678769
678771
678772
678826
678833
678835
678836
678837
678838
678839
678842
678845
678895
678903
678904
678905
678907
678908
678909
678921
678966
678973
678976
678977
678979
678980
678981
678988
678993
679037
679038
679048
679058
679073
679113
679115
679120
679126
679131
679133
679190
679199
679200
679201
679202
679203
679205
679207
679211
679278
679282
679286
679289
679354
679356
679360
679361
679364
679366
679367
679368
679370
679421
679428
679434
679435
679438
679442
679443
679444
679445
679446
679454
679501
679502
679513
679515
679519
679521
679522
679523
679526
679531
679582
679583
679591
679592
679595
679596
679598
679599
679601
679602
679603
679606
679610
679664
679670
679676
679682
679684
679688
679691
679742
679753
679755
679756
679759
679761
679763
679817
679818
679828
679829
679830
679831
679833
679834
679835
679837
679843
679897
679905
679906
679907
679909
679912
679917
679977
679981
679985
679986
679989
679990
679992
680046
680060
680061
680063
680064
680066
680068
680069
680070
680123
680124
680138
680139
680143
680144
680146
680147
680149
680206
680210
680212
680214
680215
680218
680273
680276
680281
680284
680286
680290
680351
680353
680354
680355
680363
680364
680368
680426
680428
680431
680439
680444
680447
680454
680458
680503
680504
680510
680516
680518
680524
680525
680526
680527
680530
680579
680581
680590
680595
680596
680597
680598
680599
680601
680604
680658
680659
680660
680661
680662
680673
680675
680677
680679
680680
680681
680741
680742
680745
680751
680753
680755
680757
680758
680759
680760
680763
680815
680817
680818
680819
680823
680830
680831
680832
680834
680835
680837
680891
680894
680910
680912
680964
680965
680980
680986
681034
681047
681048
681051
681052
681106
681107
681121
681181
681184
681197
681258
681264
681332
681412
681419
681495
681502
681678
681681
681686
681760
681773
681775
681776
681866
681867
681959
681965
681982
682052
682065
682068
682169
682171
682253
682262
682263
682367
682463
682860
683144
683152
683249
683642
683842
684477
684590
684591
684694
684696
684801
684805
684912
685027
685035
685872
686746
686834
687110
687199
687391
687480
687485
687560
687565
687644
687723
687726
687734
687806
687808
687892
687981
688070
688167
688248
688346
688425
688520
688619
688701
688785
688872
688947
689504
689592
689661
689738
689747
689813
689816
689848
689856
689892
689976
689992
690102
690157
690158
690191
690492
690744
690980
691198
691224
691268
691286
691316
691317
691321
691346
691352
691353
691356
691357
691359
691390
691391
691392
691393
691394
691396
691398
691400
691401
691407
691434
691437
691438
691441
691447
691477
691478
691480
691485
691498
691531
691532
691535
691536
691539
691545
691548
691555
691583
691585
691587
691588
691589
691593
691594
691595
691599
691604
691639
691647
691650
691653
691654
691659
691698
691700
691702
691708
691716
691718
691757
691761
691764
691766
691771
691773
691813
691817
691818
691823
691829
691830
691831
691834
691843
691874
691876
691877
691879
691882
691885
691925
691928
691929
691930
691932
691935
691938
691939
691941
691988
691989
691990
691998
691999
692001
692007
692009
692055
692056
692058
692067
692072
692079
692129
692138
692139
692151
692152
692198
692207
692210
692216
692228
692280
692286
692288
692296
692351
692353
692357
692415
692416
692417
692422
692426
692427
692430
692431
692489
692491
692492
692493
692494
692496
692497
692505
692506
692556
692558
692566
692567
692572
692573
692580
692584
692637
692642
692646
692648
692649
692711
692720
692721
692725
692727
692728
692729
692731
692735
692736
692790
692797
692810
692812
692813
692816
692874
692875
692876
692879
692880
692882
692884
692887
692894
692947
692949
692951
692956
692959
692960
692963
692965
693020
693026
693027
693029
693032
693042
693045
693100
693103
693104
693105
693107
693111
693114
693115
693116
693122
693182
693183
693187
693191
693195
693196
693197
693203
693262
693263
693264
693267
693269
693270
693272
693273
693274
693275
693277
693278
693332
693334
693340
693341
693343
693344
693345
693346
693348
693351
693406
693415
693417
693418
693420
693422
693425
693427
693431
693481
693482
693487
693488
693498
693499
693500
693501
693503
693505
693507
693561
693575
693577
693578
693579
693580
693582
693583
693589
693638
693658
693659
693661
693663
693664
693665
693669
693720
693733
693739
693742
693746
693806
693809
693810
693819
693880
693881
693885
693892
693946
693954
693958
693961
693965
693969
693971
693972
694026
694029
694039
694044
694045
694047
694048
694049
694051
694052
694106
694109
694111
694121
694122
694125
694126
694127
694128
694130
694183
694184
694189
694195
694196
694201
694203
694204
694205
694206
694260
694264
694266
694270
694271
694274
694275
694278
694279
694281
694284
694286
694342
694343
694344
694353
694356
694358
694359
694361
694362
694419
694420
694435
694440
694442
694491
694494
694504
694507
694513
694514
694567
694577
694586
694587
694634
694650
694702
694705
694844
694847
694919
694921
694922
695011
695094
695095
695096
695187
695189
695281
695283
695284
695379
695381
695385
695467
695475
695476
695572
695654
695667
695669
695752
695763
695764
695846
695857
695858
695958
695964
696050
696057
696063
696149
696150
696156
696158
696159
696257
696353
696435
696454
696541
696640
697050
697144
697341
697550
697551
697553
697656
697770
697878
697989
697990
698097
698100
698320
698770
698880
699106
699221
699326
699423
699513
699605
699606
699695
699698
699798
700091
700178
700270
700449
700545
700639
700825
700918
701016
701100
701103
701190
701191
701278
701283
701367
701453
701455
701457
701542
701545
701637
701638
701732
701824
701829
701921
702008
702098
702099
702194
702279
702365
702454
702458
702538
702609
702636
702888
702976
703065
703239
703312
703379
703445
703452
703465
703521
703593
703791
704100
704362
704403
704428
704575
704580
704737
704750
704775
704783
704852
704881
704898
704902
704903
704904
704927
704930
704934
704959
704961
704962
704964
704965
704974
704998
705000
705003
705004
705035
705036
705037
705038
705041
705075
705077
705078
705079
705080
705083
705084
705087
705090
705123
705125
705128
705131
705142
705165
705172
705173
705174
705177
705192
705213
705218
705220
705221
705223
705269
705271
705272
705273
705274
705275
705324
705325
705326
705327
705328
705338
705345
705384
705386
705387
705396
705400
705436
705437
705439
705440
705442
705443
705444
705446
705451
705452
705453
705494
705495
705496
705498
705499
705503
705505
705507
705508
705547
705554
705556
705558
705566
705610
705622
705628
705629
705631
705685
705700
705706
705747
705749
705760
705764
705765
705766
705771
705774
705823
705831
705832
705836
705839
705904
705908
705909
705914
705917
705958
705960
705964
705972
705975
706032
706033
706034
706039
706042
706047
706098
706102
706110
706112
706113
706114
706165
706181
706184
706187
706242
706262
706266
706267
706327
706331
706334
706346
706402
706403
706404
706405
706406
706414
706479
706481
706485
706488
706489
706492
706546
706552
706553
706559
706561
706566
706568
706570
706623
706624
706625
706626
706629
706634
706635
706638
706639
706693
706695
706699
706710
706711
706712
706713
706719
706721
706767
706775
706776
706777
706778
706781
706784
706785
706787
706790
706838
706851
706856
706857
706858
706859
706860
706862
706863
706864
706913
706917
706932
706933
706936
706938
707004
707006
707007
707008
707013
707014
707018
707078
707080
707083
707084
707085
707087
707090
707166
707169
707240
707243
707246
707319
707320
707321
707322
707325
707328
707329
707332
707334
707389
707394
707396
707397
707398
707399
707400
707403
707404
707405
707406
707477
707479
707481
707482
707483
707484
707485
707486
707487
707557
707559
707563
707564
707565
707566
707568
707641
707642
707643
707646
707648
707649
707704
707722
707723
707724
707726
707727
707728
707732
707734
707738
707786
707787
707790
707795
707799
707800
707802
707803
707805
707806
707807
707808
707813
707863
707875
707876
707882
707883
707885
707888
707938
707939
707945
707946
707949
707950
707952
707954
707955
707960
708013
708014
708020
708021
708022
708025
708028
708030
708081
708086
708089
708095
708097
708153
708158
708159
708160
708162
708217
708271
708274
708276
708338
708340
708343
708501
708503
708592
708606
708680
708681
708683
708769
708774
708776
708779
708869
708872
709052
709053
709134
709145
709239
709337
709339
709430
709530
709531
709532
709533
709628
709629
709631
709723
709724
709732
709817
709829
709903
709913
709915
709919
709930
710011
710018
710113
710116
710117
710214
710215
710313
710412
710421
710612
710712
710717
710918
711019
711028
711654
711768
711769
711879
711880
711881
711992
711993
712105
712106
712109
712219
712334
712335
712448
712449
712450
712567
712570
712672
712679
712682
712779
712780
712871
712874
712966
713053
713054
713150
713248
713250
713344
713348
713352
713446
713447
713531
713532
713620
713704
713786
713790
713875
713971
714065
714179
714265
714367
714371
714386
714467
714468
714473
714561
714565
714566
714569
714570
714662
714665
714666
714667
714668
714677
714762
714764
714766
714768
714857
714859
714860
714869
714949
714952
714954
714958
715043
715044
715045
715053
715139
715143
715149
715226
715229
715238
715324
715326
715417
715420
715515
715518
715605
715616
715703
715805
715892
715978
716068
716160
716233
716323
716403
716407
716421
716487
716575
716580
716738
716806
716847
716881
716885
716943
716948
717001
717002
717019
717065
717127
717134
717136
717275
717277
717346
717388
717517
717577
717597
717665
717773
717839
717882
717899
717940
717958
717989
718006
718036
718141
718218
718251
718336
718362
718364
718365
718369
718388
718390
718391
718392
718393
718396
718397
718405
718424
718429
718433
718435
718457
718460
718462
718464
718467
718470
718493
718496
718497
718499
718500
718503
718505
718507
718509
718528
718529
718535
718537
718539
718540
718541
718542
718568
718572
718573
718575
718580
718602
718608
718612
718617
718619
718655
718694
718703
718704
718705
718706
718707
718757
718805
718855
718856
718905
718954
718955
718997
718998
719010
719013
719019
719057
719074
719075
719076
719078
719082
719132
719135
719143
719144
719145
719196
719203
719206
719210
719215
719258
719259
719264
719265
719270
719272
719273
719333
719337
719338
719339
719340
719341
719342
719396
719397
719404
719406
719407
719457
719468
719473
719476
719478
719481
719533
719545
719546
719547
719549
719613
719614
719616
719618
719627
719679
719688
719692
719694
719695
719702
719749
719763
719768
719770
719826
719836
719844
719845
719847
719848
719849
719922
719923
719925
719927
719983
719988
719990
719996
719998
720002
720005
720059
720060
720061
720070
720081
720134
720143
720144
720145
720148
720151
720153
720216
720219
720220
720221
720223
720229
720297
720299
720303
720305
720365
720374
720382
720430
720521
720599
720600
720601
720680
720683
720684
720687
720688
720690
720694
720695
720698
720764
720765
720767
720768
720770
720772
720777
720846
720847
720848
720858
720929
720931
720933
720935
720937
721011
721015
721018
721019
721023
721082
721092
721094
721098
721099
721100
721101
721102
721103
721169
721170
721176
721181
721182
721187
721248
721251
721252
721258
721259
721261
721262
721316
721319
721329
721332
721333
721335
721336
721338
721339
721389
721390
721393
721398
721399
721402
721451
721453
721455
721461
721463
721464
721515
721518
721519
721529
721532
721534
721537
721597
721651
721666
721787
721788
721795
721872
721878
721961
722044
722046
722130
722132
722223
722224
722316
722318
722319
722405
722408
722410
722417
722500
722502
722595
722601
722603
722691
722696
722697
722792
722793
722794
722800
722889
722890
722985
722988
723073
723074
723076
723080
723163
723164
723167
723170
723171
723264
723265
723266
723363
723364
723365
723366
723466
723467
723566
723569
723571
723669
723676
723766
723770
723771
723871
723872
723873
723882
723974
723976
723978
724080
724082
724083
724184
724186
724190
724294
724508
724616
724726
724833
724836
724838
724839
724946
724949
724950
725059
725063
725066
725171
725172
725287
725288
725397
725401
725510
725516
725620
725622
725735
725736
725740
725849
725851
725852
725953
725956
725957
725959
726061
726062
726153
726155
726253
726254
726347
726348
726445
726449
726545
726633
726635
726725
726731
726821
726825
726909
726911
726987
726992
727072
727079
727080
727151
727155
727245
727246
727248
727343
727352
727447
727449
727553
727566
727656
727658
727659
727667
727759
727762
727763
727764
727860
727863
727864
727866
727868
727872
727965
727966
727967
727970
727971
728058
728064
728065
728077
728157
728158
728160
728161
728250
728252
728254
728255
728257
728269
728344
728345
728347
728348
728363
728437
728439
728444
728477
728528
728533
728537
728541
728619
728620
728622
728623
728716
728730
728731
728732
728812
728814
728815
728817
728906
728907
728912
728997
728998
729000
729003
729089
729090
729175
729182
729188
729257
729271
729273
729354
729358
729359
729444
729445
729448
729528
729540
729605
729608
729609
729624
729692
729694
729695
729719
729778
729781
729859
729860
729863
729869
729949
729961
730024
730025
730381
730453
730462
730470
730577
730585
730587
730658
730662
730728
730914
731085
731102
731154
731184
731214
731269
731322
731331
731369
731370
731371
731373
731419
731420
731452
731467
731468
731559
731646
731717
731721
731726
731737
731740
731742
731743
731766
731767
731768
731770
731772
731773
731777
731779
731801
731805
731806
731808
731832
731867
731872
731880
731906
731911
731924
732048
732049
732050
732110
732128
732171
732187
732279
732330
732332
732336
732380
732386
732391
732393
732395
732439
732440
732451
732457
732458
732515
732520
732521
732583
732585
732636
732637
732644
732645
732648
732699
732708
732709
732710
732717
732772
732774
732775
732834
732839
732851
732910
732915
732972
732980
732983
732984
733039
733050
733056
733058
733059
733060
733062
733119
733128
733132
733135
733137
733140
733195
733196
733205
733207
733210
733215
733271
733274
733276
733277
733284
733348
733353
733361
733417
733422
733433
733435
733436
733487
733500
733506
733572
733581
733582
733586
733653
733657
733661
733728
733730
733734
733807
733811
733881
733885
733886
733892
733961
733962
733964
733965
733966
733967
734039
734040
734044
734045
734046
734049
734051
734115
734122
734123
734124
734200
734201
734202
734203
734204
734207
734209
734266
734267
734273
734274
734280
734282
734285
734286
734359
734363
734364
734365
734433
734439
734440
734443
734444
734446
734447
734450
734525
734526
734578
734581
734629
734639
734640
734652
734702
734703
734714
734720
734777
734778
734850
734926
734997
735000
735001
735077
735078
735158
735159
735164
735168
735239
735243
735316
735319
735323
735399
735409
735501
735584
735775
735970
736066
736071
736078
736162
736257
736264
736268
736351
736353
736450
736453
736454
736462
736556
736559
736656
736657
736658
736667
736755
736756
736759
736761
736771
736859
736860
736861
736862
736959
736962
736964
736966
737068
737069
737071
737175
737178
737283
737285
737286
737291
737393
737396
737399
737505
737506
737508
737512
737612
737613
737614
737617
737724
737726
737728
737733
737834
737835
737838
737839
737944
737945
737966
738060
738061
738064
738070
738176
738177
738179
738182
738292
738294
738295
738296
738410
738411
738412
738523
738524
738528
738529
738641
738642
738644
738645
738751
738752
738860
738866
738867
738974
738976
738978
739081
739083
739085
739089
739187
739191
739281
739282
739284
739285
739377
739378
739380
739477
739478
739481
739576
739577
739581
739673
739675
739676
739763
739766
739852
739854
739857
739940
739941
740029
740114
740119
740122
740199
740201
740290
740293
740382
740486
740489
740498
740588
740690
740692
740696
740697
740799
740800
740802
740803
740903
740904
740905
740909
740910
741010
741011
741013
741014
741109
741112
741114
741115
741136
741211
741215
741217
741219
741229
741313
741314
741315
741317
741319
741320
741411
741412
741413
741414
741507
741510
741511
741597
741598
741599
741600
741602
741610
741685
741687
741688
741690
741691
741769
741771
741772
741775
741776
741866
741868
741870
741871
741873
741881
741962
741965
741966
741967
742056
742057
742058
742063
742147
742150
742153
742239
742240
742247
742249
742329
742330
742331
742332
742335
742415
742416
742426
742504
742508
742509
742596
742598
742600
742604
742684
742686
742687
742688
742776
742777
742778
742779
742781
742791
742860
742861
742862
742864
742866
742871
742946
742947
742949
742950
742951
742952
743034
743035
743036
743037
743038
743040
743043
743120
743124
743125
743126
743127
743136
743198
743201
743202
743203
743204
743210
743214
743273
743274
743275
743278
743280
743286
743347
743348
743352
743353
743354
743356
743427
743429
743432
743505
743514
743823
743875
743920
743927
743937
744004
744019
744054
744079
744138
744368
744425
744426
744511
744542
744607
744621
744624
744629
744637
744663
744665
744667
744673
744675
744712
744713
744714
744715
744716
744718
744759
744762
744765
744805
744842
744844
744898
744921
744977
745004
745005
745061
745067
745090
745093
745117
745119
745120
745166
745197
745199
745233
745234
745243
745281
745314
745315
745357
745438
745538
745586
745711
745761
745765
745818
745823
745875
745942
746012
746078
746089
746224
746229
746232
746234
746284
746285
746287
746288
746291
746294
746302
746350
746362
746371
746372
746432
746442
746507
746511
746512
746513
746569
746572
746574
746584
746586
746587
746655
746718
746804
746865
746875
746878
746945
746946
746948
747017
747018
747020
747022
747036
747092
747095
747096
747099
747100
747106
747172
747175
747177
747243
747246
747247
747249
747255
747256
747322
747323
747324
747329
747331
747332
747394
747474
747479
747717
747792
747793
747805
747867
747881
747946
747948
748029
748030
748036
748115
748188
748191
748193
748194
748272
748274
748425
749274
749275
749372
749373
749374
749376
749475
749488
749572
749575
749580
749673
749675
749678
749679
749779
749780
749784
749883
749884
749889
749989
749991
750092
750094
750097
750098
750103
750204
750205
750211
750212
750314
750315
750317
750421
750423
750425
750428
750535
750537
750539
750649
750651
750652
750760
750761
750762
750764
750766
750874
750879
750881
750981
750985
750987
750989
751097
751098
751211
751212
751221
751328
751332
751334
751443
751445
751446
751558
751564
751669
751670
751672
751771
751774
751781
751878
751879
751884
751982
751983
751984
751991
752079
752081
752088
752089
752179
752180
752183
752271
752272
752273
752274
752366
752370
752372
752470
752471
752475
752576
752582
752667
752669
752674
752761
752767
752856
752857
752948
752952
753034
753042
753123
753125
753126
753206
753211
753302
753303
753397
753400
753401
753496
753497
753498
753499
753507
753605
753606
753608
753611
753718
753720
753824
753833
753838
753931
753933
753934
754037
754040
754044
754136
754138
754141
754238
754240
754242
754337
754340
754341
754435
754437
754526
754528
754530
754618
754622
754631
754713
754716
754802
754803
754805
754894
754896
754897
754898
754989
754992
754993
754995
754999
755085
755087
755088
755098
755172
755174
755175
755176
755178
755179
755260
755261
755262
755269
755344
755345
755347
755358
755427
755429
755431
755433
755513
755514
755516
755518
755523
755602
755603
755606
755609
755620
755691
755692
755693
755695
755697
755709
755780
755781
755782
755783
755785
755866
755867
755868
755871
755873
755881
755946
755949
755950
755951
755955
755959
756031
756033
756035
756037
756040
756052
756110
756116
756117
756118
756120
756121
756122
756132
756196
756197
756199
756202
756203
756204
756207
756280
756282
756284
756285
756286
756287
756290
756296
756361
756362
756364
756366
756367
756368
756371
756377
756444
756446
756447
756448
756449
756450
756459
756524
756525
756526
756528
756601
756603
756683
756745
756748
756762
756825
756912
756965
756969
757032
757052
757107
757155
757267
757321
757371
757432
757533
757654
757659
757669
757701
757705
757709
757710
757747
757748
757751
757755
757756
757773
757793
758003
758067
758112
758113
758128
758149
758172
758173
758176
758238
758279
758563
758631
758686
758689
758810
758947
758954
759017
759021
759026
759081
759082
759095
759096
759151
759152
759155
759175
759236
759237
759288
759303
759306
759376
759431
759437
759444
759511
759581
759643
759810
759815
759869
759870
759876
759878
759943
759944
759945
759946
760014
760082
760097
760155
760232
760289
760293
760295
760296
760355
760356
760361
760413
760559
760568
760700
760711
760780
760791
760870
760961
761046
761678
762323
762325
762331
762429
762430
762540
762639
762645
762646
762746
762747
762753
762850
762852
762957
762959
763063
763068
763170
763175
763282
763288
763395
763398
763510
763512
763515
763625
763629
763737
763852
763853
763854
763857
763964
763968
764078
764080
764194
764195
764199
764305
764306
764416
764417
764419
764518
764520
764531
764616
764618
764619
764714
764716
764728
764809
764810
764815
764906
764907
764909
764911
765007
765008
765010
765013
765099
765104
765105
765195
765196
765197
765201
765300
765301
765302
765403
765406
765502
765504
765507
765598
765601
765606
765695
765696
765697
765698
765790
765797
765887
765888
765975
765976
765978
766066
766069
766073
766074
766166
766168
766263
766265
766266
766273
766366
766368
766470
766471
766472
766575
766576
766579
766682
766683
766684
766685
766785
766788
766796
766889
766890
766893
766993
766998
767093
767095
767192
767193
767290
767389
767486
767563
767648
767839
768024
768026
768027
768118
768120
768124
768188
768194
768273
768276
768281
768360
768361
768363
768449
768459
768542
768623
768628
768629
768709
768712
768797
768889
768969
768970
769049
769050
769051
769055
769128
769129
769130
769134
769135
769141
769213
769214
769215
769216
769218
769290
769291
769292
769294
769298
769300
769372
769373
769374
769375
769376
769377
769378
769379
769455
769457
769458
769459
769461
769462
769538
769539
769541
769542
769549
769608
769620
769621
769629
769697
769699
769700
769767
769772
769775
769829
769831
769854
769899
769913
769952
769955
770019
770022
770045
770086
770089
770092
770152
770156
770158
770202
770215
770226
770241
770270
770274
770276
770291
770292
770434
770507
770545
770551
770552
770590
770627
770635
770672
770677
770680
770708
770713
770715
770718
770744
770745
770746
770750
770821
770854
770908
770927
770928
770936
770972
770978
770984
771004
771029
771055
771095
771393
771692
771769
771834
771838
771903
771905
772042
772113
772457
772542
772878
772955
773080
773081
773143
773149
773150
773160
773226
773283
773284
773290
773300
775255
775258
775355
775363
775458
775462
775463
775564
775565
775670
775671
775675
775779
775887
775888
775998
776111
776117
776223
776224
776337
776346
776450
776451
776452
776560
776561
776562
776564
776671
776677
776678
776782
776784
776788
776884
776891
776992
777093
777094
777192
777194
777195
777282
777379
777382
777383
777478
777479
777569
777570
777664
777668
777755
777759
777766
777862
777864
777969
777972
777973
778075
778082
778182
778187
778279
778282
778372
778376
778470
778475
778478
778571
778572
778671
778677
778767
778771
778868
778869
778870
778970
778972
779057
779060
779062
779064
779147
779151
779242
779243
779339
779426
779427
779729
780362
780452
780723
780731
780899
781234
781304
781316
781482
781484
781566
781648
781649
781654
781663
781726
781727
781729
781730
781801
781805
781807
781880
781881
781888
781894
781963
781964
781965
781966
781970
782042
782043
782044
782046
782047
782050
782124
782125
782127
782128
782130
782132
782202
782204
782205
782206
782207
782211
782212
782279
782285
782286
782288
782289
782349
782350
782360
782361
782362
782363
782365
782422
782432
782443
782456
782494
782495
782498
782503
782550
782551
782608
782621
782698
782700
782736
782739
782748
782797
782804
782810
782851
782852
782873
782902
782903
782913
782946
782948
782950
782983
782984
782985
783032
783052
783055
783068
783094
783095
783135
783140
783151
783155
783172
783179
783215
783243
783244
783245
783246
783251
783278
783279
783281
783283
783302
783304
783306
783310
783337
783421
783430
783450
783475
783982
784126
784190
784191
784320
784392
784460
784936
785349
785411
785550
785840
787740
787849
787952
787955
788056
788057
788161
788162
788163
788267
788271
788372
788377
788379
788479
788481
788584
788585
788690
788691
788800
788806
788908
789020
789024
789128
789129
789147
789236
789244
789331
789335
789434
789522
789611
789614
789890
789891
789981
790192
790400
790412
790504
790505
790606
790707
790905
791011
791119
791340
793597
793615
793781
794033
794111
794113
794192
794193
794258
794271
794346
794348
794349
794351
794427
794429
794433
794441
794503
794507
794508
794509
794510
794511
794514
794580
794581
794586
794587
794588
794589
794590
794594
794665
794666
794667
794669
794671
794739
794743
794744
794758
794800
794806
794807
794823
794870
794871
794875
794878
794932
794936
794945
794995
794997
795010
795057
795245
795301
795308
795348
795350
795351
795359
795366
795388
795389
795390
795391
795392
795393
795396
795398
795430
795431
795432
795433
795434
795466
795468
795475
795508
795514
795529
795540
795542
795547
795552
795557
795589
795590
795591
795627
795654
795656
795681
795682
795685
795686
795687
795688
795701
795702
795707
795708
795712
795716
795718
795723
795727
795729
795735
795738
795739
795787
795797
795818
795847
796142
796344
796536
797120
800089
800197
800300
800401
800498
800596
800597
800696
800798
800800
800900
800905
801003
801004
801109
801219
801322
801426
801533
801732
805727
806237
806375
806386
806387
806396
806397
806460
806469
806470
806471
806479
806547
806555
806620
806623
806624
806625
806636
806696
806699
806700
806703
806772
806773
806774
806778
806779
806780
806781
806792
806851
806854
806855
806857
806858
806865
806866
806929
806930
806932
806935
806998
806999
807003
807006
807066
807069
807075
807081
807136
807137
807140
807212
807213
807274
807414
807469
807480
807524
807581
807583
807587
807602
807632
807633
807634
807635
807640
807641
807645
807673
807675
807676
807678
807683
807688
807713
807714
807716
807718
807719
807721
807727
807731
807751
807752
807755
807756
807759
807787
807789
807809
807810
807826
807863
807919
807920
807921
807932
807936
807937
807938
807948
807950
807952
807954
807956
807960
807976
808009
808012
809195
809932
812081
812679
812777
812873
817300
817475
817785
817956
818263
818264
818266
818273
818340
818343
818347
818413
818415
818418
818490
818491
818492
818497
818566
818567
818582
818638
818640
818642
818643
818645
818646
818647
818648
818726
818727
818733
818738
818740
818799
818803
818804
818814
818862
818873
818874
818875
818876
818883
818937
818941
818943
818949
818951
819005
819009
819010
819011
819020
819029
819075
819080
819148
819153
819281
819337
819338
819341
819386
819397
819400
819446
819447
819493
819496
819501
819507
819509
819545
819548
819549
819550
819551
819562
819564
819590
819591
819592
819593
819594
819595
819600
819608
819628
819630
819632
819633
819635
819636
819639
819641
819651
819660
819661
819663
819668
819694
819695
819701
819804
819806
819807
819829
829093
829167
829243
829318
829578
829789
829794
829805
829857
829859
829865
829866
829879
829891
829944
829950
829958
830008
830024
830077
830080
830095
830153
830156
830157
830158
830159
830160
830173
830236
830237
830238
830244
830251
830257
830310
830321
830374
830377
830382
830390
830394
830447
830454
830455
830460
830461
830467
830521
830537
830589
830591
830599
830650
830652
830657
830733
830830
830831
830832
830842
830848
830885
830892
830897
830922
830941
830946
830949
830973
830999
831002
831003
831007
831027
831038
831039
831045
831046
831047
831050
831051
831065
831070
831081
831082
831086
831087
831090
831093
831095
831106
831111
831127
831131
831133
831134
831135
831137
831139
831140
831163
831164
831166
831167
831169
831170
831195
831199
831200
831201
831203
831204
831256
831278
831300
831306
833627
840002
840177
840257
840341
840409
840421
840423
840479
840793
840864
840894
841013
841084
841085
841086
841158
841169
841189
841223
841226
841281
841293
841357
841359
841360
841367
841371
841373
841386
841425
841434
841435
841443
841445
841446
841447
841500
841512
841523
841551
841574
841582
841583
841584
841651
841652
841655
841658
841667
841671
841713
841714
841715
841721
841722
841727
841740
841781
841787
841788
841789
841797
841845
841847
841848
841849
841856
841863
841866
841907
841910
841912
841960
841964
841976
841981
842010
842014
842015
842068
842080
842123
842124
842161
842175
842176
842183
842195
842224
842233
842234
842262
842270
842271
842272
842275
842296
842300
842306
842307
842308
842309
842312
842313
842314
842315
842334
842335
842337
842341
842363
842365
842367
842369
842393
842394
842395
842396
842408
842421
842448
842658
850850
851348
851355
851497
851566
851646
851648
851858
851926
851934
851988
851991
851994
851996
852005
852018
852054
852066
852086
852087
852120
852124
852132
852133
852198
852205
852253
852258
852259
852272
852273
852274
852275
852277
852279
852321
852323
852340
852341
852343
852356
852389
852393
852397
852399
852462
852464
852465
852469
852470
852472
852476
852484
852537
852540
852541
852542
852543
852544
852547
852549
852572
852601
852604
852605
852606
852607
852610
852611
852612
852614
852615
852634
852668
852670
852672
852673
852675
852676
852677
852678
852679
852684
852687
852696
852716
852735
852736
852737
852740
852748
852767
852775
852786
852789
852790
852791
852808
852820
852843
852844
852845
852846
852874
852891
852894
852896
852903
852941
852953
852997
852998
853000
853055
853075
853092
853096
853100
853101
853102
853111
853136
853138
853145
853150
853157
853181
853182
853185
853205
853209
853214
853216
853231
853233
853241
853243
853262
853312
853463
855343
862130
862209
862426
862444
862498
862506
862520
862552
862562
862682
862686
862688
862707
862731
862764
862765
862779
862781
862823
862824
862829
862833
862837
862846
862896
862897
862898
862906
862908
862909
862911
862912
862913
862914
862940
862964
862965
862978
862990
863027
863028
863030
863031
863032
863036
863095
863096
863097
863101
863110
863160
863161
863162
863164
863167
863168
863177
863179
863225
863226
863227
863230
863231
863233
863235
863236
863237
863292
863294
863296
863297
863299
863300
863302
863309
863310
863335
863351
863352
863353
863354
863355
863356
863357
863363
863387
863403
863408
863409
863414
863416
863435
863455
863456
863457
863458
863463
863466
863469
863508
863509
863510
863511
863514
863524
863538
863563
863565
863575
863579
863612
863613
863623
863661
863662
863663
863665
863667
863684
863709
863712
863713
863718
863740
863758
863761
863791
863792
863794
863796
863802
863808
863820
863830
863849
863872
871202
872186
872577
872587
872650
872651
872653
872721
872791
872806
872937
872984
872986
872989
872992
872993
872997
873055
873057
873061
873062
873072
873125
873126
873131
873141
873142
873143
873147
873150
873207
873215
873219
873270
873272
873277
873281
873282
873284
873285
873289
873335
873337
873339
873345
873347
873350
873360
873405
873406
873407
873408
873414
873415
873476
873478
873483
873488
873491
873540
873541
873542
873543
873546
873549
873581
873603
873604
873605
873609
873614
873617
873660
873663
873665
873669
873670
873674
873675
873689
873726
873727
873728
873742
873744
873777
873780
873781
873782
873786
873791
873820
873823
873824
873825
873826
873828
873833
873834
873872
873873
873874
873875
873877
873887
873888
873895
873920
873923
873924
873925
873926
873930
873936
873938
873967
873970
873971
873978
873987
873995
874013
874016
874017
874023
874058
874060
874061
874098
874101
874113
874135
874136
874171
874180
874181
874183
874190
874191
874205
874260
882476
882730
882789
882929
882952
883061
883068
883072
883080
883081
883123
883124
883127
883137
883140
883143
883189
883211
883218
883267
883284
883295
883341
883345
883346
883355
883357
883361
883376
883407
883411
883418
883423
883424
883429
883445
883479
883480
883489
883490
883491
883501
883502
883552
883553
883554
883557
883560
883567
883621
883622
883625
883627
883628
883639
883690
883692
883694
883695
883698
883704
883723
883753
883754
883757
883761
883766
883771
883817
883818
883820
883824
883825
883826
883829
883855
883877
883878
883880
883881
883898
883930
883931
883936
883937
883938
883940
883949
883957
883976
883980
883982
883983
884000
884025
884027
884028
884029
884035
884046
884073
884074
884075
884077
884083
884086
884110
884111
884120
884132
884145
884148
884149
884151
884156
884161
884184
884185
884187
884188
884216
884218
884220
884221
884234
884262
884266
884268
884284
884296
884316
892590
892645
892662
892788
892790
892855
892856
892927
892981
892985
892997
892999
893003
893050
893057
893062
893082
893084
893120
893123
893124
893132
893136
893141
893142
893166
893199
893202
893203
893214
893262
893263
893268
893270
893271
893278
893279
893284
893285
893291
893329
893331
893338
893345
893351
893361
893402
893403
893405
893407
893409
893412
893419
893427
893466
893470
893477
893481
893482
893485
893539
893541
893550
893595
893601
893604
893607
893653
893657
893658
893662
893667
893668
893671
893711
893713
893714
893716
893719
893720
893721
893725
893726
893730
893759
893760
893763
893765
893766
893767
893768
893769
893770
893772
893773
893777
893806
893807
893809
893810
893812
893813
893818
893819
893823
893824
893858
893859
893860
893861
893862
893863
893864
893865
893889
893890
893895
893896
893927
893928
893930
893932
893933
893934
893935
893936
893939
893940
893947
893966
893969
893970
893976
893977
893988
893993
901764
901832
901936
901970
902040
902041
902108
902135
902165
902166
902167
902169
902170
902172
902173
902175
902178
902180
902182
902235
902237
902240
902241
902245
902246
902247
902250
902263
902299
902302
902309
902314
902316
902318
902327
902369
902370
902377
902380
902389
902393
902439
902442
902444
902448
902454
902457
902459
902512
902514
902517
902518
902531
902533
902585
902590
902593
902596
902646
902647
902648
902653
902668
902670
902686
902713
902715
902719
902735
902738
902787
902789
902791
902798
902841
902844
902848
902865
902899
902906
902914
902916
902957
902958
902960
902961
902962
902965
902972
902975
903012
903014
903016
903017
903018
903019
903022
903023
903025
903052
903053
903055
903056
903058
903059
903060
903061
903062
903063
903069
903076
903079
903104
903107
903108
903109
903119
903120
903125
903148
903149
903150
903151
903152
903153
903154
903159
903171
903173
903182
903183
903186
903187
903194
903195
903202
903218
903221
903223
903224
903229
903230
903232
903235
903238
903255
903256
903261
903266
903276
903284
903293
903304
903305
903328
903330
903331
903340
903341
903344
910867
910934
910985
911018
911043
911044
911047
911049
911067
911096
911104
911109
911116
911119
911122
911124
911166
911168
911170
911171
911175
911177
911178
911181
911182
911186
911187
911189
911232
911233
911237
911244
911255
911294
911298
911361
911363
911364
911365
911381
911383
911430
911434
911437
911452
911510
911526
911531
911563
911575
911581
911594
911622
911623
911684
911688
911690
911692
911697
911698
911708
911720
911744
911749
911764
911765
911767
911794
911795
911804
911809
911812
911826
911850
911851
911856
911858
911863
911867
911896
911897
911900
911901
911903
911908
911909
911926
911932
911941
911942
911944
911945
911946
911952
911963
911964
911978
911981
911985
911986
911987
911988
911989
911990
911991
911992
911996
912008
912009
912026
912027
912028
912029
912031
912032
912033
912037
912039
912064
912065
912066
912067
912068
912085
912088
912092
912096
912099
912100
912111
912116
912128
912129
912132
912146
912147
912153
912154
912177
912178
912196
912197
912198
912201
912242
919818
919840
919889
919936
919956
919959
920013
920029
920063
920066
920075
920087
920121
920137
920147
920148
920161
920189
920193
920200
920206
920221
920247
920253
920254
920264
920308
920314
920315
920318
920367
920374
920376
920379
920390
920426
920431
920434
920435
920436
920479
920484
920485
920487
920530
920531
920535
920537
920539
920552
920570
920571
920572
920573
920576
920577
920578
920586
920607
920611
920612
920613
920614
920615
920616
920623
920624
920630
920647
920649
920650
920656
920659
920681
920682
920683
920684
920687
920688
920692
920694
920703
920716
920717
920718
920719
920720
920741
920742
920743
920744
920745
920746
920767
920768
920769
920770
920771
920773
920775
920781
920791
920792
920793
920798
920804
920805
920806
920807
920809
920810
920819
920828
920830
920837
920838
928386
928435
928489
928596
928600
928602
928627
928628
928653
928655
928689
928726
928750
928815
928816
928825
928827
928842
928881
928882
928885
928890
928891
928930
928931
928942
928943
928958
928961
928985
928993
928998
929040
929049
929053
929066
929098
929100
929132
929133
929136
929137
929143
929164
929165
929166
929167
929168
929169
929180
929181
929195
929196
929198
929199
929205
929219
929221
929223
929230
929234
929252
929253
929254
929255
929259
929260
929278
929279
929280
929281
929283
929284
929291
929292
929295
929296
929297
929298
929308
929309
929310
929311
929317
929318
929323
929331
929333
929337
929338
929342
929343
936830
936832
936985
936994
937027
937043
937076
937096
937097
937124
937139
937160
937196
937198
937203
937229
937251
937310
937319
937355
937356
937357
937358
937362
937401
937405
937419
937431
937432
937436
937437
937441
937449
937462
937483
937488
937494
937514
937516
937533
937534
937541
937547
937550
937551
937552
937553
937554
937562
937564
937565
937566
937567
937568
937574
937575
937576
937579
937580
937582
937584
937585
937589
937592
937602
944676
944860
944866
944872
944923
945050
945140
945202
945229
945235
945268
945269
945271
945273
945298
945314
945328
945368
945379
945380
945381
945387
945394
945396
945400
945403
945404
945405
945408
945412
945414
945418
945420
945424
945435
945438
945440
952641
952643
952647
952655
952732
952764
952774
952775
952781
952797
952803
952806
952833
952847
952859
952862
952864
952865
952872
952874
952887
952901
952905
952907
952910
952912
952915
952935
960108
960121
960132
960136
960140
960170
960177
960193
960203
960208
967412
