90943
99291
99732
108081
108082
108125
108165
108210
108381
108382
108437
117208
117209
117253
117298
117340
117353
117420
117421
117523
117585
126455
126493
126612
126655
126790
126893
126904
126947
126949
126958
127001
127011
127059
136187
136215
136273
136274
136529
136576
136587
136629
136631
136643
136644
136688
136703
136867
145932
146083
146439
146440
146441
146442
146454
146459
146506
146513
146553
146568
146570
146680
146683
146738
146803
155953
156137
156138
156191
156344
156358
156359
156401
156580
156584
156617
156619
156620
156676
156678
156680
156687
156689
156733
157088
166261
166463
166511
166563
166618
166620
166670
166671
166732
166740
166838
166846
166960
167011
167065
167080
167184
167189
167381
167385
167447
167450
167515
167516
176808
176857
177075
177243
177246
177300
177360
177489
177536
177537
177581
177589
177649
177656
177827
177838
177839
177896
177977
178032
178034
178035
178106
187891
187902
188004
188006
188063
188068
188120
188182
188244
188298
188299
188302
188357
188359
188418
188472
188473
188480
188483
188664
188672
188678
188729
188730
188731
188746
188801
188813
188814
188815
188823
188876
188881
188887
188888
188966
198498
198652
198711
198771
198937
198939
199102
199103
199158
199159
199212
199214
199215
199276
199333
199334
199450
199451
199513
199514
199522
199582
199586
199640
199654
199700
199701
199703
199704
199707
199710
199712
199715
199722
199724
199774
199775
199776
199780
199841
199842
199843
199852
199854
199855
199913
199916
199917
199923
199924
199925
199935
200001
209732
210012
210179
210182
210228
210399
210449
210456
210457
210458
210513
210574
210634
210645
210692
210757
210762
210764
210822
210825
210826
210827
210828
210894
210897
210949
210955
210959
210960
210962
210969
211020
211021
211022
211024
211086
211087
211088
211089
211091
211161
211171
211237
221408
221524
221869
221887
221893
221934
221951
221956
221998
222012
222014
222077
222090
222142
222209
222271
222274
222275
222348
222411
222413
222416
222420
222424
222482
222483
222491
222496
222552
222553
222554
222560
222567
222623
222633
222637
222718
232950
232996
233203
233205
233328
233329
233388
233389
233393
233395
233639
233781
233846
233857
233920
233987
234056
234058
234135
234199
234212
234217
234275
234278
234279
234281
234283
234288
234347
234348
234350
234352
234419
234423
234426
234490
234491
234492
234568
245025
245135
245144
245190
245207
245254
245257
245261
245321
245323
245591
245787
245790
246157
246235
246238
246239
246382
246387
246388
246389
246390
246391
246392
246393
246460
246462
246464
246467
246532
246533
246534
246535
246610
246706
257045
257163
257271
257274
257326
257327
257329
257390
257393
257457
257462
257525
257798
257802
257867
257937
258007
258011
258017
258083
258156
258157
258236
258242
258318
258476
258481
258489
258555
258557
258558
258559
258561
258562
258563
258564
258573
258579
258630
258632
258633
258634
258635
258636
258638
258639
258640
258641
258642
258647
258649
258710
258712
258713
258714
258720
258734
258789
269467
269525
269526
269582
269638
269692
269695
269696
269711
269748
269749
269751
269756
269757
269809
269819
269876
269877
269885
270154
270209
270216
270225
270285
270358
270436
270443
270514
270591
270754
270756
270838
270839
270841
270843
270844
270859
270920
270922
270923
270925
270926
270927
270928
270929
270930
270931
270941
270945
270999
271001
271002
271003
271005
271006
271007
271008
271009
271010
271014
271015
271029
271085
271087
271172
281938
282053
282166
282167
282169
282229
282235
282296
282297
282298
282307
282365
282367
282438
282501
282502
282768
282773
282783
282845
282846
282848
282849
282862
282923
282924
282996
282999
283000
283002
283003
283006
283007
283078
283084
283157
283239
283241
283243
283324
283325
283326
283327
283328
283330
283345
283408
283409
283411
283412
283416
283417
283418
283419
283421
283426
283491
283492
283494
283495
283499
283500
283501
283503
283504
283514
283520
283575
283576
283577
283578
283583
283584
283587
283590
283655
283656
283657
283922
284006
284089
294549
294609
294675
294676
294678
294679
294741
294805
294807
294811
294949
294951
295021
295027
295030
295156
295288
295298
295302
295369
295381
295440
295446
295447
295518
295522
295523
295526
295601
295602
295608
295683
295686
295687
295762
295763
295785
295850
295852
295853
295856
295858
295862
295933
295934
295935
295936
295937
295939
295940
295941
295942
295943
295944
295945
295948
296016
296017
296019
296020
296023
296024
296025
296026
296027
296028
296031
296097
296098
296099
296102
296110
296111
296112
296115
296121
296122
296123
296201
296209
296273
296296
296380
296381
296382
296464
296544
307146
307206
307208
307277
307334
307339
307340
307341
307403
307404
307406
307407
307408
307479
307480
307483
307484
307553
307688
307690
307761
307833
307835
307909
307919
307977
307985
307986
308059
308060
308063
308070
308074
308138
308140
308141
308229
308230
308231
308305
308317
308391
308476
308477
308478
308480
308481
308482
308483
308484
308485
308486
308490
308563
308565
308566
308567
308568
308569
308572
308573
308574
308575
308576
308584
308586
308587
308666
308667
308668
308670
308674
308743
308759
308761
308762
308764
308765
308767
308835
308854
308858
308946
308947
309036
309038
309119
319600
319821
319877
319937
319998
320062
320063
320064
320123
320124
320128
320129
320137
320192
320193
320194
320196
320199
320204
320211
320212
320266
320267
320268
320269
320270
320271
320409
320476
320479
320480
320481
320489
320558
320631
320636
320637
320650
320704
320708
320713
320714
320715
320718
320784
320788
320877
320959
320965
321044
321049
321116
321118
321119
321128
321205
321206
321207
321208
321209
321210
321211
321221
321222
321301
321304
321305
321310
321386
321397
321399
321400
321401
321402
321403
321475
321490
321491
321492
321493
321495
321501
321564
321582
321583
321584
321591
321674
321675
321769
321853
332863
332866
332941
333002
333003
333017
333074
333075
333079
333089
333158
333161
333309
333310
333313
333314
333393
333400
333478
333550
333552
333559
333562
333643
333648
333804
333807
334154
334156
334157
334158
334248
334249
334251
334252
334327
334340
334341
334343
334344
334412
334429
334430
334431
334433
334434
334436
334519
334520
334521
334522
334611
334702
345352
345607
345670
345679
345887
346035
346037
346038
346039
346040
346204
346272
346280
346597
346699
347316
347317
347318
347320
347321
347322
347323
347325
347327
347333
347412
347421
347503
347507
347579
358437
358626
358823
358896
358899
358973
358976
359056
359057
359059
359131
359132
359138
359201
359207
359209
359210
359212
359222
359386
359531
360578
372026
372028
372101
372102
372176
372190
372259
372342
372347
372422
372423
372424
372426
372427
372430
372434
372497
372506
372509
372510
372511
372512
372513
372596
373954
385167
385238
385241
385312
385389
385465
385542
385545
385547
385548
385552
385632
385720
385724
385885
398324
398396
398547
413177
