188659
199633
199635
222485
234193
234194
234195
258399
271082
283490
283574
295603
295775
295845
307754
308221
308224
321218
321316
333386
333801
333803
333876
333962
333976
334067
345808
346875
346971
347148
358386
359363
359607
359777
359870
360151
371896
372248
372818
372822
372893
384831
385107
385868
397969
398106
398263
398334
398336
398404
398406
399043
399361
411236
411308
412136
423921
423993
423994
424067
424068
424236
425223
436937
437232
438231
438401
438407
450119
450261
450276
450339
451580
451593
464529
503714
516413
