68087
75533
83234
83336
83337
91358
91359
91360
91414
91459
91522
99894
99945
99946
99995
99996
99998
99999
100000
100049
100057
108764
108866
108867
108870
108928
108933
108990
108997
109069
117972
118087
118088
118090
118153
118154
118156
118170
118235
118299
118307
127364
127418
127420
127475
127477
127532
127540
127541
127610
127684
127685
127759
136985
137041
137042
137046
137110
137111
137172
137225
137369
137378
137446
146333
146908
146975
146977
146979
146988
147047
147051
147128
147181
147187
147190
147259
147260
147337
157155
157156
157158
157159
157171
157173
157227
157307
157308
157374
157375
157376
157384
157390
157451
157461
157540
157541
157612
157683
157687
157692
167119
167120
167191
167316
167518
167519
167593
167600
167615
167668
167670
167676
167753
167828
167833
167894
167895
167897
167907
167908
167968
167970
167972
168134
168220
177637
177638
177699
177700
177897
178038
178107
178186
178256
178262
178334
178336
178337
178343
178408
178409
178410
178413
178417
178489
178490
178491
178558
178559
178569
178577
178717
178800
178801
178807
188348
188350
188398
188462
188463
188468
188529
188536
188726
188880
188886
188948
188950
188965
189022
189026
189100
189178
189181
189241
189244
189251
189252
189258
189264
189322
189331
189404
189405
189406
189416
189427
189482
189490
189705
189957
189958
189959
199203
199383
199452
199507
199509
199568
199580
199636
199637
199720
199845
199991
199993
200064
200068
200079
200138
200146
200147
200149
200150
200157
200222
200229
200306
200307
200386
200387
200388
200390
200391
200452
200453
200461
200465
200466
200468
200470
200534
200541
200542
200544
200605
200608
200678
200758
200926
210506
210507
210565
210629
210688
210744
210812
210817
210819
210880
210881
210882
210883
210884
210888
210890
210954
210963
211026
211030
211094
211163
211240
211243
211246
211316
211317
211318
211320
211321
211322
211325
211389
211393
211398
211399
211401
211464
211471
211479
211480
211481
211550
211557
211558
211564
211627
211630
211639
211640
211641
211642
211643
211705
211707
211708
211709
211720
211721
211722
211723
211724
211732
211788
211789
211790
211792
211797
211798
211802
211803
211805
211806
211808
211810
211871
211874
211882
211884
211969
212041
221941
221943
221949
222005
222007
222008
222061
222071
222125
222126
222133
222193
222194
222258
222259
222260
222268
222333
222342
222415
222489
222557
222628
222630
222635
222770
222782
222784
222790
222856
222938
222940
222951
223003
223008
223012
223017
223018
223021
223022
223029
223090
223091
223092
223093
223094
223095
223097
223103
223104
223105
223107
223108
223176
223177
223178
223179
223180
223183
223185
223189
223190
223191
223192
223202
223264
223265
223266
223267
223271
223273
223274
223276
223278
223279
223280
223281
223286
223349
223350
223354
223364
223367
223370
223372
223377
223378
223455
223536
223697
223794
233709
233710
233716
233717
233773
233778
233785
233844
233849
233915
233971
233974
233976
233982
234043
234045
234051
234054
234130
234133
234200
234201
234207
234356
234357
234424
234425
234497
234498
234499
234511
234563
234657
234732
234741
234758
234812
234813
234814
234818
234819
234820
234821
234824
234829
234830
234899
234900
234901
234905
234906
234907
234908
234915
234918
234987
234988
234989
234990
234991
234993
234994
234995
234997
234999
235002
235003
235004
235006
235007
235008
235075
235079
235081
235083
235084
235086
235087
235088
235093
235094
235095
235096
235097
235098
235099
235100
235165
235166
235167
235170
235175
235176
235182
235183
235184
235187
235256
235263
235264
235266
235268
235429
235432
235515
235516
235517
245458
245658
245727
245800
245874
245875
245934
245946
246007
246013
246080
246082
246086
246156
246165
246236
246243
246315
246317
246324
246468
246470
246471
246544
246617
246618
246691
246700
246702
246703
246714
246774
246775
246789
246795
246863
246864
246875
246878
246952
246953
246954
246955
246956
246958
246959
246960
246961
246962
246963
246967
246968
246969
246972
246973
246978
247044
247045
247046
247047
247048
247049
247050
247057
247058
247059
247060
247061
247062
247063
247065
247132
247133
247134
247135
247137
247138
247139
247140
247141
247142
247144
247145
247146
247151
247152
247153
247154
247155
247156
247219
247223
247224
247225
247226
247227
247230
247231
247232
247239
247240
247241
247242
247243
247250
247309
247310
247311
247312
247317
247318
247319
247321
247322
247326
247393
247398
247405
247407
247411
247476
247479
247562
257955
258021
258168
258170
258245
258246
258248
258319
258328
258329
258332
258396
258403
258411
258412
258474
258487
258488
258495
258501
258551
258571
258578
258643
258645
258650
258652
258721
258725
258727
258797
258801
258802
258803
258881
258884
258885
258886
258968
258969
258971
258974
259039
259040
259041
259043
259047
259049
259055
259057
259058
259059
259066
259130
259132
259133
259134
259135
259136
259137
259138
259139
259145
259149
259215
259221
259222
259223
259224
259225
259226
259227
259228
259229
259234
259235
259236
259237
259238
259239
259306
259308
259310
259311
259312
259313
259314
259315
259316
259317
259318
259319
259323
259325
259326
259327
259328
259391
259393
259394
259396
259397
259398
259399
259400
259401
259402
259403
259404
259405
259406
259407
259408
259411
259414
259420
259482
259483
259484
259485
259486
259487
259488
259489
259490
259491
259492
259495
259498
259501
259502
259506
259569
259574
259576
259578
259579
259580
259581
259582
259583
259591
259660
259661
259666
259672
270022
270092
270290
270297
270365
270366
270447
270448
270458
270521
270523
270537
270602
270603
270606
270688
270689
270695
270767
270772
270773
270851
270855
270857
270858
270863
270935
270937
270939
271020
271096
271175
271178
271179
271192
271254
271255
271256
271258
271335
271336
271337
271340
271347
271408
271409
271410
271416
271417
271418
271489
271492
271494
271495
271496
271497
271498
271499
271501
271502
271504
271505
271506
271509
271576
271580
271581
271583
271584
271585
271586
271587
271588
271592
271593
271594
271595
271596
271597
271600
271601
271664
271665
271666
271668
271670
271671
271672
271673
271675
271676
271680
271681
271682
271685
271754
271755
271756
271757
271759
271760
271761
271762
271765
271766
271767
271768
271772
271776
271840
271841
271842
271843
271844
271846
271847
271848
271849
271850
271851
271852
271853
271854
271855
271857
271929
271930
271933
271936
271937
271940
271941
271942
271950
272023
272024
272031
272035
272036
272122
272123
272130
272131
282775
282844
282852
282928
282932
282933
282938
282939
283008
283012
283013
283015
283019
283083
283086
283089
283090
283091
283092
283165
283168
283172
283173
283180
283251
283259
283336
283343
283351
283422
283424
283425
283427
283428
283437
283505
283509
283510
283580
283670
283671
283672
283675
283676
283682
283755
283757
283762
283763
283822
283825
283828
283830
283832
283833
283835
283837
283841
283908
283915
283916
283918
283919
283923
283924
283989
283991
283993
284000
284001
284002
284008
284070
284073
284074
284076
284077
284080
284082
284084
284086
284088
284158
284159
284160
284163
284164
284165
284170
284171
284243
284247
284248
284250
284251
284252
284253
284255
284258
284326
284328
284329
284330
284331
284332
284334
284336
284337
284339
284347
284350
284414
284418
284419
284420
284422
284423
284424
284426
284429
284431
284512
284513
284515
284517
284601
284606
284616
284687
284692
284701
284777
295449
295450
295452
295454
295459
295528
295529
295530
295532
295536
295540
295611
295612
295613
295614
295615
295617
295688
295694
295695
295696
295697
295761
295779
295780
295781
295782
295783
295867
295868
295932
295950
295951
296203
296204
296290
296293
296374
296375
296377
296454
296455
296459
296460
296461
296534
296540
296613
296614
296616
296696
296697
296700
296707
296772
296774
296775
296777
296778
296779
296785
296853
296855
296856
296857
296859
296930
296936
296937
296938
296940
296941
296943
297017
297018
297020
297025
297026
297028
297115
297119
297124
297292
297766
307694
307825
307846
307903
307989
308061
308066
308067
308068
308072
308073
308149
308150
308151
308154
308155
308156
308159
308225
308233
308235
308236
308238
308239
308318
308319
308322
308323
308324
308330
308401
308406
308407
308408
308410
308491
308492
308493
308581
309109
309111
309112
309114
309116
309196
309210
309211
309286
309287
309288
309289
309374
309379
309457
309458
309459
309460
309463
309470
309543
309544
309546
309554
309627
309628
309635
309713
309977
310364
320473
320492
320778
320798
320860
320883
320944
321045
321046
321196
321751
321836
321931
321932
322017
322019
322020
322101
322103
322185
322188
322273
322274
322284
322355
322356
322367
322447
333151
333221
333225
333302
333303
333305
333307
333311
333318
333385
333388
333399
333458
333538
333541
333635
333636
333706
333874
333878
333881
333889
333982
334784
334785
334873
334956
334958
334966
335050
345737
345807
346032
346034
346109
346110
346111
346113
346191
346192
346194
346195
346196
346274
346275
346276
346278
346286
346352
346354
346355
346356
346357
346433
346444
346454
346513
346525
346528
346529
346530
346537
346599
346608
346612
346680
346681
346683
346684
346768
346769
346785
346791
346856
346870
346947
346963
346966
347054
347767
347858
347859
347947
348047
348726
359205
359282
359283
359286
359288
359290
359291
359294
359362
359365
359366
359368
359369
359370
359371
359372
359373
359374
359375
359377
359443
359444
359449
359451
359452
359453
359454
359455
359517
359521
359522
359524
359525
359528
359529
359530
359532
359533
359534
359535
359536
359537
359539
359540
359606
359608
359611
359615
359616
359618
359619
359620
359630
359698
359702
359703
359705
359773
359774
359793
359863
359865
359867
359880
359970
359976
360061
361622
361719
361925
372179
372412
372414
372493
372496
372498
372499
372576
372577
372579
372582
372584
372585
372655
372656
372657
372660
372661
372662
372664
372665
372666
372667
372668
372672
372673
372735
372736
372738
372739
372740
372741
372742
372743
372746
372747
372748
372749
372750
372762
372814
372817
372819
372820
372821
372826
372829
372830
372836
372837
372895
372897
372900
372904
372907
372909
372910
372911
372976
372981
372984
372987
372992
372995
372996
372997
373077
373078
373086
373089
373166
373167
373418
375012
385541
385624
385708
385786
385787
385789
385791
385793
385798
385800
385801
385866
385867
385871
385873
385874
385875
385876
385878
385879
385947
385950
385951
385952
385953
385956
385959
385960
385961
385962
385964
385965
386023
386026
386027
386028
386029
386030
386035
386038
386039
386040
386047
386098
386103
386111
386112
386117
386119
386185
386186
386248
386318
386538
386617
386702
398619
398864
398866
398871
398876
398943
398945
398946
398947
398948
398951
398953
398954
398955
398956
398962
399024
399025
399026
399027
399031
399032
399033
399034
399036
399040
399099
399100
399101
399102
399157
399160
399161
399167
399213
399217
399223
399291
399436
399497
399499
399563
399564
399642
399643
399733
399737
399821
411591
411670
411671
411838
411908
411910
411913
411920
411921
411984
411986
411988
411989
411990
412057
412058
412200
412201
412279
412280
412281
412283
412286
412355
412356
412359
412361
412434
412437
412438
412446
412512
412514
412515
412516
412598
412601
412606
412690
412692
412693
412703
412777
412782
412785
412786
412787
412788
412789
412884
412885
412886
412974
424587
424754
424903
424973
425056
425148
425214
425216
425301
425307
425308
425390
425392
425394
425396
425486
425487
425488
425489
425572
425573
425574
425579
425661
425662
425664
425665
425669
425758
425759
425760
425761
425762
425856
425861
425949
425951
426039
426040
426047
438309
438317
438493
438494
438495
438496
438584
438586
438588
438590
438591
438592
438593
438594
438595
438596
438597
438682
438683
438684
438685
438686
438687
438688
438689
438772
438773
438774
438775
438776
438787
438857
438858
438859
438860
438861
438952
438953
438954
438955
439047
439050
439142
451394
451408
451585
451586
451671
451673
451679
451763
451764
451767
451768
451771
451856
451857
451862
451863
451864
451865
451871
451945
451946
451947
451948
452030
452032
464431
464435
477347
477611
477612
477705
490442
490515
490592
