47601
82530
90746
90752
99481
108447
108449
117185
117645
136239
146641
167036
177611
187170
187176
187904
198353
198361
208416
209311
209482
210234
220048
220711
220764
220881
220979
220980
221025
221032
231165
231484
231485
231712
232071
232338
232366
232370
232399
232400
232475
232479
232519
232568
232601
232649
232653
232753
232757
232852
232857
233172
243437
244010
244278
244305
244307
244313
244335
244336
244374
244378
244389
244414
244436
244508
244600
244642
244650
244697
244704
244708
244758
244763
244819
244934
256071
256073
256079
256271
256281
256303
256319
256321
256430
256435
256456
256460
256487
256489
256494
256508
256535
256537
256543
256550
256551
256577
256580
256620
256622
256629
256726
256765
256772
256773
267325
267870
267934
268547
268550
268576
268592
268595
268598
268622
268623
268628
268662
268663
268667
268753
268781
268784
268787
268824
268831
268857
268858
268898
268900
268931
268932
268935
268946
269080
269142
269187
269251
280662
280721
280750
280839
280924
281014
281068
281070
281091
281092
281097
281098
281132
281134
281138
281139
281141
281180
281261
281266
281272
281276
281302
281339
281346
281425
281426
281429
281437
281439
281440
281470
281474
281513
281514
281608
281613
281617
281709
281896
282180
292491
293276
293525
293575
293601
293676
293677
293679
293686
293735
293736
293772
293805
293850
293858
293865
293903
293942
293945
293989
293993
293995
294034
294037
294084
294119
294125
294160
294225
294331
294336
294398
294400
294457
294460
294512
294516
294762
303945
304498
305941
305958
305970
306061
306066
306086
306087
306088
306092
306126
306167
306194
306195
306196
306200
306203
306235
306238
306239
306247
306281
306282
306289
306325
306329
306331
306373
306376
306383
306423
306424
306463
306464
306557
306559
306560
306606
306608
306609
306946
307003
307047
316483
318016
318211
318579
318857
318886
318893
318922
318930
318936
318967
319005
319012
319048
319052
319056
319099
319149
319153
319197
319293
319401
319464
319507
319562
319619
319676
320564
320806
330571
331051
331101
331156
331202
331354
331377
331421
331591
331643
331651
331677
331716
331756
331758
331759
331764
331802
331806
331862
331874
331902
331923
332001
332052
332108
332215
332391
332442
332892
333018
333092
342824
342909
342981
343074
343604
343789
343853
343856
343866
343867
343915
343917
343929
344102
344126
344133
344219
344297
344300
344304
344328
344370
344389
344406
344419
344425
344563
344637
344638
344675
344676
344714
344720
344721
344760
344762
344764
344812
344821
344859
344861
344862
344908
344915
345314
345435
345765
345821
345822
345911
345982
347154
355214
356373
356431
356658
356663
356717
356729
356786
356789
356799
356858
356917
356918
356921
356974
356979
357021
357077
357092
357118
357257
357315
357337
357338
357342
357434
357457
357495
357527
357528
357566
357567
357604
357627
357628
357708
357733
357770
357805
357810
357811
357813
357862
357900
357903
357947
357949
357950
358004
358005
358059
358060
358117
358455
358844
358920
359079
359152
359306
360591
367774
368985
369586
369594
369672
369677
369732
369740
369744
369890
369938
369948
369949
369954
370003
370062
370117
370122
370130
370175
370179
370311
370349
370352
370383
370390
370412
370415
370442
370570
370604
370644
370682
370684
370687
370688
370691
370732
370765
370768
370845
370964
371000
371005
371010
371031
371051
371053
371054
371107
371109
371113
371123
371163
371221
371225
371348
371349
371403
371631
371704
371835
372444
381415
381964
382027
382587
382657
382665
382736
382802
382808
382811
382817
382838
382879
382885
382889
382961
382963
383021
383031
383094
383101
383153
383157
383163
383179
383214
383334
383376
383377
383421
383423
383705
383706
383755
383790
383791
383797
383831
383832
383833
383834
383876
383878
383885
383922
383925
383928
383929
383969
383973
383974
384043
384051
384086
384088
384091
384127
384169
384220
384221
384222
384267
384274
384304
384312
384317
384318
384326
384371
384377
384433
384437
384501
384618
385247
385816
392732
394113
394309
394862
395074
395076
395561
395644
395721
395788
395792
395874
396005
396022
396071
396072
396140
396141
396146
396200
396204
396359
396413
396583
396702
396744
396746
396768
396773
396793
396801
396836
396838
396881
396924
396928
396930
396971
396973
396976
397013
397018
397019
397062
397064
397066
397070
397072
397108
397111
397113
397116
397165
397166
397173
397226
397228
397234
397275
397280
397284
397329
397383
397387
397556
397611
397675
398489
398630
398651
398726
398807
399917
406680
406787
406894
407185
408184
408190
408424
408503
408504
408585
408588
408730
408733
408798
408869
408928
408934
408999
409002
409073
409121
409123
409174
409233
409291
409379
409464
409653
409674
409678
409706
409731
409733
409768
409770
409773
409821
409826
409866
409968
410021
410023
410024
410033
410077
410078
410081
410082
410090
410137
410140
410186
410192
410195
410199
410201
410203
410250
410251
410265
410312
410313
410319
410443
410448
410554
411165
411246
411296
411309
411311
411398
411516
411612
411777
411998
412133
419344
419918
420014
420320
421113
421283
421359
421360
421431
421432
421433
421434
421586
421644
421653
421708
421789
421861
421863
421923
421987
421995
422222
422317
422561
422602
422619
422633
422640
422659
422660
422662
422666
422671
422692
422695
422732
422734
422776
422777
422778
422779
422782
422823
422828
422867
422870
422875
422876
422922
422923
422924
422925
422926
422976
422982
423036
423037
423104
423155
423156
423157
423220
423282
423283
423285
423287
423348
423356
423418
423479
423480
423610
423737
424312
424594
424695
431889
432427
432428
432531
433035
433313
433493
433654
434066
434240
434302
434309
434312
434399
434400
434403
434406
434478
434491
434562
434776
434855
434913
434922
434925
434986
434997
435060
435067
435247
435314
435463
435506
435608
435617
435645
435705
435766
435790
435799
435802
435818
435825
435859
435861
435896
435899
435902
435935
435939
435976
436010
436015
436017
436021
436063
436067
436108
436113
436114
436115
436116
436118
436119
436120
436162
436167
436168
436171
436172
436174
436228
436232
436233
436235
436287
436294
436421
436423
436560
436566
436628
436687
436690
436821
436824
436893
437172
437475
437700
437999
438334
439156
439247
445042
445146
445353
445564
445663
445978
446284
446469
446638
446728
446819
446982
447246
447408
447410
447414
447486
447494
447497
447657
447671
447672
447675
447737
447739
447740
447747
447773
447816
447895
447905
447908
447910
447967
447982
448038
448056
448186
448191
448532
448575
448626
448635
448672
448749
448797
448935
448996
449002
449022
449023
449032
449056
449089
449090
449092
449094
449101
449127
449130
449131
449163
449165
449169
449199
449200
449201
449202
449231
449233
449237
449238
449244
449267
449269
449271
449272
449273
449312
449316
449318
449319
449365
449369
449370
449371
449372
449376
449421
449424
449490
449491
449497
449555
449622
449749
449815
449817
449832
449885
449945
450015
450071
450148
450429
450513
450735
450800
450950
451020
451154
451236
452965
459104
459706
459804
459892
459993
460406
460409
460497
460502
460503
460586
460748
460749
460759
460765
460834
460851
460918
460999
461000
461022
461092
461101
461165
461178
461242
461243
461249
461266
461298
461390
461656
461707
461758
461803
461846
461902
461908
461947
462049
462137
462170
462200
462227
462228
462261
462262
462264
462266
462267
462297
462298
462302
462331
462341
462371
462381
462416
462422
462453
462456
462463
462492
462495
462496
462541
462584
462586
462592
462634
462638
462639
462679
462688
462692
462693
462696
462748
462751
462752
462754
462755
462756
462757
462812
462814
462820
462824
462880
462881
462882
462884
462885
462947
462948
463012
463079
463136
463140
463144
463195
463200
463250
463258
463259
463317
463325
463391
463463
463525
463603
463668
463796
463804
463881
464057
464122
464194
464605
465725
465798
466149
471171
471272
472977
473061
473225
473229
473305
473307
473310
473392
473483
473569
473578
473661
473665
473667
473668
473734
473735
473737
473741
473751
473826
473828
473833
473917
473923
474005
474008
474075
474079
474097
474154
474231
474369
474443
474637
474709
474758
474761
474765
474767
474823
474871
474873
474963
474964
474971
474972
474975
475127
475130
475144
475321
475324
475325
475328
475363
475364
475450
475451
475453
475494
475498
475501
475502
475534
475539
475577
475580
475581
475624
475626
475627
475632
475674
475718
475753
475761
475768
475823
475824
475884
475885
475886
475887
475891
475892
475945
475948
475956
476009
476010
476014
476016
476076
476077
476079
476083
476086
476141
476207
476329
476391
476452
476456
476721
476802
476871
476934
477080
477141
477145
477211
477285
477349
477352
477422
477430
477619
477623
477691
477717
477791
477880
478145
478146
478413
478511
478682
478701
478950
479040
479128
479220
479394
479675
484211
484311
484700
485218
485220
486188
486264
486265
486286
486352
486777
486778
486783
486850
486857
486867
486941
486944
486946
486956
487026
487028
487033
487134
487342
487356
487362
487511
487592
487772
487825
487828
487835
487881
487882
487897
487943
487944
487996
488006
488048
488053
488056
488107
488112
488124
488254
488276
488304
488378
488379
488446
488544
488564
488596
488598
488600
488636
488644
488647
488648
488686
488687
488690
488693
488695
488739
488740
488741
488744
488784
488786
488787
488788
488821
488826
488827
488828
488830
488876
488879
488880
488924
488930
488931
488974
488979
488981
488982
489028
489029
489034
489037
489087
489088
489089
489132
489144
489210
489266
489267
489271
489322
489327
489331
489353
489396
489398
489400
489402
489421
489451
489467
489489
489546
490085
490160
490161
490238
490239
490389
490451
490524
490583
490601
490672
490769
490772
490852
490854
491024
491046
491124
491139
491206
491227
491230
491301
491304
491320
491806
496685
497334
498097
498199
498296
499087
499183
499531
499963
500041
500056
500131
500146
500214
500222
500230
500295
500321
500382
500396
500477
500549
500700
500789
500922
501101
501163
501175
501176
501222
501286
501292
501340
501451
501500
501579
501623
501692
501762
501866
501883
501905
501914
501939
501942
501947
501979
501980
501982
501987
502024
502025
502031
502034
502065
502069
502070
502071
502073
502080
502082
502116
502122
502124
502127
502128
502174
502177
502180
502219
502221
502222
502227
502228
502231
502234
502279
502280
502282
502289
502333
502334
502335
502388
502389
502433
502438
502439
502440
502441
502500
502502
502503
502556
502561
502626
502630
502634
502694
502695
502696
502753
502759
502768
502810
502841
502887
502888
502955
502972
503023
503099
503113
503318
503401
503477
503479
503560
503627
503788
503860
503947
504005
504013
504032
504123
504183
504273
504283
504364
504391
504396
504458
504462
504464
504481
504484
504548
504561
504564
504570
504571
504635
504636
504645
504657
504663
504733
504804
505169
505329
505502
510131
510661
511486
511580
512366
512714
512804
512887
512892
513252
513254
513255
513421
513438
513443
513503
513505
513506
513508
513509
513668
513680
513744
513752
513846
513850
514072
514140
514335
514338
514396
514451
514458
514509
514510
514568
514575
514580
514630
514744
514796
514868
514874
514887
514980
515065
515079
515136
515137
515138
515145
515168
515174
515200
515202
515203
515204
515207
515212
515216
515238
515241
515247
515256
515277
515278
515281
515282
515283
515284
515285
515287
515290
515298
515317
515322
515323
515326
515327
515328
515329
515330
515361
515369
515371
515373
515374
515375
515379
515412
515423
515424
515470
515473
515523
515574
515578
515582
515593
515631
515632
515633
515634
515641
515691
515692
515693
515695
515751
515752
515761
515807
515811
515814
515874
515940
515941
515994
516018
516061
516065
516069
516077
516136
516143
516151
516198
516211
516212
516275
516350
516428
516491
516492
516638
516717
516792
516873
516954
517160
517243
517265
517329
517331
517419
517420
517421
517443
517512
517534
517618
517697
517701
517711
517712
517717
517783
517785
517805
517872
517875
517880
517882
517883
517885
517888
517890
517900
517960
517962
517967
518054
518057
518060
518068
518138
518140
518143
518649
518906
518927
519010
519014
519350
523379
523901
523985
524528
524928
525026
525425
525615
525707
525797
525886
525976
526070
526337
526521
526609
526784
526790
526794
526867
526869
526873
526884
527054
527133
527134
527136
527141
527233
527359
527523
527586
527643
527775
527841
527890
527907
527952
528011
528012
528065
528124
528126
528135
528178
528214
528218
528257
528515
528540
528544
528545
528579
528581
528583
528584
528585
528622
528626
528662
528663
528664
528665
528667
528668
528669
528678
528705
528706
528709
528710
528711
528715
528749
528750
528751
528752
528753
528754
528755
528756
528761
528791
528794
528797
528798
528799
528801
528802
528805
528806
528837
528842
528843
528844
528845
528846
528848
528851
528852
528855
528856
528900
528902
528904
528905
528949
528954
528955
529005
529008
529059
529062
529063
529114
529120
529122
529123
529176
529182
529190
529223
529241
529244
529246
529291
529309
529311
529363
529449
529499
529506
529518
529528
529594
529646
529669
529721
529731
529802
529866
529939
529946
530012
530014
530020
530091
530325
530331
530410
530577
530633
530656
530713
530733
530811
530900
530971
530991
530995
531078
531079
531081
531083
531084
531155
531160
531171
531178
531244
531245
531246
531247
531248
531258
531320
531327
531336
531353
531409
531411
531413
531416
531417
531491
531492
531496
531497
531498
531499
531500
531501
531503
531584
531587
531670
531673
531675
531853
531928
531997
532088
532260
532356
538129
538227
538432
538634
538738
538939
539263
539421
539433
539597
539690
539770
539861
539880
540112
540131
540132
540218
540227
540386
540393
540406
540471
540571
540651
540656
540718
540870
541041
541045
541108
541176
541305
541310
541313
541314
541325
541376
541434
541436
541496
541552
541604
541609
541716
541764
541765
541813
541822
541877
541887
542070
542101
542103
542104
542110
542142
542144
542147
542148
542149
542161
542166
542187
542189
542191
542192
542194
542195
542233
542236
542237
542238
542242
542284
542285
542325
542326
542330
542333
542335
542337
542342
542370
542371
542376
542379
542380
542383
542389
542417
542420
542422
542424
542425
542426
542430
542432
542433
542448
542477
542478
542479
542481
542482
542486
542487
542489
542530
542531
542537
542538
542539
542579
542582
542592
542593
542650
542651
542707
542750
542753
542764
542876
542878
542879
542883
542900
542967
543035
543036
543045
543107
543110
543178
543250
543260
543317
543325
543326
543395
543398
543401
543455
543456
543464
543466
543469
543530
543532
543538
543540
543609
543616
543617
543752
543759
543761
543835
544080
544164
544219
544241
544302
544323
544403
544409
544488
544489
544490
544491
544497
544572
544573
544662
544663
544667
544670
544733
544740
544742
544751
544752
544753
544754
544759
544830
544833
544837
544839
544907
544908
544909
544911
544912
544913
544914
544915
544916
544917
544921
544981
544984
544985
544987
544988
544990
545002
545066
545068
545069
545071
545087
545147
545150
545151
545152
545153
545233
545239
545245
545248
545326
545327
545328
545329
545334
545562
545652
545828
545906
546082
546179
546615
550571
551100
551348
552515
552830
552909
553073
553438
553445
553609
553703
553870
553873
553875
554049
554109
554213
554231
554286
554290
554294
554349
554356
554363
554372
554453
554465
554504
554514
554596
554653
554740
554744
554816
554944
554957
555007
555051
555171
555211
555214
555277
555313
555314
555336
555397
555446
555496
555665
555668
555703
555705
555706
555708
555711
555741
555746
555747
555748
555749
555750
555751
555753
555754
555755
555757
555765
555790
555794
555796
555797
555800
555801
555802
555805
555807
555810
555841
555843
555846
555847
555849
555851
555853
555858
555891
555900
555903
555906
555940
555942
555946
555948
555950
555955
555956
555958
555959
556003
556005
556007
556008
556009
556010
556011
556012
556015
556017
556054
556055
556056
556062
556064
556067
556068
556073
556113
556114
556121
556122
556123
556168
556169
556171
556172
556175
556179
556182
556183
556231
556232
556236
556243
556245
556247
556248
556300
556301
556309
556311
556312
556351
556354
556362
556363
556407
556417
556419
556544
556591
556595
556608
556611
556668
556738
556754
556756
556757
556816
556829
556895
556901
556973
556976
557051
557121
557188
557194
557197
557262
557267
557341
557343
557484
557489
557567
557645
557714
557730
557809
557889
557893
557952
557954
557969
557970
557972
557973
558045
558046
558054
558058
558068
558149
558152
558216
558227
558228
558229
558230
558233
558234
558239
558302
558306
558307
558308
558309
558312
558313
558314
558315
558316
558317
558327
558387
558389
558395
558401
558402
558408
558467
558471
558487
558538
558539
558545
558546
558558
558621
558622
558623
558628
558629
558644
558702
558704
558705
558707
558709
558711
558713
558723
558780
558784
558786
558787
558789
558790
558791
558799
558803
558871
558873
558878
558882
558884
558892
558950
558951
558953
558979
559079
559138
559464
559655
559739
559826
559914
560192
560476
560572
563976
564085
564562
564641
565326
565420
565815
565915
566009
566213
566302
566392
566652
566827
566978
567042
567047
567049
567131
567293
567300
567303
567304
567389
567488
567576
567821
567899
567903
567910
567976
568139
568223
568273
568293
568349
568355
568429
568479
568480
568482
568540
568543
568588
568685
568797
568805
568839
568864
568992
569008
569030
569129
569140
569160
569173
569184
569226
569228
569230
569234
569236
569250
569269
569271
569273
569274
569279
569282
569312
569318
569326
569327
569353
569360
569362
569402
569403
569407
569409
569411
569412
569417
569450
569453
569457
569464
569465
569506
569507
569508
569511
569512
569513
569518
569520
569560
569565
569567
569573
569574
569576
569579
569580
569625
569628
569629
569631
569635
569637
569642
569643
569682
569685
569687
569689
569693
569694
569740
569743
569747
569748
569749
569752
569756
569762
569801
569804
569808
569810
569816
569820
569865
569875
569893
569894
569924
569932
569937
569943
569948
569992
569993
570002
570006
570008
570013
570058
570059
570061
570068
570073
570074
570127
570130
570132
570140
570141
570142
570196
570199
570204
570205
570208
570210
570211
570212
570214
570266
570272
570273
570276
570278
570281
570287
570290
570346
570347
570349
570352
570358
570360
570415
570419
570420
570425
570486
570487
570488
570493
570494
570496
570555
570558
570563
570566
570624
570625
570629
570630
570695
570696
570697
570760
570764
570824
570829
570889
570895
570961
570968
571041
571043
571120
571126
571194
571198
571204
571206
571276
571279
571281
571349
571356
571359
571361
571366
571430
571431
571437
571440
571442
571443
571444
571448
571510
571514
571515
571518
571519
571521
571522
571523
571596
571602
571604
571605
571681
571683
571684
571685
571686
571689
571692
571699
571702
571761
571762
571765
571767
571769
571771
571772
571774
571776
571777
571847
571851
571853
571858
571859
571869
571871
571876
571930
571931
571935
571936
571940
572010
572011
572014
572021
572088
572090
572091
572096
572098
572165
572169
572170
572172
572173
572175
572242
572248
572250
572254
572256
572257
572266
572341
572349
572356
572419
572437
572439
572444
572522
572606
572612
572695
572845
573286
573289
573373
573550
573552
577016
577352
577685
578042
578820
578919
579012
579294
580112
580538
580544
580629
580704
580790
580791
581072
581377
581378
581385
581449
581450
581478
581526
581527
581529
581531
581541
581593
581605
581606
581680
581825
581826
581880
581888
582008
582176
582280
582317
582328
582448
582489
582555
582617
582654
582657
582664
582672
582673
582705
582708
582737
582740
582741
582747
582771
582773
582778
582809
582810
582812
582845
582857
582883
582889
582890
582894
582897
582931
582935
582938
582939
582940
582941
582942
582989
582991
582994
582997
582998
582999
583000
583001
583005
583050
583051
583053
583057
583058
583063
583065
583067
583106
583110
583115
583116
583118
583125
583131
583173
583175
583176
583177
583178
583183
583184
583185
583192
583233
583236
583237
583245
583246
583247
583250
583295
583299
583303
583306
583309
583311
583316
583359
583361
583364
583365
583368
583369
583370
583375
583378
583429
583430
583434
583435
583436
583442
583443
583486
583493
583495
583496
583502
583504
583505
583506
583561
583562
583565
583567
583568
583571
583575
583627
583629
583630
583637
583638
583641
583643
583644
583694
583702
583703
583705
583707
583708
583710
583714
583779
583780
583783
583788
583840
583842
583847
583851
583852
583853
583857
583910
583911
583917
583924
583928
583929
583985
583988
583996
583999
584001
584002
584061
584067
584069
584075
584076
584148
584149
584151
584152
584223
584229
584231
584232
584234
584241
584307
584309
584311
584313
584379
584387
584388
584389
584390
584398
584541
584543
584548
584623
584624
584628
584630
584697
584700
584702
584706
584708
584709
584710
584714
584779
584781
584782
584784
584785
584786
584787
584788
584789
584790
584792
584864
584865
584869
584870
584871
584873
584934
584937
584947
584955
584956
584959
585015
585017
585022
585025
585026
585035
585097
585098
585102
585104
585118
585119
585178
585182
585183
585184
585194
585195
585198
585203
585213
585270
585271
585277
585278
585279
585280
585281
585282
585284
585287
585357
585358
585360
585362
585364
585365
585366
585367
585368
585370
585381
585445
585446
585447
585454
585457
585458
585461
585522
585526
585529
585536
585541
585601
585602
585603
585605
585607
585687
585688
585689
585700
585765
585774
585952
585960
586046
586122
586133
586219
586388
586461
586561
586657
586748
586827
586995
587091
587179
590649
590760
590870
591275
591702
591968
592057
592340
592543
592638
592735
592820
592907
593281
593534
593624
593719
593720
593809
593810
593903
593906
593998
594083
594159
594234
594236
594809
594817
594818
594956
594966
595027
595038
595112
595118
595130
595168
595181
595182
595252
595253
595321
595506
595567
595609
595684
595728
595771
595773
595818
595824
595835
595884
595903
595942
596121
596128
596134
596135
596139
596142
596143
596150
596162
596163
596164
596167
596186
596187
596188
596190
596191
596195
596197
596225
596226
596227
596231
596233
596235
596269
596272
596273
596282
596287
596312
596314
596320
596321
596326
596328
596332
596362
596365
596367
596369
596378
596409
596410
596414
596424
596447
596449
596450
596487
596490
596536
596537
596543
596544
596588
596589
596593
596594
596595
596601
596602
596604
596649
596652
596655
596657
596658
596660
596662
596665
596669
596671
596677
596712
596716
596721
596723
596725
596726
596731
596732
596733
596775
596776
596781
596782
596783
596790
596793
596807
596837
596838
596844
596846
596849
596852
596853
596854
596861
596917
596918
596920
596923
596928
596974
596984
596988
596989
596992
596993
596999
597036
597041
597053
597054
597056
597058
597101
597114
597115
597117
597118
597182
597183
597184
597191
597248
597249
597253
597254
597301
597302
597309
597310
597315
597317
597318
597319
597321
597383
597389
597391
597393
597394
597398
597458
597459
597461
597468
597472
597543
597544
597545
597547
597619
597622
597624
597625
597627
597701
597703
597704
597706
597708
597785
597787
597796
597869
597871
597872
597880
597950
597952
597953
597954
597955
597959
597961
598025
598032
598033
598039
598110
598113
598114
598185
598187
598190
598191
598194
598202
598271
598274
598277
598348
598350
598352
598355
598356
598357
598359
598418
598429
598433
598434
598437
598439
598440
598441
598509
598513
598517
598518
598519
598522
598525
598527
598586
598592
598595
598596
598597
598598
598600
598601
598604
598610
598618
598670
598672
598673
598678
598680
598684
598685
598694
598755
598757
598759
598760
598766
598768
598769
598771
598843
598852
598854
598861
598863
598864
598872
598925
598927
598930
598931
598937
598938
598942
598949
599013
599015
599018
599019
599020
599024
599027
599036
599048
599106
599107
599111
599112
599114
599117
599123
599125
599187
599189
599191
599197
599262
599268
599271
599337
599347
599349
599357
599445
599533
599618
599622
599628
599709
599710
599711
599796
599800
599802
599876
599886
600045
600052
600153
600508
600583
600668
600766
600768
600769
600861
601046
601153
604180
604289
604511
605797
605892
605988
606278
606281
606371
606464
606621
606713
606802
607154
607164
607246
607247
607339
607433
607438
607615
607618
607707
607872
607958
608107
608119
608263
608415
608529
608608
608820
608950
608951
608953
609012
609029
609067
609069
609243
609244
609245
609353
609354
609438
609494
609563
609586
609606
609733
609753
609775
609785
609796
609797
609808
609833
609834
609836
609837
609840
609845
609852
609877
609878
609879
609880
609881
609883
609884
609895
609898
609901
609924
609925
609927
609929
609930
609933
609934
609940
609942
609947
609973
609974
609975
609976
609977
609979
609981
609990
609996
610023
610026
610030
610031
610032
610033
610039
610040
610041
610054
610075
610079
610084
610085
610123
610124
610125
610127
610170
610171
610178
610221
610226
610228
610277
610279
610281
610282
610284
610285
610334
610336
610337
610345
610348
610349
610350
610392
610393
610394
610395
610396
610402
610404
610407
610412
610413
610415
610457
610458
610467
610469
610470
610471
610476
610477
610526
610527
610533
610535
610537
610539
610545
610595
610600
610607
610608
610614
610666
610668
610676
610677
610678
610680
610736
610737
610741
610742
610743
610803
610804
610806
610862
610867
610868
610872
610874
610930
610932
610933
610934
610938
610997
610998
610999
611000
611001
611015
611072
611073
611074
611077
611078
611149
611150
611152
611155
611230
611231
611232
611233
611235
611308
611309
611312
611314
611316
611377
611388
611389
611390
611391
611395
611466
611470
611471
611472
611473
611475
611476
611539
611547
611550
611553
611555
611556
611557
611561
611562
611631
611635
611637
611638
611639
611641
611642
611643
611715
611717
611718
611720
611721
611723
611791
611792
611793
611794
611795
611797
611870
611871
611872
611874
611876
611880
611945
611948
611949
611950
612019
612021
612023
612027
612029
612031
612034
612036
612038
612105
612109
612117
612118
612119
612185
612187
612189
612190
612194
612196
612198
612202
612264
612265
612267
612270
612271
612274
612275
612281
612353
612357
612364
612366
612434
612437
612438
612439
612450
612515
612517
612521
612522
612523
612524
612525
612528
612529
612536
612537
612539
612601
612608
612610
612611
612612
612613
612619
612623
612625
612691
612692
612693
612694
612696
612697
612698
612701
612704
612705
612710
612712
612720
612778
612779
612780
612783
612784
612792
612793
612853
612856
612861
612867
612941
613016
613023
613111
613119
613120
613200
613208
613279
613552
613562
613646
613719
613735
613801
613818
613819
613902
613906
613970
613983
613984
614154
614323
614411
614607
614804
617516
617629
617836
617945
618491
619099
619293
619480
619581
619677
619773
619876
619965
620045
620134
620223
620226
620229
620320
620330
620403
620408
620412
620433
620440
620501
620694
620695
620706
620780
620870
620961
620963
621050
621051
621147
621231
621233
621238
621246
621328
621580
621669
621829
622172
622231
622290
622425
622432
622571
622754
622840
622913
622955
623154
623155
623192
623260
623271
623333
623334
623335
623345
623346
623356
623358
623364
623367
623377
623384
623389
623406
623408
623410
623411
623412
623413
623418
623419
623422
623423
623443
623447
623448
623450
623457
623458
623459
623468
623487
623488
623491
623492
623493
623494
623496
623500
623506
623511
623539
623540
623541
623543
623544
623545
623546
623547
623548
623549
623557
623563
623564
623589
623590
623591
623593
623597
623598
623600
623601
623615
623639
623644
623646
623649
623650
623654
623655
623695
623699
623701
623704
623707
623709
623718
623727
623753
623759
623761
623764
623767
623771
623772
623817
623818
623820
623821
623825
623833
623872
623874
623875
623876
623926
623929
623932
623933
623936
623939
623989
623993
623998
623999
624001
624009
624053
624057
624065
624066
624068
624114
624116
624121
624122
624128
624130
624136
624180
624181
624187
624189
624192
624194
624248
624255
624257
624300
624301
624314
624316
624319
624320
624367
624372
624377
624379
624381
624382
624383
624385
624387
624442
624443
624444
624446
624447
624450
624500
624506
624507
624508
624509
624510
624511
624514
624528
624574
624575
624582
624583
624584
624585
624586
624591
624647
624648
624654
624658
624660
624661
624677
624729
624732
624735
624737
624801
624806
624809
624812
624813
624814
624884
624885
624886
624887
624888
624889
624891
624894
624962
624963
624965
624966
624967
624970
624975
625031
625033
625035
625040
625044
625045
625048
625049
625050
625053
625122
625130
625131
625132
625133
625134
625135
625136
625143
625197
625200
625207
625212
625213
625214
625216
625217
625220
625221
625287
625288
625290
625294
625295
625299
625300
625302
625304
625309
625376
625377
625379
625381
625384
625385
625386
625388
625390
625392
625449
625456
625461
625466
625467
625468
625469
625475
625534
625535
625537
625539
625543
625544
625549
625550
625613
625617
625618
625621
625622
625623
625624
625625
625629
625630
625632
625633
625698
625699
625701
625702
625704
625705
625706
625709
625710
625712
625777
625779
625780
625782
625785
625793
625794
625865
625867
625868
625873
625874
625876
625940
625941
625943
625945
625946
625947
625948
625949
625952
625955
626019
626021
626027
626029
626030
626032
626040
626041
626046
626106
626111
626117
626118
626126
626127
626128
626194
626196
626197
626208
626209
626211
626212
626222
626278
626281
626282
626284
626294
626296
626297
626298
626304
626359
626360
626362
626365
626366
626367
626368
626369
626370
626376
626381
626382
626387
626442
626444
626447
626448
626452
626453
626467
626524
626526
626527
626538
626545
626600
626608
626609
626764
626781
626786
626787
626847
626850
626869
626870
626942
626956
626959
627038
627042
627052
627134
627140
627227
627317
627379
627381
627393
627465
627478
627480
627482
627627
627640
627720
627725
627731
627800
627804
627806
627807
627808
627890
627894
628156
628246
628344
630724
630833
631369
631572
631681
631768
632109
632534
632722
632815
632818
632904
632907
633001
633002
633106
633199
633302
633394
633395
633483
633484
633563
633573
633661
633757
633763
633846
633943
633949
634033
634037
634127
634130
634221
634230
634314
634315
634397
634419
634473
634481
634555
634556
634557
634648
634726
634812
634900
634911
634986
635075
635077
635152
635237
635323
635407
635486
635576
635790
635972
636042
636160
636163
636209
636210
636223
636337
636407
636457
636465
636481
636512
636571
636605
636625
636666
636713
636802
636887
637000
637005
637006
637008
637010
637014
637019
637027
637029
637036
637037
637047
637048
637049
637050
637053
637077
637080
637081
637082
637087
637091
637093
637097
637114
637115
637128
637131
637134
637140
637141
637159
637162
637163
637165
637167
637172
637175
637176
637178
637205
637211
637212
637213
637214
637216
637217
637229
637259
637260
637262
637263
637265
637268
637277
637278
637311
637314
637316
637317
637318
637320
637321
637326
637332
637370
637375
637377
637378
637379
637381
637386
637389
637433
637435
637436
637437
637441
637442
637495
637497
637500
637556
637560
637613
637615
637621
637622
637624
637669
637674
637677
637678
637686
637688
637703
637730
637734
637736
637739
637741
637752
637790
637792
637798
637801
637802
637805
637809
637849
637860
637862
637864
637866
637872
637923
637925
637926
637927
637929
637931
637983
637984
637985
637986
637989
637990
637991
637995
638042
638050
638051
638052
638054
638056
638057
638063
638115
638117
638118
638120
638121
638124
638125
638126
638184
638186
638187
638188
638189
638194
638199
638254
638255
638256
638258
638259
638260
638261
638263
638265
638327
638328
638329
638330
638331
638332
638333
638334
638337
638398
638400
638401
638404
638405
638406
638407
638424
638425
638476
638478
638480
638482
638483
638484
638488
638489
638491
638548
638551
638555
638556
638560
638561
638562
638563
638564
638566
638567
638633
638634
638637
638638
638639
638640
638642
638643
638646
638717
638719
638720
638721
638722
638723
638725
638726
638730
638793
638797
638799
638801
638802
638803
638804
638806
638809
638810
638876
638879
638880
638882
638883
638884
638886
638887
638888
638889
638891
638893
638894
638960
638963
638968
638970
638971
638972
638973
638974
638978
638979
638980
639046
639048
639050
639052
639054
639055
639056
639060
639061
639062
639124
639129
639130
639133
639134
639137
639138
639139
639140
639141
639142
639146
639208
639215
639216
639217
639218
639219
639222
639224
639226
639227
639228
639289
639294
639295
639297
639298
639299
639300
639303
639306
639308
639366
639368
639372
639373
639375
639377
639378
639380
639383
639446
639447
639450
639452
639453
639454
639458
639459
639460
639461
639469
639525
639527
639531
639532
639536
639540
639541
639542
639544
639547
639552
639556
639608
639612
639613
639614
639617
639620
639627
639628
639631
639688
639693
639694
639695
639697
639702
639705
639706
639713
639718
639772
639773
639778
639779
639792
639793
639796
639850
639852
639853
639854
639855
639857
639859
639860
639869
639872
639873
639932
639935
639940
639941
639942
639943
639946
639954
639956
640018
640021
640023
640024
640025
640026
640027
640029
640030
640038
640043
640100
640104
640105
640112
640119
640120
640123
640185
640186
640189
640197
640254
640262
640265
640267
640271
640340
640342
640344
640426
640427
640429
640434
640490
640492
640507
640508
640515
640592
640595
640681
640682
640763
640765
640852
640855
640860
640919
640938
641008
641011
641096
641099
641119
641185
641363
641383
641471
641559
641563
641565
641566
641567
641573
641655
641656
641659
641756
641759
641857
641858
642063
645074
645259
645554
645664
645775
645776
645889
645998
646001
646097
646102
646195
646289
646379
646471
646561
646661
646663
646757
646758
646861
646953
646964
647043
647133
647249
647309
647688
647789
647949
648022
648034
648108
648182
648189
648266
648348
648419
648508
648592
648671
648677
648753
648830
648906
649061
649141
649226
649290
649575
649590
649657
650033
650049
650100
650138
650152
650159
650203
650229
650252
650258
650300
650348
650427
650433
650440
650482
650557
650574
650641
650646
650648
650651
650654
650655
650659
650663
650667
650678
650681
650683
650699
650704
650709
650710
650738
650739
650743
650745
650758
650779
650780
650782
650783
650785
650825
650826
650828
650830
650832
650838
650839
650845
650846
650853
650879
650880
650882
650883
650884
650885
650886
650888
650889
650895
650897
650909
650935
650937
650938
650939
650944
650945
650951
650988
650989
650992
650994
650995
650996
650997
650998
651002
651003
651006
651007
651009
651026
651049
651050
651053
651054
651055
651056
651057
651058
651063
651067
651074
651081
651118
651120
651123
651127
651133
651134
651181
651183
651184
651235
651238
651240
651244
651246
651247
651251
651253
651297
651298
651299
651302
651303
651307
651308
651319
651352
651353
651357
651358
651361
651363
651365
651366
651416
651418
651420
651421
651423
651424
651425
651430
651475
651486
651488
651496
651541
651542
651550
651551
651557
651558
651559
651565
651609
651610
651617
651618
651620
651622
651623
651625
651629
651676
651680
651681
651682
651683
651684
651685
651686
651688
651690
651732
651739
651740
651741
651742
651743
651744
651745
651747
651748
651753
651801
651802
651803
651804
651805
651807
651811
651812
651866
651867
651868
651870
651872
651873
651874
651875
651876
651932
651935
651936
651939
651940
651941
651942
651943
651944
651945
651946
652000
652007
652010
652012
652013
652014
652015
652016
652017
652019
652077
652079
652082
652083
652086
652087
652089
652090
652091
652094
652099
652156
652158
652159
652160
652161
652162
652163
652164
652165
652167
652171
652172
652235
652237
652238
652239
652240
652241
652242
652243
652244
652248
652249
652311
652315
652316
652317
652318
652319
652320
652321
652322
652323
652325
652326
652391
652396
652397
652398
652400
652402
652403
652407
652408
652409
652417
652468
652474
652476
652477
652478
652480
652483
652485
652487
652488
652492
652553
652555
652556
652559
652562
652564
652565
652566
652567
652568
652570
652627
652628
652634
652637
652640
652642
652646
652647
652648
652650
652651
652655
652714
652715
652718
652720
652727
652728
652729
652730
652733
652734
652737
652793
652798
652802
652806
652809
652810
652813
652818
652873
652874
652876
652880
652884
652886
652888
652892
652961
652964
652965
652966
652967
652968
652971
652972
653031
653032
653040
653042
653046
653048
653050
653054
653114
653117
653118
653125
653126
653127
653128
653131
653190
653192
653193
653204
653205
653216
653265
653272
653273
653275
653280
653284
653286
653287
653288
653354
653357
653358
653359
653360
653368
653369
653370
653371
653372
653373
653433
653434
653435
653436
653446
653450
653451
653460
653507
653512
653513
653514
653516
653517
653518
653523
653529
653530
653536
653589
653593
653594
653595
653596
653597
653598
653599
653608
653610
653611
653612
653671
653675
653676
653677
653679
653680
653682
653691
653695
653696
653700
653751
653753
653758
653770
653776
653830
653842
653843
653900
653916
653919
653925
653998
654002
654063
654065
654076
654078
654141
654159
654161
654162
654224
654239
654240
654242
654321
654405
654411
654470
654477
654483
654554
654563
654572
654643
654733
654743
654755
654846
654939
654941
654942
654943
654947
655037
655041
655044
655046
655137
655140
655144
655238
655240
655331
655334
655337
655430
655432
655535
655539
655542
655637
655639
655640
655748
655946
658009
658109
658207
658304
658488
658574
658674
658675
658776
658778
658779
658882
658888
658979
658986
659081
659083
659189
659191
659192
659298
659299
659407
659409
659507
659509
659609
659612
659712
659713
659804
659895
659982
660078
660171
660173
660265
660364
660466
660634
660717
660804
660987
661075
661076
661418
661498
661589
661679
662017
662100
662184
662185
662268
662425
662492
662502
662568
662579
662713
662722
662789
662868
662869
662870
662884
662933
662935
662949
662997
663001
663074
663136
663188
663253
663590
663715
663716
663745
663760
663765
663816
663830
663871
663874
663876
663910
664147
664150
664154
664155
664156
664176
664184
664186
664187
664189
664190
664194
664210
664211
664217
664220
664224
664228
664243
664247
664248
664257
664283
664285
664286
664289
664291
664293
664298
664303
664305
664307
664326
664329
664330
664333
664334
664335
664336
664339
664342
664345
664346
664353
664376
664378
664381
664383
664384
664385
664386
664388
664391
664392
664399
664402
664403
664430
664433
664434
664437
664440
664442
664443
664444
664446
664452
664453
664462
664487
664490
664492
664493
664495
664496
664497
664498
664500
664501
664503
664504
664505
664506
664513
664516
664525
664526
664551
664553
664555
664557
664559
664560
664561
664562
664563
664566
664568
664569
664570
664572
664587
664612
664618
664619
664620
664621
664622
664623
664624
664625
664626
664629
664631
664634
664635
664639
664647
664682
664685
664686
664687
664688
664689
664693
664695
664697
664698
664701
664710
664748
664749
664750
664751
664752
664753
664758
664759
664761
664762
664765
664809
664810
664811
664813
664814
664817
664827
664832
664866
664873
664880
664882
664884
664892
664937
664944
664945
664946
664948
664949
664950
665004
665005
665011
665013
665014
665067
665073
665074
665075
665078
665079
665082
665131
665132
665133
665142
665143
665145
665148
665150
665155
665157
665197
665200
665202
665207
665208
665210
665214
665216
665217
665257
665261
665262
665266
665268
665271
665273
665275
665276
665277
665280
665316
665318
665320
665321
665322
665323
665324
665325
665329
665330
665331
665333
665336
665380
665385
665386
665387
665388
665390
665392
665397
665449
665451
665453
665455
665456
665458
665459
665462
665465
665526
665527
665528
665532
665534
665535
665538
665539
665590
665596
665600
665602
665603
665604
665609
665610
665611
665612
665669
665681
665682
665683
665688
665689
665691
665692
665697
665760
665762
665764
665765
665766
665771
665772
665773
665774
665839
665841
665842
665845
665846
665852
665853
665855
665914
665916
665917
665919
665925
665926
665927
665936
665988
665989
665991
665993
665994
665996
665997
666003
666008
666009
666034
666063
666065
666069
666070
666079
666080
666086
666131
666137
666154
666155
666208
666210
666212
666213
666216
666218
666219
666226
666229
666232
666234
666288
666295
666296
666299
666300
666304
666305
666306
666315
666371
666378
666381
666382
666383
666386
666388
666436
666443
666445
666452
666453
666454
666456
666462
666518
666519
666525
666526
666527
666589
666592
666593
666595
666597
666598
666599
666601
666606
666613
666655
666663
666664
666668
666674
666675
666676
666682
666734
666736
666740
666742
666752
666754
666755
666757
666758
666812
666818
666820
666821
666822
666823
666824
666826
666827
666835
666837
666839
666846
666893
666901
666902
666903
666917
666918
666975
666976
666980
666983
666984
666985
666993
666994
666995
667057
667059
667060
667061
667062
667063
667074
667075
667076
667079
667136
667138
667140
667141
667142
667143
667146
667157
667158
667161
667217
667219
667220
667222
667223
667224
667225
667226
667228
667238
667239
667241
667248
667296
667297
667304
667305
667313
667322
667379
667384
667385
667397
667462
667463
667517
667518
667533
667534
667537
667540
667592
667595
667669
667690
667693
667769
667773
667774
667849
667855
667942
668034
668113
668118
668208
668505
668600
668601
668602
668604
668691
668698
668701
668898
669002
669004
669008
669107
669314
669413
669507
669607
671039
671259
671468
671797
671902
671904
672006
672009
672010
672110
672112
672113
672212
672214
672317
672324
672419
672429
672518
672522
672618
672619
672719
672721
672825
672830
672922
672923
672925
673017
673021
673117
673119
673219
673225
673312
673313
673402
673403
673495
673585
673673
673778
673871
673886
673970
674066
674137
674212
674215
674293
674379
674401
674463
674547
674553
674722
674891
674993
675063
675074
675151
675243
675481
675647
675725
675798
675954
676199
676267
676269
676277
676355
676414
676477
676617
676618
676743
676815
676932
676995
677075
677110
677111
677166
677172
677175
677178
677234
677247
677312
677348
677384
677421
677443
677453
677682
677683
677695
677696
677708
677710
677713
677714
677715
677716
677718
677721
677736
677738
677741
677743
677744
677745
677758
677767
677773
677776
677779
677782
677783
677788
677791
677794
677809
677814
677817
677820
677825
677829
677830
677852
677853
677854
677859
677860
677867
677871
677873
677878
677896
677898
677901
677902
677904
677909
677910
677915
677917
677946
677947
677949
677953
677957
677958
677959
677961
677962
677971
677972
677976
678005
678006
678011
678012
678013
678014
678020
678026
678028
678033
678042
678060
678061
678063
678064
678065
678066
678067
678071
678072
678074
678076
678077
678079
678120
678121
678122
678123
678124
678125
678126
678130
678133
678142
678155
678181
678183
678184
678185
678186
678188
678191
678193
678195
678196
678198
678201
678211
678245
678247
678248
678250
678251
678254
678258
678261
678262
678306
678309
678310
678311
678312
678317
678321
678324
678333
678364
678365
678370
678373
678374
678377
678382
678383
678401
678436
678437
678438
678439
678442
678444
678445
678446
678447
678469
678501
678504
678506
678507
678510
678511
678513
678518
678520
678521
678571
678575
678577
678578
678579
678580
678583
678587
678591
678595
678642
678646
678647
678648
678649
678657
678661
678663
678709
678713
678715
678717
678720
678721
678723
678724
678727
678728
678729
678730
678732
678734
678778
678781
678783
678785
678787
678789
678790
678793
678795
678796
678799
678800
678807
678847
678848
678849
678850
678852
678853
678854
678855
678862
678867
678869
678872
678916
678924
678927
678928
678929
678942
678990
678996
678997
678998
679001
679002
679012
679017
679066
679067
679075
679076
679077
679078
679081
679084
679088
679091
679092
679137
679140
679151
679152
679153
679154
679156
679167
679172
679215
679217
679219
679222
679224
679227
679230
679237
679238
679239
679242
679292
679293
679295
679297
679298
679301
679303
679304
679305
679313
679315
679316
679319
679320
679374
679376
679382
679391
679393
679399
679400
679409
679457
679458
679461
679463
679468
679472
679473
679474
679477
679478
679491
679536
679538
679540
679544
679546
679547
679552
679553
679554
679555
679605
679611
679617
679622
679623
679624
679630
679631
679632
679636
679648
679692
679693
679694
679695
679696
679697
679701
679703
679704
679707
679708
679709
679719
679764
679765
679774
679776
679777
679778
679788
679789
679791
679793
679842
679846
679854
679859
679861
679862
679863
679865
679867
679921
679933
679934
679938
679941
679942
679948
679955
679998
680000
680005
680007
680014
680017
680021
680022
680023
680074
680076
680079
680082
680089
680093
680094
680095
680096
680157
680161
680165
680169
680171
680178
680229
680233
680243
680300
680302
680303
680309
680314
680320
680321
680322
680323
680328
680376
680380
680384
680385
680386
680388
680389
680391
680395
680396
680398
680399
680400
680453
680455
680457
680459
680464
680466
680474
680476
680478
680483
680485
680528
680531
680534
680535
680537
680545
680546
680550
680551
680553
680554
680603
680607
680612
680613
680614
680617
680626
680627
680628
680684
680686
680687
680688
680689
680690
680691
680694
680704
680707
680716
680761
680762
680764
680766
680768
680769
680770
680771
680775
680783
680784
680786
680844
680845
680846
680849
680852
680859
680860
680917
680918
680925
680931
680996
680998
681003
681004
681068
681072
681076
681140
681142
681146
681148
681149
681198
681211
681212
681214
681217
681220
681285
681291
681296
681369
681384
681450
681453
681533
681630
681633
681727
681820
681829
682029
682113
682120
682122
682126
682222
682225
682324
682326
682328
682423
682425
682426
682427
682518
682524
682525
682621
682622
682722
684537
684643
684967
685073
685081
685184
685185
685289
685290
685396
685399
685508
685510
685619
685620
685726
685729
685829
685830
685924
685929
686025
686028
686118
686216
686314
686324
686411
686421
686508
686509
686701
686703
686795
686879
687156
687348
687433
687617
687685
687762
687765
687849
687851
687943
688030
688035
688036
688118
688207
688295
688381
688387
688472
688473
688565
688568
688652
688654
688738
688827
688828
689139
689218
689299
689466
689714
689862
689937
690072
690141
690144
690207
690210
690214
690267
690405
690420
690464
690531
690533
690598
690669
690715
690716
690764
690770
690886
690936
691225
691229
691230
691235
691237
691243
691245
691246
691247
691252
691255
691256
691257
691263
691264
691265
691266
691272
691273
691274
691278
691281
691290
691295
691298
691299
691311
691312
691326
691327
691334
691336
691337
691339
691367
691368
691370
691375
691378
691379
691382
691385
691386
691388
691405
691408
691413
691414
691415
691419
691422
691426
691429
691433
691450
691451
691453
691457
691460
691463
691472
691474
691496
691499
691500
691502
691503
691507
691510
691512
691524
691550
691553
691554
691557
691558
691561
691565
691567
691576
691578
691584
691603
691605
691608
691609
691610
691617
691620
691631
691632
691665
691667
691670
691673
691675
691676
691678
691681
691682
691684
691694
691697
691717
691721
691722
691725
691726
691730
691734
691739
691748
691753
691775
691776
691780
691781
691782
691784
691790
691792
691796
691798
691803
691806
691807
691839
691841
691844
691846
691849
691851
691853
691854
691856
691857
691859
691860
691861
691869
691870
691888
691893
691894
691895
691897
691898
691899
691904
691905
691907
691909
691913
691914
691945
691950
691951
691953
691954
691959
691960
691964
691965
691967
691971
692008
692012
692014
692018
692019
692022
692023
692026
692027
692032
692038
692078
692085
692086
692088
692089
692090
692091
692092
692093
692094
692100
692104
692105
692108
692153
692159
692160
692161
692162
692163
692164
692165
692168
692171
692174
692177
692192
692220
692229
692230
692231
692232
692233
692235
692237
692241
692243
692245
692257
692291
692292
692295
692298
692300
692302
692303
692304
692306
692308
692315
692317
692319
692322
692367
692368
692369
692373
692374
692376
692385
692386
692388
692389
692395
692433
692435
692438
692442
692443
692444
692446
692450
692458
692460
692508
692513
692515
692516
692517
692518
692519
692526
692530
692533
692537
692583
692585
692588
692591
692592
692595
692598
692602
692605
692608
692609
692660
692661
692662
692664
692666
692671
692672
692673
692675
692684
692685
692687
692688
692703
692738
692739
692744
692747
692748
692750
692751
692754
692762
692763
692767
692771
692818
692824
692825
692826
692827
692828
692839
692840
692842
692843
692852
692892
692899
692904
692911
692912
692916
692917
692919
692973
692974
692988
692989
692995
692996
693044
693047
693051
693053
693054
693061
693067
693074
693078
693119
693123
693129
693134
693136
693137
693144
693145
693200
693204
693205
693208
693209
693210
693211
693212
693213
693216
693218
693222
693223
693225
693228
693238
693285
693287
693289
693297
693299
693302
693314
693350
693352
693355
693360
693361
693364
693365
693366
693374
693376
693380
693428
693432
693437
693439
693440
693441
693444
693446
693449
693451
693453
693456
693504
693509
693511
693515
693518
693519
693520
693524
693525
693528
693532
693536
693538
693587
693590
693593
693595
693596
693598
693599
693600
693602
693608
693611
693612
693619
693666
693670
693673
693676
693679
693681
693684
693689
693690
693696
693697
693749
693752
693761
693762
693764
693767
693768
693775
693778
693821
693824
693825
693835
693837
693844
693893
693897
693898
693901
693905
693911
693915
693917
693919
693920
693923
693974
693975
693978
693979
693986
693994
694001
694054
694055
694057
694058
694060
694070
694071
694074
694075
694078
694081
694134
694137
694138
694139
694143
694144
694149
694151
694152
694153
694154
694160
694161
694209
694212
694213
694216
694217
694219
694223
694228
694230
694231
694233
694285
694288
694290
694291
694293
694294
694295
694296
694297
694308
694311
694364
694367
694368
694370
694371
694372
694378
694379
694383
694391
694392
694444
694446
694459
694460
694463
694524
694530
694531
694599
694602
694668
694669
694673
694735
694807
694809
694880
694883
694950
694963
694965
694969
695034
695049
695143
695144
695149
695150
695231
695232
695242
695244
695245
695327
695332
695335
695429
695431
695519
695617
695731
695818
695819
695828
695920
695932
696014
696016
696017
696115
696132
696212
696218
696496
697500
697823
697935
698271
698374
698375
698379
698485
698486
698494
698599
698600
698714
698824
698934
699047
699048
699163
699272
699274
699376
699381
699474
699479
699481
699562
699565
699566
699652
699659
699749
699753
699754
699848
700037
700040
700135
700226
700321
700408
700501
700592
700596
700691
700785
700875
700876
700970
700985
701064
701068
701145
701233
701234
701236
701321
701322
701506
701585
701589
701590
701591
701593
701682
701773
701774
701775
701779
701865
701866
701871
701875
702051
702058
702147
702150
702410
702412
702417
702498
702586
702676
702756
702935
703111
703340
703753
703777
703830
703831
703949
704009
704021
704062
704137
704140
704203
704205
704260
704262
704265
704266
704311
704320
704323
704334
704380
704382
704383
704441
704458
704494
704495
704546
704592
704595
704644
704696
704857
704858
704859
704861
704863
704864
704866
704868
704869
704873
704875
704882
704887
704888
704889
704893
704897
704900
704905
704906
704907
704909
704912
704919
704925
704936
704940
704941
704943
704945
704948
704958
704960
704975
704976
704977
704978
704980
704984
704985
704986
704987
704992
704997
705012
705013
705014
705015
705017
705019
705020
705031
705033
705039
705050
705051
705053
705056
705060
705061
705066
705072
705073
705076
705095
705097
705099
705104
705108
705111
705113
705115
705118
705121
705144
705146
705153
705161
705163
705164
705168
705190
705193
705196
705197
705199
705205
705209
705210
705211
705216
705234
705237
705240
705241
705245
705250
705252
705254
705256
705257
705258
705268
705270
705289
705292
705294
705295
705298
705304
705305
705306
705309
705310
705311
705312
705313
705314
705339
705343
705344
705354
705355
705361
705362
705365
705367
705368
705369
705379
705380
705397
705398
705399
705402
705408
705411
705418
705419
705420
705421
705422
705425
705429
705434
705454
705455
705459
705462
705464
705465
705469
705474
705475
705477
705478
705480
705483
705490
705510
705511
705516
705518
705519
705524
705528
705530
705532
705533
705534
705541
705545
705568
705570
705571
705573
705576
705577
705581
705584
705585
705586
705588
705589
705590
705634
705635
705638
705639
705640
705641
705642
705643
705644
705645
705650
705655
705659
705672
705702
705703
705704
705707
705708
705709
705710
705711
705714
705715
705726
705727
705729
705775
705776
705778
705781
705783
705785
705787
705789
705792
705796
705798
705807
705845
705846
705849
705850
705853
705854
705856
705858
705866
705868
705869
705877
705913
705915
705916
705918
705927
705935
705937
705938
705981
705982
705988
705989
705994
706000
706001
706002
706048
706051
706055
706056
706057
706064
706071
706073
706075
706115
706116
706117
706119
706121
706123
706124
706126
706130
706131
706140
706141
706144
706151
706193
706196
706200
706201
706204
706209
706211
706212
706217
706221
706268
706270
706271
706272
706273
706274
706275
706278
706282
706294
706297
706351
706352
706357
706361
706364
706372
706427
706430
706436
706443
706444
706493
706495
706497
706500
706501
706502
706504
706505
706506
706511
706516
706521
706535
706567
706571
706575
706576
706577
706587
706593
706595
706643
706645
706646
706647
706651
706652
706659
706662
706666
706668
706717
706718
706722
706724
706725
706726
706728
706730
706732
706741
706742
706796
706799
706804
706807
706818
706826
706865
706866
706867
706869
706871
706878
706880
706881
706886
706896
706942
706943
706949
706950
706952
706956
706962
706963
706964
706965
707016
707022
707026
707036
707037
707042
707092
707100
707101
707117
707119
707174
707176
707179
707181
707182
707188
707193
707194
707200
707252
707254
707255
707261
707262
707265
707267
707272
707273
707275
707333
707336
707339
707340
707342
707343
707346
707349
707351
707352
707353
707355
707365
707414
707416
707427
707428
707432
707433
707490
707491
707506
707510
707512
707513
707514
707570
707572
707573
707574
707576
707581
707587
707588
707590
707594
707595
707596
707597
707654
707655
707658
707660
707661
707664
707665
707667
707672
707673
707676
707681
707735
707737
707739
707741
707749
707750
707751
707752
707753
707754
707815
707819
707820
707829
707830
707831
707832
707839
707891
707894
707897
707902
707909
707911
707966
707973
707980
707981
708041
708042
708043
708049
708107
708109
708114
708174
708175
708176
708177
708180
708237
708238
708240
708243
708244
708288
708302
708303
708305
708308
708373
708377
708378
708380
708381
708383
708384
708387
708461
708464
708472
708532
708547
708548
708549
708634
708635
708636
708639
708643
708724
708727
708737
708822
708911
709004
709095
709096
709295
709389
709391
709392
709394
709396
709486
709493
709586
709587
709675
709679
709682
709876
710169
710365
710563
710764
710966
710969
711065
711279
711384
711489
711600
711602
711707
711711
711713
711818
711819
711820
711932
711934
712045
712048
712052
712156
712157
712271
712272
712388
712389
712502
712503
712619
712621
712725
712726
712826
712830
712923
712924
712928
712929
713014
713015
713018
713108
713200
713212
713296
713299
713301
713397
713399
713401
713402
713485
713486
713489
713573
713575
713577
713661
713665
713750
713834
713838
713924
713926
714016
714020
714111
714218
714316
714419
714420
714517
714623
714713
714714
714809
714903
714911
714992
714995
715001
715089
715091
715179
715183
715184
715186
715278
715462
715464
715466
715552
715553
715557
715565
715657
715829
715841
715842
715933
715934
716025
716113
716194
716198
716200
716277
716362
716448
716543
716614
716707
716774
716854
716967
716968
717267
717313
717314
717431
717489
717561
717616
717632
717684
717741
717750
717806
717808
717862
717868
717911
717966
717968
718067
718069
718115
718160
718338
718339
718340
718341
718342
718343
718344
718345
718346
718348
718351
718352
718353
718354
718356
718358
718359
718360
718371
718372
718373
718374
718375
718379
718380
718381
718382
718385
718386
718387
718402
718403
718404
718406
718408
718409
718411
718416
718417
718418
718421
718434
718436
718437
718438
718439
718443
718445
718447
718449
718450
718453
718456
718469
718471
718472
718473
718474
718476
718481
718482
718483
718484
718485
718488
718490
718506
718508
718510
718511
718516
718517
718519
718520
718524
718527
718531
718546
718547
718552
718553
718559
718560
718561
718562
718571
718581
718582
718585
718591
718592
718594
718597
718599
718607
718615
718621
718622
718624
718627
718632
718634
718635
718638
718640
718641
718643
718660
718661
718666
718669
718672
718675
718680
718681
718682
718683
718687
718689
718695
718709
718713
718714
718716
718719
718723
718727
718728
718731
718732
718734
718743
718744
718758
718759
718765
718766
718771
718776
718777
718778
718779
718783
718784
718786
718789
718795
718807
718808
718809
718810
718813
718820
718826
718830
718831
718833
718834
718845
718849
718858
718859
718860
718863
718866
718869
718871
718881
718882
718884
718887
718891
718895
718911
718915
718916
718917
718921
718925
718929
718930
718932
718933
718945
718946
718967
718979
718983
718984
718985
718987
718995
719018
719022
719023
719024
719031
719032
719033
719051
719080
719081
719085
719086
719087
719088
719090
719093
719094
719100
719111
719114
719147
719148
719152
719153
719154
719155
719158
719165
719175
719211
719212
719213
719216
719219
719221
719226
719234
719239
719242
719279
719281
719285
719288
719289
719293
719298
719302
719343
719344
719346
719347
719352
719353
719357
719358
719367
719410
719413
719415
719416
719420
719421
719424
719431
719433
719434
719439
719482
719483
719487
719488
719489
719490
719491
719492
719496
719501
719504
719510
719551
719552
719553
719554
719556
719557
719558
719559
719562
719572
719574
719624
719626
719629
719633
719634
719635
719642
719644
719703
719704
719705
719707
719710
719716
719776
719777
719778
719779
719781
719782
719784
719785
719805
719851
719857
719859
719860
719863
719866
719877
719878
719886
719932
719933
719934
719936
719938
719957
719966
720008
720009
720010
720012
720014
720034
720035
720080
720086
720088
720092
720098
720118
720152
720154
720163
720164
720169
720230
720239
720240
720243
720306
720308
720313
720316
720324
720331
720384
720387
720390
720391
720395
720398
720401
720410
720456
720459
720461
720463
720464
720468
720470
720471
720479
720533
720534
720536
720541
720542
720544
720545
720551
720554
720555
720616
720621
720622
720626
720628
720637
720638
720639
720696
720705
720707
720712
720717
720721
720741
720784
720789
720793
720794
720795
720799
720801
720804
720862
720863
720865
720871
720873
720875
720878
720880
720881
720885
720949
720952
720953
720955
720959
720961
720963
720967
720969
721026
721029
721032
721033
721040
721041
721042
721044
721045
721046
721051
721054
721108
721110
721111
721112
721113
721126
721128
721132
721137
721188
721191
721193
721195
721204
721205
721209
721218
721267
721270
721271
721273
721274
721280
721281
721283
721287
721340
721353
721357
721358
721417
721419
721421
721426
721481
721482
721499
721547
721548
721550
721557
721614
721615
721617
721618
721628
721684
721685
721686
721687
721688
721690
721751
721752
721755
721756
721758
721759
721827
721830
721831
721832
721834
721914
721916
721922
722001
722004
722089
722095
722177
722178
722267
722269
722270
722355
722452
722646
722752
722753
722754
722756
722768
722840
722843
722851
722855
722860
722930
722943
723037
723044
723130
723224
723225
723226
723415
723421
723614
723719
724026
724135
724241
724349
724450
724451
724559
724668
724672
724776
724781
724782
724886
724890
724893
725002
725003
725005
725012
725111
725113
725115
725223
725224
725227
725337
725338
725346
725450
725451
725560
725563
725674
725676
725677
725786
725787
725788
725898
725899
726005
726009
726010
726015
726107
726109
726112
726204
726206
726208
726306
726307
726397
726399
726493
726494
726496
726590
726592
726594
726678
726681
726683
726771
726781
726865
726867
726946
726952
727033
727115
727198
727200
727203
727291
727296
727297
727393
727497
727498
727499
727608
727708
727716
727812
727825
727914
728014
728019
728113
728119
728209
728298
728300
728389
728394
728480
728481
728485
728668
728681
728767
728772
728860
728861
728953
729035
729121
729128
729134
729135
729139
729141
729218
729220
729222
729228
729312
729313
729317
729403
729490
729568
729570
729652
729658
729739
729817
729824
729903
729987
730062
730280
730426
730622
730641
730755
730871
730885
730943
730947
731006
731014
731074
731186
731190
731194
731199
731246
731249
731251
731494
731554
731710
731713
731714
731715
731718
731724
731727
731732
731733
731734
731746
731747
731749
731755
731758
731759
731763
731780
731781
731782
731783
731784
731785
731786
731787
731788
731791
731794
731798
731800
731813
731815
731816
731817
731818
731819
731820
731822
731825
731826
731831
731848
731850
731851
731853
731854
731858
731859
731865
731866
731877
731881
731882
731883
731889
731891
731892
731896
731898
731907
731912
731913
731914
731921
731923
731930
731934
731941
731945
731956
731960
731962
731987
731996
731998
732019
732020
732021
732028
732038
732040
732054
732055
732064
732075
732077
732078
732085
732104
732116
732118
732119
732120
732129
732135
732137
732138
732140
732143
732144
732148
732156
732157
732159
732160
732166
732179
732180
732181
732186
732188
732190
732191
732202
732204
732213
732217
732229
732231
732235
732247
732248
732251
732287
732288
732290
732293
732315
732318
732337
732338
732341
732342
732348
732357
732358
732359
732397
732398
732399
732402
732403
732416
732417
732428
732459
732460
732461
732466
732473
732474
732480
732523
732524
732525
732526
732528
732530
732531
732538
732555
732586
732587
732588
732591
732594
732595
732600
732601
732607
732613
732650
732651
732653
732654
732659
732661
732662
732668
732714
732715
732718
732719
732720
732722
732725
732726
732734
732746
732781
732785
732786
732788
732789
732791
732792
732799
732845
732846
732852
732853
732856
732858
732864
732871
732916
732920
732921
732923
732924
732939
732942
732992
732993
732997
732998
733003
733005
733061
733066
733079
733080
733138
733139
733142
733147
733157
733164
733216
733221
733222
733228
733230
733296
733297
733298
733300
733363
733364
733368
733369
733373
733374
733375
733446
733447
733452
733512
733517
733523
733527
733591
733595
733596
733597
733598
733599
733663
733664
733665
733666
733667
733668
733679
733735
733738
733739
733740
733741
733742
733744
733745
733746
733747
733812
733818
733820
733821
733901
733912
733918
733970
733974
733982
733983
733985
733987
733991
733992
734050
734052
734061
734062
734063
734069
734070
734073
734085
734129
734130
734131
734136
734141
734144
734145
734147
734148
734149
734150
734151
734152
734153
734208
734214
734222
734223
734224
734226
734288
734302
734307
734308
734321
734385
734389
734390
734394
734448
734449
734454
734461
734462
734466
734470
734528
734529
734535
734536
734537
734597
734608
734666
734667
734669
734671
734739
734741
734742
734743
734809
734813
734816
734817
734823
734889
734890
734891
734894
734896
734897
734898
734964
734965
734966
734967
734970
735039
735040
735041
735042
735043
735044
735048
735117
735118
735122
735123
735124
735126
735134
735137
735190
735199
735201
735202
735203
735205
735208
735219
735274
735278
735279
735280
735281
735287
735359
735360
735362
735363
735444
735448
735449
735450
735451
735455
735537
735538
735539
735545
735632
735637
735638
735642
735728
735729
735730
735731
735732
735823
735827
735834
735925
735938
735942
736020
736021
736029
736032
736110
736206
736207
736214
736303
736304
736310
736313
736315
736400
736401
736415
736505
736516
736517
736607
736609
736615
736617
736706
736804
736805
736909
736912
737017
737020
737122
737123
737230
737338
737354
737450
737558
737667
737668
737669
737776
737778
737782
737783
737886
737887
737893
738000
738001
738004
738116
738118
738232
738233
738234
738348
738349
738353
738466
738467
738579
738582
738691
738693
738807
738910
739025
739026
739135
739136
739137
739234
739237
739326
739327
739328
739336
739427
739428
739429
739526
739528
739529
739626
739631
739719
739721
739808
739809
739811
739812
739893
739896
739898
739899
739978
739982
739983
740072
740076
740156
740159
740160
740242
740244
740245
740331
740334
740425
740426
740429
740430
740535
740536
740640
740645
740743
740745
740756
740850
740853
740855
740955
740959
740960
741061
741064
741070
741163
741165
741176
741266
741362
741365
741468
741643
741719
741727
741729
741825
741915
741923
742009
742012
742015
742105
742193
742194
742286
742287
742289
742293
742382
742453
742477
742540
742548
742557
742560
742640
742644
742647
742648
742656
742741
742742
742823
742824
742907
742909
742910
742911
742972
742996
743084
743085
743169
743241
743249
743316
743336
743472
743701
743776
743777
743846
743908
743978
743983
744039
744090
744112
744220
744275
744290
744300
744339
744348
744350
744400
744410
744504
744510
744557
744560
744567
744580
744622
744704
744785
744795
744959
744960
744964
744966
744967
744975
744981
744982
744984
744985
744987
744988
744989
744996
745000
745006
745009
745010
745011
745014
745034
745035
745040
745041
745042
745046
745048
745051
745064
745066
745069
745073
745074
745084
745094
745095
745097
745098
745102
745104
745115
745121
745123
745126
745128
745140
745147
745148
745151
745157
745170
745180
745208
745209
745211
745244
745245
745246
745258
745260
745261
745263
745264
745278
745282
745283
745284
745285
745295
745298
745313
745320
745321
745322
745323
745324
745337
745338
745343
745349
745359
745363
745364
745365
745368
745370
745379
745384
745390
745395
745399
745401
745402
745403
745405
745413
745423
745446
745447
745448
745450
745454
745455
745459
745464
745468
745491
745494
745498
745500
745510
745514
745539
745541
745542
745544
745546
745550
745555
745557
745595
745597
745600
745602
745603
745605
745611
745649
745650
745652
745653
745655
745657
745661
745664
745672
745675
745708
745709
745712
745713
745716
745729
745762
745763
745767
745768
745769
745772
745782
745787
745822
745824
745825
745826
745827
745828
745836
745839
745856
745879
745881
745884
745885
745886
745889
745892
745900
745905
745907
745944
745953
745954
745958
745960
745964
746017
746023
746025
746026
746030
746032
746033
746086
746091
746092
746097
746105
746106
746113
746166
746167
746174
746182
746233
746238
746241
746305
746306
746307
746309
746313
746315
746327
746377
746391
746447
746448
746514
746518
746519
746520
746522
746536
746588
746589
746590
746592
746594
746596
746598
746656
746661
746663
746665
746674
746729
746730
746731
746732
746746
746749
746805
746806
746807
746819
746881
746886
746920
746952
746953
746957
746960
747045
747101
747104
747112
747113
747114
747116
747186
747190
747196
747203
747264
747265
747267
747270
747272
747273
747275
747284
747340
747342
747344
747346
747347
747348
747349
747351
747353
747411
747419
747425
747480
747484
747488
747491
747547
747550
747552
747556
747608
747613
747681
747682
747683
747756
747758
747759
747760
747786
747824
747826
747827
747833
747839
747845
747905
747907
747908
747910
747911
747912
747987
747988
747990
747992
748004
748005
748073
748075
748078
748079
748155
748156
748161
748162
748167
748234
748236
748237
748239
748240
748241
748313
748315
748316
748318
748322
748392
748394
748395
748397
748398
748399
748480
748481
748482
748485
748487
748493
748571
748575
748576
748577
748578
748579
748580
748582
748664
748665
748666
748667
748670
748755
748756
748757
748759
748760
748764
748848
748851
748852
748854
748946
748948
748950
748956
749044
749047
749133
749227
749233
749325
749326
749327
749424
749425
749429
749443
749526
749535
749624
749726
749734
749830
749835
749933
750042
750150
750258
750260
750367
750368
750475
750478
750479
750480
750589
750590
750595
750699
750703
750704
750813
750817
750819
750922
750928
751039
751149
751150
751151
751265
751271
751380
751383
751496
751606
751607
751608
751712
751713
751827
751927
752032
752033
752137
752222
752228
752316
752317
752415
752416
752522
752623
752627
752715
752719
752809
752810
752900
752903
752990
752991
753078
753162
753165
753245
753249
753251
753340
753343
753346
753438
753444
753445
753548
753549
753557
753657
753659
753662
753664
753766
753768
753769
753774
753777
753877
753878
753883
753884
753983
753985
753989
753990
754087
754088
754090
754185
754187
754188
754192
754289
754291
754300
754393
754397
754481
754486
754492
754577
754579
754581
754584
754667
754671
754759
754763
754764
754768
754850
754853
754854
754857
754860
754949
754953
754955
755044
755045
755046
755047
755048
755061
755132
755133
755136
755137
755138
755140
755150
755215
755218
755231
755306
755308
755311
755391
755392
755393
755401
755408
755476
755477
755478
755482
755485
755565
755566
755567
755570
755573
755574
755600
755654
755656
755657
755658
755659
755660
755662
755663
755672
755731
755747
755748
755749
755750
755751
755756
755771
755833
755834
755839
755849
755912
755919
755920
755921
755925
755926
755982
756001
756002
756003
756083
756084
756085
756166
756251
756254
756333
756414
756419
756497
756498
756527
756575
756652
756653
756732
756807
756878
756885
757027
757035
757078
757083
757137
757195
757253
757319
757352
757356
757397
757401
757403
757404
757573
757594
757596
757597
757618
757643
757644
757653
757735
757779
757781
757935
757936
757942
757943
757944
757945
757952
757956
757958
757964
757967
757968
757972
757975
757995
758001
758012
758013
758018
758019
758029
758037
758045
758051
758058
758066
758068
758069
758070
758086
758090
758093
758110
758119
758123
758141
758151
758156
758157
758165
758175
758190
758200
758239
758247
758270
758306
758307
758308
758309
758315
758316
758346
758347
758356
758361
758362
758384
758385
758392
758397
758399
758431
758432
758433
758434
758446
758470
758471
758472
758473
758474
758476
758477
758481
758488
758517
758518
758521
758523
758524
758525
758526
758527
758536
758539
758575
758577
758578
758579
758580
758582
758583
758587
758589
758591
758599
758629
758632
758634
758635
758638
758641
758645
758646
758647
758692
758695
758696
758701
758707
758709
758712
758719
758756
758757
758760
758762
758771
758780
758812
758814
758820
758822
758826
758831
758839
758850
758884
758885
758887
758889
758894
758900
758958
758960
758961
758963
758966
758971
759027
759028
759031
759033
759097
759113
759114
759167
759168
759172
759239
759243
759305
759383
759445
759446
759453
759513
759514
759515
759521
759580
759582
759584
759589
759602
759652
759653
759659
759666
759733
759734
759738
759755
759817
759887
759951
759959
760027
760033
760034
760096
760100
760103
760105
760106
760120
760168
760169
760172
760174
760177
760235
760237
760238
760239
760240
760249
760298
760303
760304
760308
760317
760371
760376
760439
760441
760507
760509
760511
760515
760579
760584
760585
760586
760589
760592
760659
760661
760662
760665
760676
760738
760744
760758
760819
760821
760824
760826
760909
760911
760913
760914
760915
760919
760997
760998
760999
761003
761005
761006
761090
761091
761093
761096
761172
761175
761176
761177
761178
761179
761184
761186
761259
761260
761261
761262
761263
761265
761338
761339
761342
761344
761346
761432
761436
761438
761521
761522
761525
761526
761529
761530
761614
761615
761616
761617
761618
761619
761620
761621
761623
761707
761709
761710
761711
761712
761713
761718
761719
761802
761803
761805
761808
761812
761893
761894
761895
761896
761902
761984
761985
761986
761989
762075
762077
762079
762171
762174
762175
762176
762272
762273
762274
762276
762375
762376
762383
762481
762482
762483
762488
762583
762587
762589
762590
762692
762695
762696
762797
762798
762799
762901
762906
762907
763008
763012
763018
763114
763119
763120
763224
763225
763232
763337
763338
763343
763449
763450
763564
763566
763567
763568
763678
763679
763682
763795
763796
763904
763906
764015
764017
764130
764131
764141
764244
764245
764356
764357
764460
764462
764463
764563
764564
764570
764662
764663
764759
764760
764767
764858
764864
764953
764954
764956
765049
765051
765052
765142
765143
765144
765245
765248
765348
765349
765452
765453
765554
765556
765643
765646
765648
765743
765745
765838
765841
765843
765845
765928
765931
765932
765935
765937
766019
766021
766023
766025
766111
766112
766113
766201
766202
766205
766206
766212
766305
766308
766309
766310
766315
766411
766413
766414
766420
766515
766518
766519
766520
766521
766522
766526
766625
766628
766629
766634
766635
766734
766740
766746
766835
766836
766841
766845
766846
766939
766940
766942
766950
767039
767044
767045
767046
767047
767050
767143
767144
767145
767149
767150
767243
767244
767245
767249
767253
767340
767341
767342
767343
767432
767434
767435
767439
767440
767522
767523
767526
767530
767533
767611
767612
767613
767615
767616
767701
767702
767703
767704
767706
767707
767793
767795
767796
767797
767798
767799
767889
767890
767891
767893
767894
767896
767898
767902
767986
767987
767988
767989
767990
767991
767993
767994
768064
768077
768079
768080
768081
768082
768083
768084
768087
768096
768154
768157
768158
768159
768161
768163
768168
768170
768229
768236
768238
768239
768240
768241
768242
768247
768258
768323
768324
768325
768326
768327
768330
768333
768334
768354
768413
768414
768416
768417
768418
768419
768420
768422
768423
768442
768505
768506
768507
768508
768509
768511
768514
768521
768578
768591
768592
768593
768594
768595
768597
768598
768599
768605
768678
768679
768680
768681
768682
768683
768684
768687
768689
768759
768762
768763
768765
768766
768767
768848
768849
768850
768853
768936
768938
768939
769019
769025
769103
769104
769110
769119
769185
769266
769343
769426
769507
769510
769684
769745
769746
769815
769816
769817
769888
769935
769942
769947
769993
770062
770068
770077
770129
770130
770132
770135
770148
770193
770249
770251
770261
770267
770293
770294
770295
770299
770321
770339
770343
770350
770373
770403
770443
770448
770528
770569
770571
770589
770615
770662
770819
770820
770823
770828
770836
770837
770838
770844
770846
770849
770850
770852
770859
770874
770875
770969
771072
771104
771108
771138
771139
771169
771170
771171
771172
771182
771184
771185
771209
771210
771213
771218
771220
771226
771248
771249
771251
771252
771255
771263
771290
771292
771295
771300
771303
771305
771306
771337
771338
771344
771348
771349
771360
771361
771389
771390
771392
771396
771397
771398
771402
771404
771405
771410
771411
771446
771447
771448
771452
771453
771454
771460
771467
771506
771507
771508
771509
771512
771513
771519
771521
771567
771569
771571
771572
771574
771585
771635
771637
771638
771639
771640
771647
771705
771707
771717
771718
771723
771777
771778
771779
771780
771786
771791
771793
771843
771846
771847
771849
771863
771910
771911
771912
771932
771976
771978
771979
772043
772045
772046
772110
772111
772112
772179
772180
772181
772242
772243
772244
772246
772252
772311
772312
772315
772316
772319
772382
772394
772461
772543
772693
772760
772824
772835
772894
772896
772898
772953
772960
772961
772980
773025
773026
773030
773031
773032
773093
773096
773097
773102
773174
773193
773245
773251
773319
773321
773390
773396
773402
773403
773404
773479
773480
773481
773558
773562
773566
773643
773737
773744
773826
773916
774006
774090
774096
774168
774169
774171
774174
774177
774259
774260
774262
774266
774346
774349
774350
774351
774355
774357
774435
774437
774438
774443
774524
774525
774526
774527
774529
774531
774613
774614
774615
774617
774620
774622
774623
774702
774704
774705
774707
774714
774799
774801
774803
774805
774806
774898
774901
774902
774903
774906
774997
774999
775000
775001
775002
775096
775097
775099
775100
775101
775198
775199
775202
775203
775205
775301
775303
775304
775306
775403
775404
775405
775406
775409
775506
775509
775510
775611
775616
775716
775719
775720
775827
775828
775830
775937
775939
775940
776048
776052
776162
776169
776174
776275
776276
776278
776388
776392
776502
776508
776610
776618
776619
776724
776727
776825
776833
776933
777036
777043
777044
777134
777135
777136
777230
777231
777240
777323
777324
777325
777423
777425
777426
777428
777518
777521
777522
777524
777612
777613
777625
777626
777706
777710
777715
777806
777811
777909
777910
777919
778013
778014
778019
778123
778124
778127
778135
778230
778231
778236
778324
778329
778333
778420
778421
778423
778428
778430
778517
778518
778520
778521
778619
778620
778622
778710
778712
778713
778714
778716
778806
778807
778808
778810
778816
778818
778907
778909
778913
778916
779000
779001
779003
779004
779006
779007
779010
779087
779090
779094
779097
779111
779176
779180
779182
779183
779187
779271
779275
779276
779280
779372
779373
779374
779376
779377
779473
779474
779475
779477
779487
779573
779577
779578
779579
779580
779584
779678
779685
779687
779778
779779
779780
779781
779782
779783
779784
779867
779871
779873
779875
779883
779899
779964
779965
779969
779971
780051
780060
780061
780084
780142
780146
780147
780148
780155
780240
780244
780322
780324
780325
780326
780328
780412
780414
780415
780419
780431
780432
780504
780506
780507
780509
780510
780512
780527
780595
780596
780597
780598
780600
780618
780619
780687
780688
780689
780690
780691
780692
780693
780694
780696
780771
780772
780774
780777
780778
780779
780785
780851
780853
780854
780855
780856
780857
780858
780859
780864
780866
780931
780932
780933
780935
780936
780937
780938
780942
781017
781018
781020
781021
781022
781026
781027
781097
781100
781101
781102
781104
781105
781106
781109
781111
781175
781182
781184
781185
781186
781187
781188
781191
781192
781194
781269
781270
781273
781274
781275
781277
781279
781280
781355
781356
781357
781358
781361
781362
781365
781367
781444
781445
781449
781450
781452
781458
781467
781534
781535
781543
781544
781617
781628
781629
781647
781700
781701
781779
781786
781856
781858
781859
781937
781941
782017
782097
782105
782189
782339
782402
782410
782423
782469
782474
782475
782477
782491
782546
782583
782599
782605
782652
782655
782656
782661
782670
782674
782727
782729
782737
782771
782772
782776
782777
782780
782796
782826
782832
782833
782834
782850
782879
782886
782889
782892
782941
782968
783000
783001
783004
783006
783014
783016
783042
783044
783069
783072
783118
783125
783130
783162
783173
783196
783197
783207
783359
783360
783365
783366
783367
783369
783372
783373
783380
783382
783383
783390
783404
783429
783459
783462
783466
783481
783517
783562
783590
783596
783628
783635
783651
783660
783680
783684
783686
783688
783716
783730
783756
783758
783760
783761
783766
783795
783796
783807
783808
783810
783837
783838
783841
783842
783847
783851
783855
783857
783889
783891
783892
783893
783901
783902
783907
783911
783943
783944
783945
783946
783950
783956
783960
783961
784001
784002
784003
784004
784005
784010
784012
784015
784025
784059
784061
784063
784064
784065
784066
784071
784075
784077
784129
784130
784131
784132
784133
784137
784141
784147
784193
784196
784199
784208
784212
784258
784260
784261
784262
784263
784264
784268
784280
784324
784326
784327
784328
784330
784393
784394
784395
784405
784463
784467
784480
784529
784532
784533
784598
784599
784604
784665
784666
784667
784668
784733
784735
784809
785029
785037
785099
785284
785285
785287
785291
785353
785355
785364
785427
785428
785432
785496
785503
785569
785581
785652
785985
786084
786154
786414
786763
786828
786829
786832
786912
786915
786916
786923
786999
787000
787002
787004
787007
787090
787093
787095
787097
787186
787187
787190
787196
787285
787286
787288
787290
787292
787382
787384
787385
787386
787387
787483
787484
787485
787486
787488
787578
787580
787582
787585
787586
787685
787687
787688
787689
787691
787791
787794
787795
787895
787897
787899
787904
787998
788000
788002
788103
788106
788109
788209
788210
788215
788317
788318
788319
788422
788423
788530
788531
788532
788635
788636
788648
788739
788746
788851
788857
788960
789070
789071
789074
789174
789188
789277
789278
789374
789380
789385
789469
789470
789487
789560
789561
789650
789653
789657
789743
789744
789750
789834
789838
789922
789924
790017
790018
790120
790129
790130
790228
790229
790231
790337
790339
790445
790446
790447
790449
790551
790553
790554
790654
790655
790656
790658
790755
790756
790757
790853
790855
790863
790958
790959
790960
791058
791060
791061
791062
791172
791280
791298
791391
791402
791490
791494
791495
791591
791597
791598
791689
791695
791781
791782
791783
791784
791790
791876
791877
791878
791979
792070
792073
792079
792166
792172
792175
792258
792263
792349
792356
792360
792363
792446
792452
792453
792454
792456
792457
792464
792540
792545
792552
792553
792556
792564
792634
792643
792644
792645
792649
792730
792733
792734
792737
792738
792817
792818
792819
792822
792837
792904
792905
792906
792908
792910
792913
792927
792991
792995
792996
792999
793073
793075
793082
793083
793162
793163
793167
793176
793177
793243
793244
793246
793247
793250
793251
793319
793321
793323
793325
793337
793338
793398
793399
793400
793404
793412
793479
793482
793500
793572
793574
793585
793656
793658
793660
793661
793666
793745
793746
793747
793750
793760
793832
793833
793834
793835
793836
793837
793841
793844
793916
793917
793918
793920
793921
794001
794002
794008
794016
794084
794085
794101
794162
794189
794244
794250
794254
794257
794320
794332
794341
794402
794403
794487
794563
794566
794640
794643
794714
794728
794783
794788
794789
794805
794849
794852
794855
794856
794915
794917
794918
794919
794927
794930
794978
794984
795042
795043
795091
795093
795109
795176
795216
795220
795222
795244
795274
795279
795284
795286
795298
795327
795331
795344
795386
795413
795454
795498
795503
795572
795573
795576
795580
795614
795620
795651
795762
795770
795788
795803
795829
795839
795853
796011
796033
796050
796053
796083
796085
796111
796116
796120
796130
796145
796146
796155
796161
796162
796164
796188
796192
796194
796196
796204
796237
796238
796240
796241
796242
796248
796255
796258
796290
796292
796293
796294
796295
796296
796302
796313
796314
796350
796353
796361
796363
796365
796402
796405
796409
796410
796411
796412
796413
796417
796424
796425
796469
796472
796473
796474
796477
796535
796537
796541
796551
796553
796599
796600
796601
796602
796621
796688
796759
796802
796805
796814
796870
796888
796901
796934
796935
796940
796943
797004
797086
797362
797422
797619
797631
797721
797764
797768
799250
799257
799258
799340
799342
799343
799344
799347
799352
799433
799440
799442
799530
799532
799623
799624
799625
799627
799633
799722
799723
799724
799725
799726
799821
799822
799823
799824
799828
799928
799929
799933
799934
799935
800031
800033
800034
800133
800134
800136
800137
800233
800236
800238
800239
800341
800343
800344
800348
800441
800442
800444
800446
800542
800543
800545
800641
800642
800740
800743
800752
800841
800844
800946
800950
801052
801161
801163
801272
801382
801478
801479
801570
801573
801666
801750
801757
801837
801845
801918
801919
802008
802013
802108
802109
802208
802307
802309
802311
802314
802317
802415
802416
802417
802522
802523
802524
802525
802529
802627
802628
802629
802633
802634
802636
802732
802737
802741
802837
802838
802839
802841
802845
802846
802937
802938
803036
803038
803039
803144
803145
803358
803986
804076
804169
804170
804266
804360
804378
804460
804461
804558
804571
804655
804659
804749
804759
804761
804848
804851
804861
804938
804942
804943
805021
805024
805025
805028
805029
805070
805107
805108
805118
805193
805282
805285
805289
805290
805363
805365
805367
805368
805369
805382
805437
805448
805464
805466
805539
805550
805571
805613
805704
805781
805786
805787
805794
805795
805864
805867
805868
805869
805870
805871
805872
805873
805888
805943
805946
805947
805948
805949
805950
805951
805952
805953
805960
805962
806032
806034
806035
806036
806043
806044
806118
806119
806121
806123
806131
806133
806202
806205
806211
806212
806286
806303
806359
806371
806373
806453
806454
806465
806517
806534
806600
806674
806675
806679
806754
806756
806830
806834
806835
806840
806907
806908
806976
806982
807000
807046
807049
807055
807060
807070
807116
807121
807122
807126
807127
807202
807255
807256
807315
807338
807401
807432
807440
807471
807507
807534
807557
807558
807578
807703
807750
807786
807818
808023
808050
808083
808282
808297
808301
808302
808303
808304
808309
808333
808334
808336
808337
808338
808342
808345
808355
808375
808377
808378
808379
808385
808388
808392
808416
808421
808422
808423
808424
808425
808434
808435
808465
808469
808470
808471
808472
808473
808474
808479
808482
808514
808519
808521
808523
808524
808527
808532
808533
808569
808570
808577
808578
808579
808622
808623
808624
808691
808745
808746
808747
808799
808800
808881
811348
811349
811356
811445
811446
811540
811543
811547
811633
811634
811636
811727
811731
811733
811823
811826
811830
811924
811925
811926
811928
812025
812026
812124
812126
812130
812229
812230
812231
812232
812323
812328
812330
812421
812422
812434
812523
812524
812618
812713
812714
812821
812929
813020
813126
813222
813428
813516
813517
813608
813618
813704
813705
813706
813707
813708
813804
813806
813807
813811
813814
813903
813904
813905
814009
814010
814011
814012
814118
814121
815765
815863
816540
816635
816730
816732
816747
816836
816917
816922
816925
817020
817087
817099
817107
817165
817166
817179
817197
817260
817349
817440
817516
817524
817595
817600
817674
817678
817682
817686
817689
817758
817764
817773
817777
817827
817828
817832
817833
817835
817841
817911
817912
817913
817914
817923
817930
817993
817995
817996
817997
818004
818077
818078
818087
818160
818179
818240
818241
818257
818312
818323
818389
818395
818400
818403
818404
818467
818487
818541
818542
818543
818628
818704
818706
818774
818781
818783
818784
818854
818867
818927
818930
818935
818996
818997
818999
819008
819068
819132
819191
819206
819256
819262
819307
819313
819318
819322
819364
819369
819376
819424
819439
819443
819476
819480
819491
819497
819525
819527
819539
819543
819612
819659
819662
819845
819846
819851
819860
819865
819879
819883
819884
819892
819914
819915
819945
820032
820082
820110
820118
820136
820137
820138
820144
820168
820169
820170
820178
820196
820202
820203
820204
820206
820208
820212
820213
820236
820240
820242
820243
820246
820258
820280
820286
820288
820292
820293
820323
820324
820325
820344
820378
820434
820485
820532
820778
820838
821261
823066
823068
823159
823164
823250
823251
823258
823346
823347
823353
823436
823437
823441
823529
823530
823534
823621
823636
823714
823715
823811
823812
823895
823987
824084
824184
824284
824286
824479
824570
824668
824678
824769
824770
824782
824864
824870
824872
824960
824963
824965
824966
825059
825061
825062
825063
825071
825161
825168
825370
827415
827514
827530
827714
828089
828099
828190
828193
828203
828276
828277
828278
828284
828289
828382
828384
828479
828493
828558
828565
828640
828641
828642
828718
828723
828805
828808
828814
828886
829066
829223
829231
829292
829299
829315
829367
829372
829377
829379
829380
829392
829448
829454
829465
829471
829532
829534
829535
829536
829621
829622
829708
829773
829779
829788
829836
829846
829851
829852
829914
829917
829918
829920
829922
829929
829933
829981
829982
829986
830063
830066
830134
830137
830147
830210
830227
830292
830293
830296
830361
830370
830372
830373
830432
830433
830436
830504
830577
830644
830716
830781
830826
830867
830877
830884
830938
830940
830979
830989
830990
831028
831080
831084
831122
831165
831183
831184
831185
831213
831230
831261
831315
831339
831356
831357
831555
831568
831574
831597
831598
831600
831601
831630
831635
831642
831648
831663
831666
831667
831670
831679
831697
831706
831707
831717
831906
831990
832326
834481
834553
834554
834640
834643
834648
834731
834733
834822
834923
834924
835020
835101
835102
835196
835197
835291
835392
835397
835492
835494
835592
835594
835688
835689
835772
835781
835866
835871
835872
835965
835966
836058
838476
839058
839166
839252
839277
839343
839359
839442
839530
839534
839812
839899
839970
840055
840063
840126
840134
840206
840218
840305
840307
840391
840454
840455
840456
840459
840527
840548
840554
840599
840600
840603
840605
840640
840674
840678
840681
840682
840684
840685
840686
840688
840694
840754
840758
840761
840765
840831
840841
840925
840926
840988
840999
841002
841058
841081
841126
841131
841132
841133
841149
841198
841202
841265
841340
841342
841356
841413
841416
841426
841427
841487
841489
841490
841495
841504
841560
841561
841568
841571
841631
841633
841634
841635
841639
841650
841700
841701
841704
841710
841711
841712
841768
841772
841773
841784
841829
841841
841842
841895
841943
842016
842151
842159
842232
842255
842260
842261
842305
842322
842333
842424
842462
842483
842510
842517
842741
842742
842964
843250
843324
843716
845630
845712
845796
845801
845883
845884
845973
845974
846055
846056
846149
846150
846155
846241
846350
846443
846618
849796
850089
850179
850287
850369
850451
850452
850456
850459
850562
850564
850648
850737
850818
850904
851069
851173
851318
851329
851339
851395
851396
851418
851454
851460
851491
851496
851536
851537
851538
851541
851543
851544
851550
851567
851611
851612
851613
851615
851617
851618
851619
851622
851638
851686
851687
851691
851771
851842
851843
851848
851849
851854
851860
851861
851908
851909
851924
851969
851970
851972
851979
851984
852030
852034
852037
852046
852051
852100
852104
852105
852176
852179
852189
852239
852241
852244
852251
852256
852306
852316
852376
852378
852379
852380
852384
852449
852451
852454
852459
852461
852522
852523
852524
852531
852532
852536
852586
852589
852591
852593
852594
852595
852603
852613
852656
852658
852667
852669
852719
852725
852726
852733
852738
852773
852781
852785
852788
852980
852996
853028
853044
853077
853093
853127
853128
853189
853213
853228
853359
853414
853838
853880
853902
853944
853992
856576
856659
856762
856852
860468
860555
860557
860563
860754
860847
861023
861106
861195
861291
861390
861548
861636
861642
861877
861890
861981
861983
862039
862040
862045
862091
862092
862098
862101
862125
862174
862175
862176
862178
862179
862186
862198
862244
862246
862247
862250
862251
862254
862260
862265
862319
862320
862327
862328
862329
862331
862345
862393
862401
862402
862403
862409
862413
862490
862540
862541
862542
862544
862550
862559
862595
862600
862601
862607
862611
862621
862666
862667
862668
862671
862673
862737
862752
862754
862808
862812
862816
862819
862820
862828
862877
862881
862895
862944
862950
863009
863011
863025
863029
863073
863080
863081
863089
863093
863138
863143
863144
863145
863146
863147
863157
863158
863159
863206
863209
863211
863212
863213
863214
863218
863219
863274
863277
863280
863289
863331
863332
863346
863348
863390
863394
863399
863405
863600
863608
863708
863754
863776
863843
863874
863928
863942
863947
863962
863993
864488
870385
870945
870948
870955
870968
871039
871044
871060
871131
871137
871148
871227
871239
871314
871401
871424
871493
871575
871596
871649
871658
871707
871832
872338
872400
872401
872475
872476
872480
872543
872546
872547
872549
872554
872558
872569
872619
872620
872626
872627
872628
872630
872631
872642
872690
872697
872702
872718
872719
872766
872767
872768
872771
872772
872775
872776
872795
872858
872903
872908
872918
872920
872967
872982
872983
873035
873042
873045
873105
873106
873110
873121
873177
873178
873181
873183
873184
873186
873250
873252
873253
873262
873265
873317
873318
873323
873390
873392
873404
873463
873474
873522
873525
873526
873544
873574
873583
873585
873587
873596
873601
873602
873641
873642
873643
873646
873650
873658
873662
873699
873700
873708
873714
873721
873755
873771
873773
873853
873947
873948
873968
874005
874050
874094
874095
874266
874276
880790
880802
881073
881076
881163
881168
881278
881651
882063
882064
882391
882395
882464
882469
882553
882611
882625
882629
882636
882684
882695
882717
882753
882763
882764
882765
882766
882767
882768
882780
882782
882823
882832
882835
882836
882837
882839
882847
882849
882897
882901
882902
882903
882904
882917
882918
882919
882967
882968
882969
882971
882984
883033
883034
883035
883039
883043
883049
883101
883102
883103
883104
883113
883171
883173
883174
883175
883178
883179
883187
883192
883244
883245
883249
883251
883252
883253
883265
883270
883316
883320
883321
883322
883324
883325
883330
883339
883389
883390
883393
883396
883397
883408
883410
883458
883463
883464
883467
883473
883477
883531
883538
883548
883551
883600
883601
883608
883620
883669
883678
883681
883684
883731
883738
883742
883744
883762
883795
883797
883798
883801
883802
883815
883816
883854
883858
883859
883866
883872
883874
883912
883920
883922
883977
884004
884051
884109
884115
884211
884361
890317
890515
890605
890694
890888
890977
890979
891357
891374
891452
891643
891712
891737
891979
892271
892273
892280
892336
892337
892338
892339
892352
892398
892406
892407
892415
892417
892439
892488
892489
892494
892503
892548
892549
892555
892560
892562
892569
892623
892624
892628
892637
892638
892705
892767
892849
892886
892893
892894
892902
892910
892911
892959
892961
892962
892964
892971
892978
892982
893030
893031
893032
893033
893034
893035
893038
893039
893046
893100
893101
893102
893104
893105
893106
893108
893109
893119
893174
893175
893178
893194
893195
893241
893245
893253
893261
893314
893317
893378
893389
893394
893452
893455
893511
893514
893516
893518
893520
893572
893573
893575
893584
893590
893632
893637
893638
893647
893649
893690
893704
893710
893762
893805
894086
900162
900167
900348
900354
900356
900374
900446
900541
900742
901328
901470
901600
901603
901618
901621
901671
901741
901766
901808
901809
901969
902007
902010
902020
902039
902093
902150
902156
902162
902217
902218
902220
902224
902283
902284
902286
902287
902292
902298
902346
902347
902353
902354
902355
902356
902361
902367
902420
902422
902424
902426
902429
902432
902437
902494
902496
902505
902509
902511
902565
902570
902573
902626
902633
902634
902712
902714
902763
902774
902820
902822
902877
902882
902885
902893
902931
902936
902937
902939
902942
902954
902955
902998
903004
903007
903286
903314
903352
909049
909134
909225
909226
909311
909316
909317
909320
909328
909405
909493
909498
909601
910208
910420
910573
910653
910656
910699
910707
910709
910772
910858
910862
910902
910920
910967
910978
910989
911023
911031
911039
911086
911103
911106
911151
911152
911169
911230
911231
911282
911284
911290
911293
911340
911341
911348
911349
911358
911359
911408
911411
911415
911418
911419
911476
911480
911485
911498
911546
911548
911562
911606
911662
911683
911719
911725
911739
911740
911776
911787
911788
911829
911847
911848
911939
917763
917764
917853
917929
917930
917934
917937
918015
918017
918018
918103
918104
918112
918205
918357
918616
918625
919270
919274
919294
919344
919351
919428
919429
919637
919684
919712
919735
919755
919797
919800
919801
919803
919826
919854
919855
919856
919857
919858
919867
919874
919917
919918
919945
919970
919980
919981
920016
920050
920055
920058
920112
920114
920125
920166
920170
920185
920225
920228
920232
920235
920243
920283
920284
920291
920305
920344
920345
920347
920415
920421
920457
920459
920465
920507
920508
920509
920510
920527
920574
926441
926455
926458
926544
926617
926618
926619
926722
927058
927076
927163
927505
927806
927882
928029
928036
928039
928045
928113
928172
928189
928195
928295
928300
928360
928365
928377
928388
928406
928422
928433
928446
928457
928480
928485
928504
928518
928539
928545
928592
928595
928623
928633
928664
928669
928688
928702
928756
928763
928812
928813
928846
928871
928872
928903
928904
928907
928916
928927
928928
928963
928964
928965
928966
928972
928977
928983
928989
929018
929019
929023
929036
929037
929046
929068
929091
929095
929135
935040
935099
935118
935189
935191
935204
935535
935615
935854
935872
935955
936105
936477
936490
936657
936668
936677
936702
936708
936721
936741
936764
936765
936807
936839
936889
936986
937004
937006
937052
937053
937060
937112
937138
937165
937170
937197
937224
937234
937235
937248
937300
937330
937353
937379
937386
937398
937430
937435
943240
943879
943954
944036
944187
944194
944227
944306
944527
944580
944690
944728
944741
944785
944824
944834
944835
944869
944871
945031
945061
945124
945189
945204
945206
945300
945301
950595
950856
951013
951647
951923
952164
952366
952472
952491
952495
952499
952507
952538
952649
952706
952707
952716
952724
952746
952777
952778
952826
952841
958186
959847
959884
959995
960032
960038
960053
960056
960061
960065
960092
960112
960115
960122
960154
967287
967327
967350
967354
967376
967406
974525
974539
974550
974551
