268140
268141
280339
280352
280410
292736
292813
292869
292874
292933
293067
293118
293395
305217
305219
305228
305290
305292
305298
305360
305441
305820
305860
305935
317694
317757
317832
317839
317840
317841
317846
317908
317909
317910
317913
317914
317983
317985
318059
318060
318070
318134
318319
318385
318388
318697
330383
330458
330459
330460
330461
330535
330612
330616
330617
330618
330620
330622
330627
330630
330695
330696
330698
330772
330774
331440
343194
343195
343256
343267
343338
343339
343341
343346
343422
343427
343430
343490
343491
343494
343495
343498
343503
343510
343570
343573
343642
343655
343661
343783
343971
344121
344296
344310
344316
356191
356195
356270
356273
356339
356340
356341
356355
356415
356416
356417
356418
356419
356430
356493
356494
356495
356496
356501
356505
356506
356565
356568
356575
356581
356640
356712
356773
356903
357105
357115
357160
357233
357243
357256
357282
357355
369192
369262
369265
369336
369338
369342
369346
369415
369416
369417
369418
369433
369489
369492
369493
369494
369495
369496
369498
369512
369573
369574
369793
369800
370165
370286
370291
370402
370431
370436
370455
382469
382470
382471
382472
382473
382486
382552
382553
382557
382558
382560
382561
382640
382721
382798
382866
383009
383076
383123
383204
383443
383547
383574
383664
395280
395362
395364
395372
395448
395449
395450
395451
395453
395455
395534
395538
395539
395540
395617
395618
395619
395624
395627
395637
395710
395715
395780
396380
396433
396478
396523
396555
396556
396566
396593
396623
396648
408164
408239
408241
408242
408244
408320
408322
408324
408329
408342
408344
408401
408403
408414
408484
408486
408558
408559
408560
408564
408779
408894
409085
409105
409143
409212
409213
409357
409365
409369
409401
409407
419582
421019
421083
421086
421097
421099
421163
421167
421168
421172
421190
421250
421252
421255
421256
421257
421263
421330
421335
421343
421344
421347
421407
421419
421558
421621
421774
421835
421886
421896
421945
422015
422071
422072
422130
422133
422242
422255
422258
422291
422339
422464
432469
432905
432986
434123
434128
434206
434209
434283
434288
434289
434290
434291
434293
434378
434380
434381
434386
434390
434459
434460
434461
434462
434464
434466
434471
434529
434541
434553
434617
434626
434691
434694
434698
434761
434762
434765
434835
435086
435212
435226
435235
435270
435350
435374
435448
435483
435496
435568
435588
435596
435623
435655
445093
445934
446138
447205
447292
447294
447296
447381
447383
447384
447387
447389
447392
447395
447468
447469
447470
447472
447473
447474
447481
447555
447556
447557
447558
447559
447561
447570
447636
447637
447640
447643
447644
447645
447649
447720
447723
447726
447727
447730
447733
447804
447810
447811
447883
447888
447947
447952
447959
448013
448028
448086
448091
448430
448481
448501
448559
448594
448621
448704
448733
448781
448824
448873
458734
458956
459151
459362
459364
459456
459556
459651
459937
460203
460279
460383
460462
460463
460464
460465
460466
460558
460559
460560
460562
460643
460645
460646
460649
460650
460729
460733
460734
460735
460815
460819
460820
460821
460822
460825
460827
460901
460904
460905
460913
460983
460984
460985
460986
460988
460993
461006
461066
461067
461072
461073
461276
461414
461415
461422
461428
461499
461686
461732
461746
461784
461880
461923
461959
461969
462032
471615
471936
472238
472656
472767
472837
473351
473445
473447
473448
473449
473534
473535
473539
473549
473552
473632
473633
473641
473719
473720
473721
473722
473725
473731
473733
473806
473807
473808
473809
473810
473814
473887
473890
473892
473894
473895
473899
473900
473901
473978
473979
473980
473984
473985
473991
474056
474060
474061
474062
474064
474066
474067
474138
474141
474142
474143
474214
474216
474268
474278
474280
474285
474347
474405
474435
474476
474483
474555
474737
474795
474806
474839
474847
474887
474988
474991
475035
475076
475123
484960
486055
486139
486475
486481
486560
486561
486562
486574
486653
486733
486739
486741
486742
486743
486744
486747
486835
486836
486837
486924
486926
486927
486937
487010
487013
487015
487016
487019
487021
487102
487104
487112
487177
487179
487181
487182
487184
487195
487258
487263
487264
487269
487270
487337
487338
487339
487340
487345
487346
487480
487549
487605
487623
487666
487676
487731
487802
487808
487848
487854
487859
487909
487931
487976
487977
488020
488023
488098
488128
488139
488232
488235
488239
499044
499400
499659
499745
499835
499836
499838
499928
499930
499940
500010
500017
500020
500023
500028
500107
500109
500208
500280
500285
500291
500292
500368
500443
500444
500448
500450
500451
500453
500528
500602
500604
500605
500606
500609
500613
500733
500740
500951
500960
501079
501138
501196
501252
501253
501379
501412
501434
501438
501469
511442
512577
512582
512845
513024
513026
513206
513208
513210
513211
513212
513213
513214
513224
513303
513309
513310
513395
513401
513414
513478
513487
513569
513571
513579
513649
513749
513804
513823
513827
513887
513953
513976
514021
514177
514178
514247
514248
514301
514419
514420
514422
514592
514594
514648
514716
514758
514762
523768
524968
526122
526382
526392
526571
526661
526753
526756
526837
526838
526845
526858
527171
527256
527267
527332
527392
527408
527410
527460
527531
527537
527618
527677
527752
527793
527795
527816
527825
527855
527856
527871
527915
527981
527990
528034
528036
528109
538075
539184
539646
539914
540198
540277
540280
540356
540358
540382
540441
540442
540527
540607
540617
540688
540689
540764
540767
540779
540859
540861
540865
540875
540919
540922
540937
540939
541087
541153
541204
541211
541274
541477
550511
552570
553042
553122
553224
553307
553937
554336
554342
554418
554424
554425
554495
554497
554626
554772
554774
554978
554996
563268
563474
563697
566054
566152
566344
566436
566696
567089
567268
567357
567445
567534
567621
567623
567705
567717
567782
567783
567791
567799
567867
567869
567875
567944
567945
567948
567950
567954
568010
568024
568027
568028
568030
568034
568037
568102
568103
568105
568107
568167
568186
568187
574757
575708
576335
576441
576861
576963
577073
577295
579900
579912
580670
580685
580697
580842
580853
580931
580932
580933
580937
581020
581021
581029
581034
581105
581107
581190
581193
581273
581274
581275
581276
581277
581341
581348
581350
581352
581360
581361
581415
581422
581427
581428
581429
581432
581485
581500
581501
581503
581505
581507
581509
581575
581580
581583
581587
582048
589232
591234
591319
593489
593673
593863
593960
594377
594446
594527
594533
594535
594617
594698
594783
594842
594860
594923
595001
595061
595079
595080
595081
595085
595155
595158
595230
595419
602427
602522
602627
602735
606665
607104
607105
607480
607573
607763
608074
608085
608141
608147
608152
608153
608219
608221
608223
608224
608225
608229
608289
608296
608299
608300
608371
608373
608376
608440
608444
608452
608505
608506
608571
608644
608724
608725
608726
608741
608794
608795
608800
608803
608867
608868
608873
608931
615763
617140
617246
617247
617997
620460
620643
620828
620920
621113
621578
621630
621642
621644
621790
621812
621873
621887
621954
621955
621969
621975
622030
622038
622041
622057
622070
622119
622121
622193
622196
622199
622203
622268
622270
622281
622342
622412
622477
622545
622600
622667
622734
622813
627694
628207
629421
631100
634088
634175
634432
634521
634687
634773
635036
635118
635122
635203
635216
635279
635286
635297
635360
635376
635393
635438
635450
635452
635455
635473
635536
635619
635686
635687
635690
635758
635760
635764
635768
635835
635837
635844
635845
635847
635861
635910
635915
635916
635918
635920
635989
635990
635994
636064
636069
636131
636141
636199
636318
636325
636398
636735
636827
641261
641337
641524
641618
641619
641624
641628
641722
642946
643256
644920
646606
646607
647542
647544
647728
647824
647904
648065
648227
648306
648381
648386
648388
648469
648630
648633
648713
648714
648716
648730
648733
648800
648864
648867
648885
648936
648944
648945
648946
648947
648952
648964
649020
649026
649027
649028
649029
649031
649034
649036
649046
649095
649104
649113
649115
649119
649182
649184
649186
649187
649192
649215
649339
649350
649406
649407
649412
649474
649476
649478
649479
649481
649493
649549
649553
649554
649559
649625
649641
649642
649700
649704
649772
650558
654640
654811
654813
654814
655002
655193
656411
658260
658534
658819
659556
660674
660759
660940
661112
661286
661289
661457
661459
661546
661549
661725
661800
661883
661971
662069
662141
662145
662157
662229
662230
662231
662308
662311
662312
662313
662314
662324
662326
662380
662382
662383
662384
662385
662394
662454
662456
662459
662460
662462
662463
662464
662465
662472
662484
662531
662532
662533
662534
662535
662537
662538
662547
662601
662603
662605
662606
662608
662609
662610
662614
662618
662620
662667
662679
662680
662681
662682
662683
662685
662688
662689
662754
662757
662758
662760
662761
662763
662832
662833
662836
662838
662901
662904
662906
662907
662909
662968
662972
662973
662977
663040
663041
663104
663108
663175
663182
663292
663300
663762
667826
667996
668003
668089
668090
668364
668648
668748
669076
669778
669867
669879
670665
671950
672058
672160
673076
673724
674676
674759
674760
674856
674944
675023
675109
675199
675200
675281
675365
675441
675442
675446
675451
675523
675529
675603
675604
675605
675606
675607
675614
675683
675684
675685
675693
675760
675762
675763
675764
675765
675772
675775
675832
675837
675841
675843
675845
675851
675921
675923
675924
675925
675927
675929
675930
675932
675951
675999
676000
676003
676004
676010
676023
676079
676080
676083
676087
676088
676090
676096
676097
676161
676163
676164
676238
676239
676240
676243
676297
676310
676317
676328
676390
676392
676449
676450
676452
676453
676454
676455
676519
676524
676593
676598
676676
681518
681605
681607
681608
681702
681881
681986
682082
682176
682275
682372
682485
682686
682688
682958
683754
683756
684702
685452
686843
686923
687392
687642
687643
687896
687898
687980
688067
688072
688074
688159
688162
688249
688257
688342
688434
688436
688518
688610
688700
688703
688783
688866
688870
688880
688946
688951
688957
689024
689027
689029
689030
689031
689095
689097
689172
689174
689177
689179
689180
689181
689182
689183
689203
689262
689264
689265
689270
689271
689350
689351
689364
689367
689429
689437
689438
689513
689514
689516
689519
689521
689525
689526
689602
689605
689606
689607
689629
689706
689819
689836
689837
689911
689912
689985
689986
689998
689999
690047
690060
690233
694866
694940
695109
695201
695205
695209
695298
695776
695781
695869
695881
695977
696176
698316
699419
699697
699901
700358
700450
700733
700921
701017
701102
701104
701189
701192
701368
701380
701474
701543
701552
701632
701634
701826
702009
702014
702015
702110
702112
702192
702193
702201
702277
702278
702370
702543
702546
702628
702630
702631
702632
702633
702713
702720
702721
702723
702724
702803
702808
702811
702812
702813
702814
702825
702932
702975
702994
702998
702999
703002
703076
703079
703080
703082
703107
703108
703156
703161
703167
703169
703238
703241
703243
703244
703246
703315
703476
703536
703537
703538
703539
703542
703546
704487
708435
708522
708979
708986
708988
709065
709067
709162
709163
709167
709253
709256
709257
709259
709352
709353
709357
709446
709932
710731
710732
710831
711324
711330
711340
711355
712217
712218
712447
712561
712565
712783
712875
713151
713168
713246
713252
713444
713619
713703
713787
713873
713968
714165
714368
714669
714765
714861
715422
715609
715611
715621
715701
715715
715806
716066
716070
716151
716155
716236
716250
716271
716319
716418
716429
716432
716437
716489
716497
716503
716506
716511
716579
716586
716594
716601
716655
716661
716662
716664
716666
716670
716671
716676
716694
716698
716751
716756
717017
717088
721978
722062
722243
722247
722251
722428
722508
722522
722622
722707
722902
722905
723001
723094
723095
723186
723282
723390
723487
723582
723686
723696
723986
724099
724112
724198
724620
724742
724831
724849
725061
725173
725285
725311
725399
725400
725848
725961
726066
726149
726156
726252
726355
726444
726542
726543
726638
726639
726729
727440
727765
727867
728066
728256
728442
729190
729269
729362
729533
729777
729803
729944
729960
730029
730039
730045
730178
730184
730241
730380
731111
731613
731636
735261
735331
735424
735425
735429
735522
735694
735888
735889
735895
735896
735900
735985
736076
736081
736090
736176
736270
736285
736365
736379
736471
736476
736569
736571
736574
736576
736580
736672
736680
736773
736878
736883
736984
736992
737081
737498
737501
737515
737731
737754
737840
737947
737948
737949
738178
738297
738527
738643
738646
738759
738975
739086
739379
739479
739578
740695
740797
740801
740907
741121
741218
741318
741415
741508
741521
741606
741689
741774
742061
742072
742151
742336
742432
742439
742510
742524
742603
742865
743055
743220
743315
743364
743433
743444
743518
743653
743657
743870
744454
744595
744608
744852
748219
748448
748547
748825
749016
749019
749196
749208
749210
749295
749385
749393
749395
749485
749503
749584
749594
749605
749686
749691
749692
749802
749888
749898
750008
750009
750017
750101
750106
750107
750213
750218
750222
750321
750322
750416
750419
750422
750434
750455
750542
750545
750551
750644
750653
750654
750763
750877
750878
750885
750893
750986
750988
750990
751101
751127
751565
752474
752577
752579
752764
753037
753301
753399
753610
753715
753719
753827
753926
753928
754140
754237
754246
754336
754345
754346
754453
754519
754529
754531
754621
754722
754815
754816
754901
754912
754997
754998
755089
755090
755091
755092
755177
755182
755192
755193
755263
755265
755273
755346
755348
755349
755432
755452
755517
755519
755540
755605
755608
755696
755698
755701
755704
755712
755784
755786
755788
755798
755801
755869
755870
755872
755888
755952
755953
755956
755977
756034
756036
756038
756119
756123
756126
756200
756205
756206
756208
756209
756283
756289
756298
756370
756405
756462
756532
756685
756838
756976
757162
757217
757269
757327
757396
757713
757805
761688
761780
761968
762048
762146
762148
762156
762240
762336
762337
762439
762458
762543
762563
762647
762650
762757
762763
762765
762859
762967
763059
763071
763081
763093
763164
763168
763176
763178
763179
763290
763293
763297
763299
763393
763396
763400
763402
763404
763405
763406
763407
763514
763516
763518
763524
763537
763634
763638
763642
765103
765198
765405
765506
765508
765599
765602
765699
765794
765889
765981
766062
766064
766169
766369
766473
766577
766584
766687
766782
766790
766891
766892
766990
766994
767099
767100
767113
767194
767196
767197
767293
767302
767390
767391
767393
767477
767480
767482
767484
767558
767565
767566
767655
767659
767660
767750
767755
767840
767843
767845
767936
767938
767939
767940
768028
768029
768042
768119
768121
768123
768129
768134
768196
768198
768199
768200
768203
768210
768277
768278
768371
768455
768460
768549
768562
768630
768710
768713
768796
768879
768966
768967
768968
768971
768972
769052
769053
769056
769058
769059
769060
769061
769132
769133
769136
769139
769211
769212
769217
769219
769224
769230
769295
769296
769303
769381
769382
769702
769789
769842
770219
770319
770424
770469
770470
770509
770520
770637
773295
773535
773624
773793
773889
773973
774051
774059
774137
774151
774408
774413
774414
774420
774502
774588
774768
774866
774867
774869
774872
774874
774875
774966
774967
774970
775063
775064
775066
775074
775161
775163
775167
775177
775265
775268
775270
775275
775283
775366
775367
775368
775372
775470
775471
775472
775473
775476
775477
775572
775573
775575
775662
775676
775677
775678
775771
775772
775783
775786
775789
775801
775890
775891
775893
776000
776002
776004
776007
776010
776119
776123
776126
776137
776227
776241
776370
776785
776888
776988
777092
777193
777283
777380
777477
777573
777574
777665
777666
777760
777768
777861
777863
777968
777970
778078
778081
778183
778184
778185
778280
778375
778381
778472
778562
778566
778567
778573
778582
778668
778669
778670
778766
778772
778971
778981
779061
779074
779152
779239
779240
779332
779335
779348
779430
779431
779533
779534
779627
779629
779631
779728
779730
779825
779826
779911
779917
779921
780007
780098
780104
780206
780462
780540
780641
780811
780818
780972
780976
781060
781144
781310
781656
781657
781732
781735
781804
781884
781885
781886
781887
781962
781967
781968
782045
782048
782049
782055
782129
782231
782496
782553
782612
782676
782752
782812
782910
783057
783104
783115
785870
786116
786197
786471
786553
786556
786559
786634
786641
786647
786718
786723
786728
786806
786890
786894
786975
786979
786983
787072
787162
787168
787256
787261
787263
787354
787355
787356
787357
787449
787453
787549
787550
787555
787649
787752
787753
787856
787857
787868
787959
787968
788167
788170
788273
788374
788480
788594
788695
788716
788794
788807
788912
789021
789237
789259
789332
789430
789433
789521
789533
789612
789613
789707
789708
789710
789798
789802
789887
789888
789889
789974
789979
789980
789982
790076
790077
790078
790090
790182
790184
790186
790293
790295
790296
790402
790405
790506
790512
790602
790608
790706
790709
790802
790806
790901
790907
790916
791008
791010
791012
791120
791149
791230
791232
791342
791347
791451
791454
791546
791548
791551
791554
791647
791740
791741
791837
791841
791928
792029
792120
792208
792401
792412
792495
792497
792594
792686
792777
792860
793123
793201
793205
793288
793290
793298
793354
793524
793705
793804
793877
793959
793971
794041
794044
794110
794201
794270
794352
794353
794360
794430
794431
794432
794434
794439
794442
794500
794506
794512
794592
794595
794668
794673
794745
794796
794821
794884
794933
795058
795061
795206
795246
795268
795300
795527
798491
798658
798741
798821
798825
798897
798898
798900
798962
798972
799040
799051
799125
799225
799230
799309
799313
799316
799404
799507
799518
799596
799600
799603
799696
799709
799795
800100
800293
800304
800499
800607
800697
800702
800703
800899
801005
801108
801111
801218
801223
801323
801324
801428
801429
801528
801531
801532
801630
801631
801719
801730
801802
801803
801885
801890
801893
801972
801973
801976
801979
801980
802068
802071
802170
802172
802174
802265
802269
802366
802373
802375
802474
802481
802482
802583
802587
802683
802692
802783
802786
802790
802885
802889
802891
802982
803083
803086
803087
803088
803090
803196
803197
803200
803311
803405
803427
803521
804034
804405
804502
804504
804601
804602
804604
804605
804703
804711
804798
804816
804893
804982
804990
805064
805068
805238
805309
805324
805328
805410
805488
805496
805506
805595
805664
805743
805833
806072
806086
806151
806236
806313
806478
806551
806552
806626
806629
806632
806702
806704
806705
806707
806709
806713
806714
806782
806783
806784
806785
806786
806787
806788
806789
806791
806856
806862
806931
807528
807535
807677
807726
810602
810603
810678
810681
810755
810757
810758
810761
810763
810825
810829
810832
810833
810836
810897
810904
810908
810909
810980
810981
810991
811059
811062
811065
811139
811145
811146
811225
811230
811317
811319
811322
811325
811338
811339
811418
811420
811421
811430
811509
811510
811511
811512
811604
811611
811613
811627
811694
811696
811697
811698
811707
811708
811792
811804
811808
811987
812193
812194
812291
812377
812382
812475
812477
812478
812582
812675
812776
812875
812972
812973
812975
813073
813075
813076
813077
813172
813185
813275
813381
813480
813566
813573
813663
813761
813764
813766
813859
813861
813971
814077
814174
814179
814280
814382
814479
814485
814568
814577
814578
814675
814676
814774
814775
814866
814873
814876
814973
814981
815080
815085
815185
815295
815298
815402
815407
815508
815614
815718
815730
815818
815819
815821
815915
815916
815922
815923
816009
816010
816019
816105
816106
816111
816198
816200
816298
816406
816495
816596
816786
816968
817042
817051
817126
817214
817216
817391
817484
817570
817639
817717
818021
818121
818197
818276
818328
818373
818405
818407
818417
818494
818498
818570
818573
818649
818650
818651
818652
818654
818655
818657
818659
818660
818724
818725
818728
818731
818736
818801
818802
818805
818945
819013
819090
819216
819358
819399
819448
819502
819596
819638
819670
821545
822200
822269
822271
822280
822342
822343
822347
822349
822420
822493
822499
822554
822555
822556
822557
822610
822613
822617
822677
822681
822684
822685
822686
822754
822758
822763
822841
822843
822844
822930
822936
823133
823135
823143
823326
823398
823582
823612
823678
823679
823681
823767
823770
823777
823848
823852
823854
823857
823946
823947
824043
824044
824135
824138
824140
824141
824240
824241
824259
824431
824524
824527
824544
824624
825025
825122
825225
825328
825332
825534
825543
825545
825645
825656
825749
825852
825953
825954
826045
826236
826329
826330
826431
826527
826530
826641
826738
826853
826854
826954
826956
827063
827262
827273
827368
827668
827944
828241
828333
828428
828516
828600
828697
828760
828864
828936
828942
829022
829102
829103
829111
829341
829475
829559
829648
829719
829720
829722
829726
829727
829732
829798
829860
829931
829939
829946
830006
830007
830012
830017
830076
830079
830083
830084
830089
830162
830163
830164
830165
830168
830169
830170
830171
830172
830235
830239
830242
830246
830248
830309
830311
830318
830322
830384
830385
830525
830724
830972
830991
830993
831041
831094
831132
831138
831141
831150
831241
832615
833572
833647
833721
833722
833728
833789
833790
833791
833792
833795
833851
833852
833854
833859
833860
833906
833911
833913
833914
833916
833922
833979
833986
833987
833989
834075
834157
834258
834263
834350
834359
834609
834701
834774
834785
834793
834875
834879
834897
834972
834982
834983
835066
835067
835084
835085
835152
835153
835245
835249
835347
835349
835448
835545
835643
835648
835657
835732
835735
835835
835922
836014
836118
836218
836521
836631
836634
836736
836842
836946
837060
837357
837434
837442
837444
837519
837609
837618
837708
837910
838014
838123
838221
838223
838224
838235
838325
838425
839488
839588
839681
839683
839848
839930
839937
840012
840013
840099
840102
840180
840181
840183
840184
840185
840258
840338
840348
840354
840355
840412
840417
840418
840428
840636
840650
841006
841007
841094
841227
841234
841282
841283
841286
841287
841296
841297
841299
841300
841302
841307
841361
841362
841366
841368
841369
841374
841375
841376
841377
841432
841437
841444
841506
841508
841510
841511
841581
841591
841725
841805
841950
842011
842093
842122
842129
842136
842171
842222
842223
842235
842243
842263
842268
842339
842366
844635
844641
844702
844704
844706
844769
844775
844828
844831
844833
844895
844897
844899
844901
844902
844903
844971
844975
844976
844977
844979
844980
844991
845066
845067
845069
845070
845071
845072
845159
845162
845164
845166
845169
845254
845260
845262
845264
845346
845347
845352
845353
845444
845516
845588
845669
845670
845673
845754
845757
845760
845762
845849
845928
846013
846025
846102
846106
846112
846220
846297
846300
846388
846391
846485
846489
846503
846580
846767
846849
846953
847051
847054
847162
847168
847254
847456
847464
847562
847677
847778
847787
847886
847892
847893
847991
847992
848004
848096
848104
848200
848285
848287
848288
848298
848371
848450
848451
848461
848542
848547
848640
848740
848742
848845
848847
848954
849056
849057
849058
849175
849261
849349
849351
849642
850328
850420
850779
851045
851129
851203
851210
851284
851285
851286
851287
851289
851290
851301
851353
851354
851360
851362
851378
851453
851501
851721
851725
851796
851855
851856
851867
851878
851925
851931
851993
852059
852060
852065
852067
852068
852071
852131
852134
852138
852157
852191
852199
852200
852206
852207
852208
852209
852224
852262
852265
852266
852267
852326
852328
852333
852336
852392
852396
852398
852400
852402
852403
852405
852471
852473
852479
852545
852619
852943
853043
853050
853095
853179
853183
853184
853203
853204
853207
853230
853232
853258
853261
854434
855000
855142
855148
855346
855554
855555
855558
855630
855631
855632
855714
855717
855719
855720
855725
855801
855803
855805
855811
855888
855892
855893
855894
855896
855973
855977
855980
856070
856071
856202
856282
856288
856368
856369
856374
856377
856454
856456
856458
856459
856619
856623
856705
856793
856794
856796
856887
856980
856987
857067
857164
857258
857445
857450
857543
857636
857642
857737
857745
857747
857748
857844
857945
857954
858168
858261
858371
858374
858381
858382
858584
858587
858592
858792
858888
858977
859172
859234
859235
859419
859426
859520
859621
859624
859727
859729
860032
860897
861245
861512
861517
861597
861769
861775
861837
861854
861855
861928
861931
861932
861934
861998
861999
862000
862005
862061
862064
862065
862071
862072
862135
862139
862207
862221
862276
862349
862350
862363
862368
862432
862497
862500
862512
862513
862551
862566
862571
862622
862627
862637
862638
862693
862694
862695
862698
862755
862763
862770
862774
862775
862783
862831
862835
862836
862840
862841
862842
862843
862847
862864
862903
862904
862915
862919
862971
862974
862982
862983
863033
863040
863045
863098
863165
863166
863170
863232
863234
863241
863307
863402
863410
863503
863504
863512
863611
863614
863793
863828
865516
866379
866451
866531
866613
866615
866620
866710
866793
866878
867039
867205
867291
867292
867293
867379
867392
867484
867572
867674
867680
867776
867873
867878
868179
868285
868383
868388
868389
868390
868481
868495
868582
868584
868589
868593
868681
868683
868684
868691
868788
868796
868797
868805
868895
868998
868999
869098
869099
869203
869291
869381
869835
871182
871184
871274
871962
872046
872219
872220
872297
872298
872299
872310
872322
872369
872373
872374
872375
872449
872578
872580
872588
872717
872736
872793
872799
872865
872868
872873
872893
872919
872939
872996
873000
873014
873056
873059
873063
873065
873070
873130
873132
873133
873140
873145
873200
873205
873209
873211
873222
873269
873275
873276
873279
873296
873343
873362
873410
873425
873499
873610
873618
873668
873671
873722
873733
873774
873775
873819
873821
873822
873876
873919
873921
873935
873966
874014
874074
874083
874112
874120
874139
874144
874145
875552
875555
875705
876588
876589
876600
876671
876674
876686
876690
876756
876758
876759
876760
876763
876841
876852
876942
877030
877110
877221
877348
877434
877442
877526
877724
877729
877744
877830
877917
877918
878025
878119
878136
878328
878337
878427
878429
878434
878529
878629
878713
878722
878726
878827
878926
878927
878930
879019
879134
879326
879331
879414
879701
881503
881504
881773
881846
882117
882198
882274
882275
882281
882285
882352
882358
882433
882436
882446
882447
882508
882509
882515
882600
882641
882642
882650
882711
882851
882861
882862
882864
882927
882933
882992
882993
883004
883025
883057
883058
883067
883125
883126
883130
883132
883194
883196
883198
883199
883201
883203
883208
883268
883271
883272
883273
883278
883281
883287
883289
883340
883349
883350
883351
883352
883360
883417
883419
883421
883431
883481
883558
883563
883586
883636
883702
883717
883763
883879
883897
883929
883934
883935
883978
883981
883985
883992
884079
884159
884194
884212
884230
884231
885013
885087
885088
885150
885218
885812
885885
885965
886262
886343
886350
886427
886432
886513
886698
886774
886777
886896
887019
887024
887032
887122
887182
887375
887478
887570
887578
887666
887763
887768
887769
887775
887871
887962
887972
888066
888169
888176
888364
888374
888375
888376
888459
888461
888552
888554
888651
888657
888747
888941
888948
889046
889263
889539
889546
889634
891126
891225
891408
892000
892091
892170
892171
892238
892244
892249
892302
892307
892308
892434
892515
892516
892570
892571
892572
892578
892639
892640
892714
892715
892719
892727
892789
892794
892850
892851
892869
892923
892984
892988
892989
892995
893066
893067
893069
893126
893151
893197
893207
893209
893226
893264
893265
893276
893283
893334
893335
893342
893404
893424
893497
893551
893625
893764
893811
894758
894821
894829
894893
895034
895104
895177
895546
895614
895698
895774
895782
895790
895866
895975
896371
896378
896613
896696
896720
896786
896885
896987
897080
897081
897083
897084
897174
897277
897285
897487
897683
897780
897791
897876
897958
898075
898143
898154
898161
898337
898352
898537
898540
898555
898635
898835
899124
900502
900503
900688
900689
900795
901455
901521
901533
901578
901579
901647
901648
901658
901659
901714
901724
901840
901898
901899
901903
901967
901976
901984
902052
902060
902062
902106
902107
902109
902216
902234
902248
902254
902306
902322
902323
902375
902383
902402
902409
902441
902447
902484
902515
902519
902524
902532
902542
902584
902586
902588
902595
902610
902616
902655
902656
902660
902672
902677
902690
902717
902795
902803
902810
902926
902982
903105
903106
903231
903287
903605
904099
904147
904206
904275
904277
904280
904429
904588
904659
904743
904746
905194
905265
905425
905497
905506
905690
905849
905858
905951
906141
906235
906245
906346
906643
906655
906733
906819
906916
906921
907009
907010
907011
907014
907104
907114
907202
907387
907408
907480
907579
907595
907672
907763
907765
907866
910531
910532
910609
910610
910613
910684
910694
910809
910820
910868
910875
910881
910992
910995
911011
911046
911050
911053
911058
911118
911125
911132
911180
911196
911254
911264
911265
911315
911319
911330
911369
911374
911375
911385
911387
911433
911435
911441
911458
911501
911502
911504
911507
911508
911509
911514
911520
911564
911567
911634
911644
911648
911707
911713
911750
911852
911984
912030
912381
912669
912705
912750
912752
912819
912866
913073
913079
913081
913156
913163
913226
913309
913384
913460
913471
913550
913635
913741
913892
913898
914062
914138
914578
914762
914862
915065
915164
915361
915541
915637
915639
915735
915740
915927
916222
919394
919395
919485
919779
919786
919831
919872
919882
919883
919937
919951
919954
920015
920077
920080
920081
920126
920127
920142
920143
920183
920187
920197
920201
920207
920248
920256
920257
920261
920320
920332
920340
920387
920396
920432
920450
920454
920898
920957
920982
920987
921050
921219
921282
921328
921367
921373
921412
921466
921474
921530
921531
921537
921597
921657
921662
921672
921737
921743
921820
921828
921898
921964
921967
922047
922127
922210
922454
922459
922542
922712
923043
923208
923312
923316
923324
923404
923417
924469
924486
924564
924848
928030
928092
928482
928484
928538
928549
928553
928597
928601
928654
928764
928765
928773
928775
928776
928818
928819
928824
928826
928835
928836
928876
928888
928893
928899
928937
928939
928944
928948
928994
929001
929007
929015
929016
929048
929096
929138
929277
929404
929431
929456
929463
929471
929507
929662
929696
929748
929758
929803
929808
929809
929815
929816
929852
929855
929858
929875
929903
929904
929912
929954
929957
930010
930025
930085
930147
930151
930156
930209
930218
930223
930273
930345
930349
930355
930361
930421
930497
930499
930572
930645
930651
930790
930864
930873
930945
930954
931024
931028
931243
931410
931412
931505
931695
931799
931888
932858
932860
932947
933207
933302
933478
936468
936789
936878
936887
936939
936979
936983
936990
936991
937035
937036
937040
937044
937046
937059
937093
937100
937204
937205
937206
937225
937262
937267
937281
937316
937318
937326
937361
937365
937408
937461
937464
937466
937467
937473
937487
937495
937524
937627
937650
937671
937680
937701
937708
937743
937746
937956
937998
938046
938055
938057
938058
938097
938099
938109
938151
938153
938158
938159
938161
938204
938209
938212
938214
938215
938216
938264
938269
938274
938275
938326
938330
938334
938335
938343
938397
938403
938404
938459
938463
938464
938523
938529
938533
938538
938588
938591
938656
938658
938659
938672
938724
938791
938793
938798
938802
938870
938871
939143
939217
939277
939279
939348
939422
939498
939682
939687
939693
939698
939785
939787
939789
939790
939891
939983
939985
941216
941441
944435
944501
944773
944855
944856
944949
944950
944955
944998
945004
945010
945187
945215
945241
945256
945264
945267
945275
945285
945294
945299
945307
945309
945329
945344
945345
945349
945350
945362
945363
945367
945369
945384
945388
945389
945406
945489
945519
945558
945559
945594
945632
945637
945756
945778
945857
945865
945904
945910
945911
945918
945944
945951
945956
945957
945960
945999
946005
946021
946060
946063
946070
946116
946126
946181
946247
946250
946258
946317
946318
946319
946320
946321
946387
946389
946391
946454
946458
946462
946526
946529
946589
946593
946658
946800
946809
946938
947068
947076
947138
947144
947296
947361
947362
947365
947377
947446
947544
947627
947628
947638
947731
947822
947922
947923
952429
952480
952490
952537
952573
952645
952705
952763
952805
952825
952843
952856
952858
952886
952896
952902
952917
952964
953006
953021
953051
953089
953090
953091
953132
953163
953216
953338
953355
953364
953395
953401
953405
953406
953449
953451
953460
953482
953495
953498
953500
953502
953503
953546
953554
953556
953557
953608
953610
953612
953669
953671
953672
953678
953682
953690
953744
953745
953748
953757
953810
953811
953813
953816
953818
953820
953821
953824
953825
953883
953885
953894
953953
954104
954107
954179
954242
954313
954373
954392
954601
954864
954937
954943
954953
955114
955117
955213
955215
955218
955307
955319
955331
955402
955491
955493
959999
960033
960089
960135
960209
960280
960310
960312
960313
960349
960387
960470
960546
960549
960597
960599
960600
960602
960605
960608
960633
960645
960646
960647
960648
960649
960652
960656
960661
960701
960704
960713
960754
960756
960762
960765
960813
960818
960819
960820
960821
960830
960876
960890
960937
960940
960947
960949
960954
961078
961083
961085
961086
961154
961156
961158
961235
961296
961302
961303
961362
961363
961369
961374
961378
961431
961433
961436
961442
961443
961588
961645
961658
961662
961717
961719
961917
962060
962133
962135
962206
962306
962315
962386
962392
967507
967510
967515
967546
967675
967745
967804
967816
967851
967856
967905
967914
967969
967971
968029
968082
968091
968100
968144
968146
968155
968215
968276
968279
968293
968350
968421
968430
968491
968500
968508
968512
968565
968576
968588
968639
968640
968644
968695
968709
968711
968713
968770
968782
968841
968842
968903
969044
969089
969163
969222
969292
969312
969371
969487
969537
969629
969630
974683
974739
974778
974792
974863
975088
975162
975166
975215
975270
975281
975337
975339
975400
975451
975458
975470
975473
975582
975591
975643
975654
975671
975721
975722
975796
975804
975868
975878
975927
975930
975995
975996
976000
976056
976059
976141
976318
976375
976377
976379
976387
976595
976681
977010
977881
981863
981865
981908
981949
982072
982085
982140
982181
982197
982241
982452
982459
982461
982474
982519
982585
982590
982591
982656
982710
982711
982714
982725
982780
982781
982787
982789
982855
982866
982914
982917
982918
982920
982922
982929
982992
983029
983035
983341
983396
983397
983399
983403
983456
983461
983526
983693
984831
988927
989116
989237
989259
989300
989352
989419
989452
989513
989533
989577
989581
989587
989588
989655
989708
989711
989718
989877
989985
990159
990199
990208
990282
990283
995671
995710
995744
995804
995830
995957
995986
996083
996208
996248
996249
996252
996358
996367
996369
996371
996418
996425
996430
996475
996527
996630
996641
996688
996695
996787
996842
996912
997193
1.00231e+06
1.00237e+06
1.0024e+06
1.00242e+06
1.0025e+06
1.00259e+06
1.00264e+06
1.00269e+06
1.00269e+06
1.00274e+06
1.00275e+06
1.00285e+06
1.00286e+06
1.00286e+06
1.00287e+06
1.00291e+06
1.00291e+06
1.00292e+06
1.00294e+06
1.00296e+06
1.00296e+06
1.00298e+06
1.00312e+06
1.00317e+06
1.00321e+06
1.00326e+06
1.00331e+06
1.00877e+06
1.0089e+06
1.00903e+06
1.00907e+06
1.00913e+06
1.00918e+06
1.00918e+06
1.00923e+06
1.00924e+06
1.00924e+06
1.00929e+06
1.0093e+06
1.00934e+06
1.00936e+06
1.00936e+06
1.00944e+06
1.0095e+06
1.0095e+06
1.0096e+06
1.00967e+06
1.00968e+06
1.00972e+06
1.00972e+06
1.01499e+06
1.01509e+06
1.01516e+06
1.01523e+06
1.01535e+06
1.01537e+06
1.0154e+06
1.01541e+06
1.01541e+06
1.01552e+06
1.01553e+06
1.01559e+06
1.01563e+06
1.01564e+06
1.01573e+06
1.01574e+06
1.01582e+06
1.02087e+06
1.02103e+06
1.02105e+06
1.02106e+06
1.02115e+06
1.02115e+06
1.02115e+06
1.02128e+06
1.02133e+06
1.02158e+06
1.02161e+06
1.02172e+06
1.02173e+06
1.02669e+06
1.02682e+06
1.02682e+06
1.0269e+06
1.02691e+06
1.02691e+06
1.02695e+06
1.02715e+06
1.02716e+06
1.02721e+06
1.02721e+06
1.02725e+06
1.02725e+06
1.0273e+06
1.02732e+06
1.03227e+06
1.03239e+06
1.03248e+06
1.03249e+06
1.03253e+06
1.03726e+06
1.0373e+06
1.0422e+06
1.04228e+06
