444040
444140
444245
444534
444629
456677
457466
457558
457567
457659
457757
457758
470276
470663
470755
470847
470848
470952
483921
483922
484015
484104
484106
484107
484197
484200
496389
497416
497421
497506
497509
497512
497513
497518
497519
497684
510206
510209
510222
510302
510573
510658
510744
510746
510819
510824
510828
510829
510834
510901
510911
510914
510915
523630
523813
523816
523896
523977
523980
524068
524069
524070
524155
524232
524235
524236
524320
537322
537327
537396
537488
537491
537581
537582
537586
537660
537662
537664
537665
537740
537742
537744
537827
537832
537917
538015
538016
550846
550930
551005
551011
551093
551094
551095
551182
551183
551188
551257
551260
551263
551264
551425
551429
563205
564380
564466
564634
564635
564719
564720
564723
564798
564799
564800
564868
564951
564952
564954
564957
565040
565041
575707
576682
577457
577872
577950
578211
578213
578284
578285
578286
578370
578457
578458
578537
578538
589248
590008
591271
591359
591449
591613
591695
591696
591697
603841
604916
604917
604919
605033
605136
605225
605230
605322
605323
605417
605418
605508
605596
605597
618481
618482
618805
618903
618905
618908
619000
619009
619184
631551
632214
632222
632326
632429
632431
632432
632529
645763
645772
645878
645986
645988
646099
657771
658559
659395
672307
672407
699631
739222
739316
739414
739512
751908
752114
752211
764942
