453003
453082
453083
453084
453086
453172
465567
465663
465752
465843
465931
465933
466022
466107
466193
466194
466196
466282
466283
466285
466374
466376
466378
466463
466464
466465
466642
478549
478550
478730
479086
479174
479177
479263
479349
479351
479352
479441
479442
479445
479532
479533
479537
479541
479625
491848
491849
491926
492014
492095
492274
492365
492462
492538
492539
492623
492624
492625
492714
492802
492811
492812
493079
505288
505368
505453
505454
505455
505458
505820
505828
505904
506083
506092
506180
518779
519216
519306
519487
519496
519585
532839
532840
532920
545782
546303
546385
546476
559349
559431
559691
559782
572820
572897
573160
573242
573327
573411
586696
586697
586781
600382
613946
613947
627689
