79066
112788
122014
141232
181064
181069
181259
182025
182026
191936
192700
192810
192918
193024
193469
202737
202935
203031
203412
203827
204050
204264
214010
214109
214113
214213
214214
214691
215452
225561
225655
225656
225865
225868
226599
226815
226826
237408
237518
237624
238687
249716
249816
249917
249926
250026
250040
250139
250142
250567
250987
262302
262621
263398
263400
274367
274873
274880
274881
274993
275537
287149
287383
287388
287505
299469
299796
300132
300136
300567
300785
311873
313532
314733
325099
325319
325434
325549
325559
325658
325768
325772
325878
326183
337754
337960
338069
338070
338076
338180
338287
338288
338289
338292
338305
338396
338397
338398
338401
338404
338405
338411
338613
338748
338859
338860
339080
340232
350552
350989
351095
351298
351300
351402
351404
351501
351502
351613
351614
351861
351972
351973
352079
352086
352190
362389
363418
364359
364461
364567
364569
364571
364574
364579
364679
364687
364777
364782
364787
364789
377483
377685
377691
377692
377800
377802
378440
378637
390443
390528
390627
390727
390728
390827
391477
415720
416611
417638
427865
429920
442924
