393339
393343
445205
445208
445210
445218
445315
445320
457942
458031
458128
458132
458141
458229
458230
458233
458247
458248
458321
458326
458330
458338
458430
470918
471125
471225
471322
471324
471325
471326
471327
471341
471342
471425
483988
484078
484174
484468
497389
497477
497487
497659
497756
497770
497853
498970
510711
510810
511087
511175
524380
537623
537885
550977
550978
551228
551485
551571
551585
552282
552777
552869
564773
564847
565108
565210
565295
565486
566265
566284
566285
566564
578341
578436
578600
578685
578689
578797
578885
579092
579100
579172
579264
579265
579355
591583
591665
592101
592295
592502
592782
592790
592791
592969
593059
605393
605574
605668
606044
606046
606147
606244
606246
606339
606426
606428
607135
619343
619642
619730
619737
619741
619836
619838
619839
619840
619930
619931
620107
633072
633364
633452
633461
633535
633536
633625
633726
633728
646714
646816
646825
646917
647182
659675
659768
659858
673189
673278
673279
673555
674023
674024
674026
686670
686760
686930
687031
687400
687402
700192
700367
700372
700466
700471
700555
700556
700658
700749
700835
700836
700846
713086
713633
713710
713715
713717
713889
713976
713978
714182
714280
714282
714289
714382
714384
726938
726999
727164
727355
727787
740208
753737
777779
790201
