52625
58923
58984
58991
59122
65735
65741
65800
65801
65860
65869
72567
72647
72793
72802
72938
72950
73016
73090
79064
79153
79736
80148
80223
80294
80372
80376
80378
80380
80381
80451
80453
80454
80524
80525
80592
86788
86878
86965
87154
87240
87241
87558
88017
88090
88099
88162
88167
88241
88248
88322
88326
88327
88329
88330
88406
88408
88409
88411
88412
88413
88490
88567
95115
95300
95301
95304
95307
95389
95395
95475
96275
96356
96363
96428
96433
96525
96533
96610
96611
96613
96614
96625
96702
96703
96705
96710
96792
96793
96796
96799
103759
103851
103853
103854
103857
103946
103948
103949
104042
104043
104127
104133
104134
104217
104937
104947
105020
105198
105200
105205
105206
105291
105292
105300
105384
105385
105399
105481
105482
105566
112681
112682
112775
112777
112871
112873
112879
112967
112973
113061
113067
113068
113072
113151
113238
113253
113813
113897
113979
113995
114257
114258
114265
114271
114353
114356
114446
114531
114534
114620
121817
121820
121908
121911
121912
121913
122000
122002
122006
122008
122098
122099
122102
122103
122111
122196
122199
122293
122295
122300
122309
122380
122381
122471
122563
122564
122766
123130
123210
123211
123214
123215
123298
123477
123478
123483
123569
123574
123576
123756
123840
131208
131305
131321
131397
131400
131407
131492
131581
131592
131593
131679
131682
131770
131772
131864
131865
131868
131874
131955
131957
132053
132060
132171
132263
132626
132720
132724
132816
132916
133010
133108
133109
133120
140931
141029
141138
141219
141315
141316
141318
141319
141322
141513
141516
141605
141607
141608
141696
141697
142017
142198
142202
142212
142291
142292
142293
142294
142673
142766
142768
142868
142874
142882
142966
150841
150941
150943
151031
151033
151142
151151
151235
151236
151330
151331
151427
151428
151429
151435
151522
151525
151533
151719
151722
151823
151925
152133
152217
152229
152507
152613
152625
152710
152714
152719
152809
152817
160957
161055
161157
161246
161247
161248
161347
161352
161353
161446
161452
161544
161545
161640
161646
162135
162136
162138
162240
162245
162332
162335
162341
162427
162522
162738
162741
162840
162841
162847
162849
162938
162943
162944
162956
163032
171051
171256
171447
171655
171672
171760
171850
171854
171943
172043
172122
172221
172321
172420
172422
172435
172528
172529
172530
172628
172819
172820
173031
173034
173137
173143
173235
173236
173327
173330
173333
173339
173340
173419
181811
181909
182019
182232
182236
182329
182435
182522
182527
182622
182623
182627
182717
182810
182905
182906
183111
183115
183217
183218
183222
183310
183313
183314
183315
183316
183319
183412
183417
183510
183514
183724
183825
183826
183917
183918
183923
183925
184007
184008
184010
184012
184097
192796
192910
193018
193021
193025
193119
193135
193227
193228
193229
193232
193335
193341
193431
193432
193434
193816
194027
194030
194034
194129
194236
194241
194334
194335
194338
194551
194553
194645
194653
194750
194755
194845
194846
194847
194858
194935
194936
194937
194939
194941
204144
204253
204353
204354
204363
204364
204366
204472
204566
204568
204569
204575
204577
204667
204669
204680
204860
205065
205164
205166
205275
205481
205806
205908
205912
206005
206006
206008
206089
206090
206092
206095
206096
215321
215642
215643
215651
215653
215655
215746
215759
215852
215855
215859
215862
215962
215963
215964
215973
216049
216065
216149
216154
216340
216450
216452
216981
217087
217088
217090
217295
217297
217303
217387
217388
217392
217393
226811
226920
227021
227119
227129
227139
227215
227224
227226
227317
227325
227329
227422
227424
227432
227433
227536
227539
227547
227626
227627
227628
227629
228377
228495
228594
228595
228596
228621
228703
228717
228811
228814
228816
228912
228913
228915
228917
229012
229013
229014
229015
238982
239077
239184
239192
239194
239284
239287
239289
239296
239298
239300
239301
239302
239303
239304
239306
239312
239395
239407
239409
239411
239419
239498
239503
239505
239514
239516
239518
239611
239713
240041
240267
240382
240385
240388
240496
240498
240605
240713
240721
240807
240904
240906
240907
250964
250966
251069
251071
251072
251075
251174
251177
251184
251185
251186
251187
251194
251284
251285
251297
251298
251304
251305
251393
251395
251398
251400
251401
251405
251406
251407
251408
251409
251498
251500
251501
251502
251504
251505
251510
251511
251513
251517
251518
251520
251606
251608
251609
251611
251613
251614
251615
251622
251624
251626
251629
251631
251716
251717
251718
251719
251720
251725
251732
251736
251824
251825
251826
251836
251930
251932
251934
252037
252039
252040
252043
252268
252269
252285
252387
252494
252496
252498
252607
252721
252722
252730
252827
252829
252835
252841
252920
252922
252924
252925
252927
253025
263156
263172
263261
263263
263265
263266
263268
263365
263366
263367
263370
263371
263375
263377
263378
263379
263384
263472
263474
263476
263477
263486
263488
263489
263490
263491
263580
263586
263587
263588
263596
263597
263598
263599
263601
263602
263606
263607
263693
263695
263697
263698
263699
263701
263702
263708
263711
263713
263714
263717
263722
263724
263804
263806
263807
263809
263810
263811
263818
263819
263825
263826
263911
263912
263913
263915
263933
263938
264014
264016
264029
264117
264119
264120
264121
264122
264124
264134
264232
264233
264234
264237
264238
264239
264240
264241
264348
264349
264350
264351
264353
264355
264357
264380
264461
264463
264465
264466
264467
264468
264469
264470
264476
264576
264577
264581
264582
264583
264587
264686
264687
264688
264689
264693
264696
264800
264806
264907
264908
265007
265109
265113
265114
265127
275620
275621
275730
275732
275733
275734
275735
275832
275835
275839
275840
275843
275845
275846
275847
275848
275849
275946
275947
275948
275949
275951
275957
275958
275960
275969
276057
276060
276061
276171
276172
276174
276284
276285
276286
276287
276393
276394
276395
276396
276402
276504
276505
276507
276509
276519
276619
276620
276621
276622
276626
276731
276733
276734
276736
276738
276749
276845
276846
276847
276848
276850
276852
276864
276958
276962
276963
276964
276979
277070
277071
277072
277073
277075
277077
277079
277169
277170
277173
277174
277176
277177
277185
277274
277275
277276
277277
277278
277280
277366
277367
277372
277373
277377
288231
288232
288342
288346
288347
288353
288457
288458
288465
288470
288580
288586
289008
289106
289108
289113
289215
289217
289232
289323
289324
289339
289432
289433
289434
289439
289538
289540
289541
289638
289639
289641
289655
289731
289732
300870
300872
300877
300878
300982
301112
