113946
123012
123097
123099
123100
123101
123179
123180
123187
123351
132597
132599
132605
132684
132685
132777
132875
142170
142262
142352
142440
142446
142534
142536
142537
142540
142634
142639
142740
142742
152095
152185
152186
152187
152279
152280
152373
152377
152378
152379
152469
152475
152477
152573
152576
152577
152578
152679
162223
162307
162311
162400
162402
162403
162404
162499
162501
162503
162504
162506
162512
162601
162706
162709
162812
162911
163656
168584
168892
172695
172697
172789
172794
172796
172802
172896
172897
172898
172899
172998
173001
173103
173206
179498
182674
182872
183189
183290
183291
183388
183391
183485
183487
183593
183598
183798
183894
189658
189913
190237
190248
190323
190780
194106
194108
194212
194215
194216
194220
194307
194316
194417
194523
194623
194907
194915
195893
200568
200570
200642
200643
200714
200715
200717
200719
200720
200801
201226
201235
201311
201314
201396
201398
201481
201764
205037
205147
205248
205252
205349
205362
205458
205565
205566
206155
211669
211913
211919
212072
212084
212159
212161
212250
212337
212338
212416
212418
212419
212495
212496
212498
212582
212583
212663
212668
212845
212937
213118
213129
213217
213308
213761
216116
216211
216318
216323
216425
216535
216536
216537
216629
216631
216638
216641
216963
217172
217176
217265
217456
223135
223218
223223
223488
223492
223577
223652
223654
223656
223657
223664
223740
223742
223744
223746
223822
223825
223830
223902
223906
223912
223980
223982
224069
224073
224153
224159
224335
224420
224422
224423
224508
224513
224516
224519
224605
224608
224616
224705
224805
224806
224900
224903
224911
225000
225005
225099
225100
225102
225199
225201
225210
225299
225400
225401
225500
225602
227700
227797
227800
227906
227907
228018
228019
228022
228128
228129
228130
228131
228233
228239
228465
228880
229715
234859
234863
234946
234947
235038
235124
235126
235215
235469
235551
235553
235555
235635
235638
235640
235641
235644
235646
235716
235717
235718
235719
235721
235793
235794
235879
235882
235964
236061
236246
236250
236251
236354
236453
236550
236551
236560
236649
236652
236751
236752
236753
236759
236852
236855
236856
236955
236957
236960
237056
237057
237058
237157
237259
237260
237266
237359
237464
237467
237472
237570
237675
237676
237781
237786
238838
238937
239369
239583
239586
239591
239689
239795
239797
239907
240131
240694
240870
246575
246651
246999
247006
247084
247086
247087
247090
247184
247347
247349
247352
247432
247433
247518
247519
247524
247605
247606
247608
247615
247695
247696
247697
247698
247703
247784
247786
247787
247788
247868
247956
248038
248045
248139
248229
248628
248728
248930
249033
249136
249341
249444
249455
249549
249551
249555
249654
249759
249762
249765
249865
250079
250081
250084
250085
250177
250182
250281
250390
250392
250500
250608
250609
250717
250825
250931
251032
251140
251252
251362
251371
251475
251476
251585
251587
251696
251701
251804
252123
252356
252700
252890
258675
258755
258832
259347
259436
259442
259528
259612
259613
259622
259703
259704
259706
259796
259797
259902
260066
260147
260237
260717
260818
261018
261020
261122
261227
261324
261733
261841
261842
262160
262259
262357
262361
262460
262463
262564
262679
262792
263012
263121
263228
263560
263674
263675
263788
263890
264217
264885
264984
265084
270794
271445
271617
271708
271714
271881
271884
271974
271975
271976
272065
272246
272427
272512
272782
272985
273193
274720
274825
274831
274932
274933
274934
275040
275147
275148
275259
275261
275267
275368
275370
275372
275478
275479
275490
275586
275695
275696
275697
275800
275806
275807
275808
275923
275924
276033
276147
276259
276269
276478
276707
276820
277348
277447
277671
283294
283368
283537
283944
284108
284111
284283
284290
284456
284457
284637
284728
284733
284899
285265
285459
285461
285661
285767
286685
286781
286879
287428
287651
287758
287759
287865
287973
287985
288084
288086
288090
288304
288646
288974
289406
289613
295561
295720
295725
295808
295889
295891
295976
296314
296315
296646
296647
296727
296728
296730
296805
296969
297238
297327
297413
299186
299614
301944
301948
302172
308182
308261
308263
308347
308351
308436
308604
308605
308793
308880
308969
309058
309143
309320
309405
309491
309578
314578
314680
320820
320903
321156
321242
321245
321335
321427
321429
321520
321522
321610
321611
321697
321698
321790
321872
321873
322301
327071
327524
333580
333662
333667
333743
333744
333747
333826
333829
333914
333915
334001
334002
334094
334095
334102
334184
334186
334283
334369
334460
334545
341463
341569
346637
346638
346644
346722
346723
346810
346902
346903
346993
346994
347083
347084
347087
347175
347176
347264
347271
347352
347354
347360
347524
347525
347617
353286
359730
359731
359819
359906
360000
360089
360092
360178
360264
360352
360430
360431
373027
373105
373112
373198
