696770
697579
699134
711039
711144
711146
711261
712708
723385
724103
724326
724420
724528
724534
724628
724636
724638
724640
725753
725985
726086
736880
737196
737416
737418
737526
737636
737638
737748
737749
737852
737961
737963
737970
737978
738085
739200
739202
749907
750012
750118
750120
750337
750338
750552
750670
750777
750784
750890
750904
750996
750997
750998
751000
752092
752188
762558
762663
763090
763196
763306
763309
763415
763523
763526
763527
763640
763643
763644
763648
763650
763749
763750
763757
763862
763874
763875
763970
763976
763989
764097
764436
764523
764621
775380
775384
775483
775905
776008
776009
776011
776021
776124
776132
776135
776234
776238
776239
776249
776347
776349
776350
776352
776360
776456
776462
776466
776471
776484
776570
776575
776576
776577
776579
776582
776591
776681
776682
776683
776684
776685
776688
776689
776690
776697
776786
776790
776791
776793
776798
776800
776803
776889
776895
787766
787784
787869
788290
788403
788483
788487
788493
788494
788500
788506
788592
788593
788595
788597
788602
788698
788699
788711
788803
788922
788923
788924
788925
788926
788939
789031
789032
789034
789036
789037
789038
789039
789057
789136
789137
789139
789140
789158
789338
789529
789531
789617
789618
789619
789715
789716
789804
789805
789895
789987
800103
800109
800111
800600
800611
800704
800808
800813
800907
800908
801010
801016
801115
801116
801121
801225
801226
801227
801229
801433
801537
801539
801544
801640
801724
801727
801807
801813
801818
801894
801981
801983
811992
812000
812001
812091
812096
812099
812102
812103
812192
812198
812199
812200
812202
812204
812209
812293
812295
812400
812411
812485
812496
812585
812588
812592
812599
812604
812680
812681
812683
812781
812783
812879
812881
812882
812883
812979
812980
812987
813082
813092
813101
813181
813279
813486
813577
813670
813672
813771
813772
813788
813877
813978
823122
823682
823686
823689
823776
823779
823784
823791
823859
823861
823862
823863
823865
824049
824050
824051
824054
824056
824057
824144
824145
824149
824161
824243
824246
824247
824252
824346
824347
824630
824729
824830
824933
825028
825135
825335
825336
825339
825442
834524
834890
834980
834993
835070
835081
835156
835178
835257
835353
835360
835365
835455
835556
835559
835829
835932
836319
836426
836636
836746
844771
845940
846027
846031
846034
846110
846308
846309
846400
846493
846675
846765
846769
846779
846957
847265
847366
847590
855425
856213
856290
856461
856464
856542
856546
856628
856633
856898
856986
856992
857081
857172
857556
857656
857749
866461
866627
866708
866709
866713
866714
866715
866718
866799
866801
866885
866886
866887
866888
866968
866973
866980
867047
867054
867142
867218
869022
875857
876518
876526
876603
876684
876685
876687
876770
876771
876772
876858
876860
876861
876946
877032
877033
877038
877045
877118
877119
877209
877212
877447
877451
877539
878236
885748
885753
885818
885828
886194
886200
886279
886280
886353
886431
886434
886436
886444
886518
886520
886523
886526
886692
886697
886783
886787
886872
886873
895471
895551
895799
895877
895887
895964
895976
896063
896220
896227
903978
904155
904218
904517
904585
904666
904748
904758
904843
904847
904937
904938
905013
905020
905108
906454
913159
913318
913319
913392
913656
913825
914585
921822
921979
921982
922143
922144
922221
922222
922223
922301
922304
930583
930655
930656
930728
930804
930879
930880
930881
939008
939165
