478463
478464
478903
478994
491613
491617
491619
491695
491696
491771
491772
491851
491925
492183
492282
504871
504953
505037
505039
505040
505043
505124
505125
505204
505205
505242
505287
505544
505636
517842
517927
518012
518013
518015
518016
518097
518098
518099
518183
518272
518276
518359
518360
518363
518443
518447
518448
518525
518526
518527
518528
518606
518607
518689
518778
518866
518955
519139
531383
531459
531461
531542
531543
531545
531546
531548
531631
531633
531634
531638
531719
531722
531802
531807
531901
531965
531969
532049
532050
532136
532137
532313
532394
544886
545039
545121
545129
545199
545200
545201
545287
545289
545291
545374
545454
545458
545535
545536
545619
545698
545702
545865
545866
558446
558752
558756
558837
558925
559013
559014
559097
559183
559266
559520
572141
572218
572304
572308
572390
572396
572474
572563
572645
572734
572814
572816
572896
585332
585657
585740
585818
585909
585910
585996
585998
586086
586087
586089
586090
586172
586264
586344
586428
586516
599163
599238
599322
599574
599665
599751
599844
599845
599936
600023
612752
612834
612989
612996
613076
613082
613163
613253
613345
613428
613431
613432
613433
613517
613618
613688
613691
626513
626653
626662
626738
626826
626914
627180
627184
627437
627935
640237
640307
640474
640482
640552
640635
640636
640724
640727
640809
640811
640815
640899
653963
654120
654203
654286
654364
654452
654530
654534
654616
654617
654626
667356
667504
667506
667734
667738
667819
667898
668075
668080
668165
681189
681503
681593
681595
694932
695101
695191
695384
708282
708348
708514
708598
708599
708688
721805
722139
