409406
409445
409535
422139
422296
422298
422387
422389
422447
422469
422472
435531
435532
448490
448737
448738
448778
448779
461796
461875
461921
461964
461970
462004
462070
474484
474552
474743
474948
474993
475000
475042
475081
475085
475121
487687
487739
487803
487804
487861
487863
487919
487983
488027
488037
488039
488085
488092
488093
488138
488149
488286
500742
500814
500880
501080
501098
501140
501144
501203
501263
501319
501320
501368
501375
501608
514029
514098
514307
514370
514371
514431
514433
514439
514482
514487
514488
514503
514547
514548
514549
514550
514552
514604
514610
514656
514662
514776
514821
527180
527253
527321
527540
527541
527611
527612
527678
527742
527802
527803
527864
527922
527923
527925
527931
527938
527980
528049
528061
528097
528202
528204
540848
541069
541071
541143
541144
541212
541279
541281
541284
541343
541344
541345
541346
541347
541406
541407
541462
541463
541464
541466
541467
541468
541469
541526
541527
541528
541532
541584
541585
541693
541697
541698
541700
541747
541748
554169
554323
554401
554480
554555
554632
554704
554778
554779
554785
554848
554850
554911
554912
554913
554919
554972
554973
554974
554979
555026
555027
555028
555035
555040
555081
555083
555084
555090
555136
555137
555138
555197
555250
555299
555300
555307
555309
555348
555358
555392
567698
567861
567934
568013
568014
568091
568092
568101
568165
568166
568179
568240
568241
568242
568243
568244
568315
568316
568323
568381
568384
568445
568446
568449
568502
568503
568504
568506
568556
568557
568558
568559
568564
568613
568614
568615
568616
568617
568666
568667
568668
568670
568672
568729
568853
581103
581413
581489
581490
581498
581560
581564
581567
581638
581639
581641
581654
581714
581715
581726
581784
581785
581795
581850
581854
581915
581916
581918
581921
581972
581975
581978
581988
582028
582030
582031
582032
582086
582087
582088
582090
582096
582143
582144
582145
582146
582147
582201
582202
582254
594774
594849
594915
594916
594917
594989
594990
594991
594992
594993
595064
595066
595067
595068
595076
595139
595140
595213
595218
595280
595343
595345
595360
595411
595413
595415
595473
595475
595476
595478
595533
595537
595540
595585
595591
595592
595595
595597
595646
595652
595653
595654
595657
595700
595709
595710
595713
595760
595762
595765
608366
608438
608439
608500
608501
608502
608562
608563
608564
608565
608567
608633
608635
608636
608639
608656
608709
608710
608711
608712
608713
608782
608784
608785
608792
608852
608854
608861
608983
609043
609047
609102
609103
609106
609107
609161
609164
609166
609172
609215
609226
609227
609272
609273
609281
609282
609284
609285
609334
609335
609336
609341
609381
609382
609385
622036
622117
622122
622184
622187
622188
622256
622258
622259
622260
622261
622265
622329
622330
622331
622335
622336
622396
622398
622400
622401
622402
622403
622470
622535
622590
622652
622661
622715
622716
622721
622722
622733
622772
622773
622774
622775
622776
622818
622820
622823
622824
622829
622871
622874
622877
622927
622934
622972
622978
622979
623078
635680
635681
635684
635747
635748
635749
635750
635753
635754
635755
635765
635828
635829
635830
635831
635833
635842
635843
635901
635902
635903
635904
635906
635907
635912
635979
635982
635983
635984
635992
636053
636058
636060
636126
636236
636245
636248
636264
636309
636312
636316
636374
636375
636376
636377
636397
636434
636436
636437
636439
636440
636442
636450
636484
636490
636492
636493
636506
636542
636543
636544
636547
636591
636642
636664
649183
649249
649320
649321
649322
649323
649324
649328
649394
649397
649398
649399
649401
649404
649463
649465
649467
649469
649473
649541
649542
649543
649544
649545
649546
649617
649688
649694
649742
649753
649808
649819
649828
649872
649879
649884
649942
649950
649952
649954
649959
650003
650004
650007
650011
650057
650064
650069
650110
650119
650133
650166
662673
662750
662751
662819
662820
662824
662825
662826
662827
662892
662893
662894
662898
662903
662959
662962
662963
662964
663024
663027
663028
663029
663030
663031
663032
663034
663095
663097
663153
663160
663163
663166
663167
663223
663224
663228
663289
663290
663291
663293
663298
663343
663351
663352
663360
663405
663406
663408
663460
663465
663506
663507
663517
663562
663621
676230
676231
676303
676304
676305
676307
676308
676375
676379
676380
676381
676387
676438
676440
676442
676443
676444
676445
676446
676502
676505
676506
676507
676509
676510
676512
676513
676514
676515
676571
676581
676582
676583
676588
676651
676654
676655
676704
676712
676714
676715
676716
676718
676719
676722
676769
676770
676780
676785
676786
676787
676791
676832
676842
676843
676860
676909
676912
676974
677032
677034
677049
677080
677096
677107
677169
689685
689744
689745
689823
689824
689826
689829
689895
689896
689897
689899
689902
689965
689970
689971
689972
689973
689974
689984
690032
690037
690038
690041
690043
690052
690106
690107
690108
690112
690113
690166
690174
690175
690176
690177
690235
690236
690238
690292
690305
690307
690308
690314
690375
690376
690379
690382
690385
690440
690442
690443
690445
690509
690571
690574
690632
690649
690741
703453
703454
703522
703524
703525
703594
703597
703600
703659
703660
703662
703724
703727
703736
703786
703795
703796
703798
703805
703848
703859
703860
703861
703868
703869
703918
703919
703920
703922
703985
703986
703990
703994
703996
704052
704057
704115
704117
704128
704185
704186
704244
716946
716947
716949
717008
717009
717010
717022
717075
717077
717279
717334
717342
717343
717344
717391
717392
717394
717403
717406
717456
717466
717467
717472
717531
717533
717536
717595
717596
717663
717722
717739
730321
730386
730389
730391
730412
730460
730461
730526
730529
730595
730660
730661
730677
730779
730923
730924
730995
731328
731329
731330
743602
743658
743660
743662
743739
743741
743880
743944
743946
743962
743965
744011
744058
744059
744069
744072
744130
744131
744132
744137
744196
744259
744260
744271
756612
756618
756693
756701
757116
757120
757161
757173
757174
757179
757194
757219
757230
757231
757272
757287
769244
769310
769407
769467
769469
769470
769471
769476
769552
769553
769632
769719
769794
769902
769959
769976
769988
770038
770160
770169
770170
770222
770231
781661
782059
782060
782061
782138
782140
782217
782218
782220
782225
782294
782296
782297
782313
782451
782502
782510
782558
782613
782624
782742
794525
794526
794599
794601
794603
794675
794677
794678
794680
794750
794753
794757
794829
794880
794881
794882
794890
794938
806640
806654
806718
806719
806722
806723
806796
806805
806812
806870
806871
806876
806877
806878
806940
806942
806943
806945
806950
806951
807014
807015
807016
807020
807021
807030
807080
807086
807087
807090
807094
807108
807147
807148
807152
807154
807159
807167
807215
807216
807279
807352
807418
807431
818431
818589
818662
818666
818678
818741
818745
818746
818747
818815
818817
818818
818822
818828
818890
818891
818894
818895
818896
818904
818953
818954
818960
818964
818965
818967
819025
819030
819034
819035
819092
819093
819115
819156
819161
819220
830400
830402
830404
830409
830412
830471
830472
830473
830475
830542
830543
830544
830597
830601
830605
830608
830669
830670
830736
830790
830799
841528
841590
841601
841747
852490
852493
852494
852565
853069
862856
862980
863121
863195
872815
873841
893282
893418
