52634
58720
58801
59064
59129
72961
73169
73173
73308
80553
80555
80758
80761
80837
88184
88432
88435
88510
88654
88743
88968
96731
96732
96735
96814
96893
97048
97301
104503
105414
105415
105420
105506
105508
105581
105584
105658
105659
105676
105747
105754
112977
113071
113837
113919
114383
114388
114470
114472
114474
114548
114549
114550
114634
114635
114732
114823
123518
123687
123688
123691
123696
123771
123776
123777
123778
123864
123960
124053
131319
133045
133048
133134
133222
133223
133225
133228
133231
133310
133490
133498
133672
141430
142814
142899
142910
142911
142989
142990
142993
143002
143067
143072
143160
143164
143249
143251
143341
151058
152430
152648
152751
152839
152841
152846
152848
152852
152926
152927
152928
152931
153014
153015
153019
153107
153108
153196
162462
162558
162783
162881
162970
162971
162975
162976
163055
163056
163058
163238
163333
171075
171469
171679
172063
172150
173071
173173
173266
173267
173270
173273
173358
173360
173367
173446
173451
173452
173541
173639
173728
183663
183862
183957
184233
184324
184331
184438
193357
193858
194685
194886
194967
195160
195166
195266
204888
204996
205638
205847
206334
206433
216081
216716
216818
216926
216927
217032
217033
217133
217234
217237
217532
217636
217639
217640
227763
227770
227866
228318
228429
228440
228543
229163
229267
229269
229370
239220
240325
240542
240960
