52995
66021
71844
72887
73035
73239
73242
79243
79398
79399
80832
80974
81119
88512
88729
88807
88810
88812
89046
95567
96375
96555
96556
96645
96740
96812
96816
97047
97129
97136
97217
97221
97381
103954
104046
104220
105142
105236
105327
105421
105427
105656
105745
105758
105836
105841
105850
105927
105939
106018
106172
113076
114199
114294
114295
114389
114637
114641
114725
114816
114818
114912
114914
115002
115007
115086
123525
123615
123700
123860
123861
123953
124049
124144
124146
124231
124236
124313
124315
124400
124475
132570
132951
133049
133051
133144
133146
133309
133390
133393
133484
133485
133497
133578
133581
133582
133585
133673
133678
133758
133760
133845
133923
142711
142712
142813
143066
143068
143154
143156
143159
143161
143163
143166
143247
143250
143339
143342
143343
143440
143528
143614
143695
152650
152652
152753
152754
152755
153009
153010
153011
153099
153103
153190
153293
153301
153390
153474
153477
153561
153568
153645
162570
162674
162882
162883
162885
163052
163053
163054
163059
163143
163144
163151
163233
163246
163325
163326
163420
163427
163430
163431
163525
163621
163622
163711
173070
173072
173181
173271
173282
173283
173354
173361
173363
173368
173440
173443
173444
173534
173535
173543
173632
173633
173726
173736
173831
173832
173837
173932
174027
174028
174125
182935
183765
183766
183767
183858
183868
184032
184033
184034
184124
184132
184142
184228
184236
184323
184422
184437
184530
184531
184532
184631
184632
184728
193148
194593
194687
194688
194690
194786
194787
194879
194964
194966
195056
195058
195064
195067
195157
195158
195165
195260
195273
195364
195366
195471
195472
195570
195668
195669
204887
205640
205743
205745
205754
205843
205844
205845
205846
205852
205943
205944
205945
205947
206037
206042
206045
206125
206127
206132
206221
206224
206225
206231
206238
206322
206331
206333
206423
206429
206430
206532
206533
206636
206637
206741
206742
216191
216708
216820
216929
216930
217034
217035
217036
217137
217138
217139
217146
217242
217244
217250
217328
217340
217421
217422
217427
217430
217525
217526
217527
217531
217534
217629
217633
217634
217635
217733
217735
217839
217841
217842
217944
217947
218051
218052
227768
227863
228086
228092
228439
228542
228544
228646
228648
228649
228650
228658
228753
228755
228756
228757
228758
228759
228766
228852
228854
228855
228856
228857
228858
228860
228861
228948
228949
228950
228951
228952
228954
228956
228958
229049
229050
229054
229057
229059
229060
229156
229157
229158
229159
229160
229161
229167
229260
229264
229265
229266
229270
229363
229364
229366
229465
229467
229468
229569
229570
239217
239221
239651
239757
239866
239976
240322
240329
240330
240434
240435
240436
240439
240440
240543
240545
240547
240548
240549
240551
240653
240654
240655
240657
240661
240662
240749
240751
240752
240755
240756
240757
240765
240841
240843
240844
240845
240846
240848
240850
240856
240948
240949
240951
240953
240955
240957
240958
240959
240961
240962
241059
241060
241061
241062
241063
241064
241079
241167
241170
241171
241172
241175
241273
241274
241275
241276
241277
241373
241375
241378
241380
241476
252661
252662
252663
252664
252767
252770
252771
252772
252777
252778
252863
252868
252869
252870
252873
252962
252964
252965
252967
252969
252971
252972
252975
253071
253072
253073
253075
253076
253083
253182
253184
253185
253186
253187
253188
253189
253292
253293
253294
253295
253296
253297
253300
253404
253405
253406
253508
253509
264852
264954
264955
264956
265053
265054
265055
265058
265064
265161
265162
265163
265164
265165
265269
265270
265271
265272
265273
265274
265379
265380
265382
265385
265389
265489
265491
265492
265493
265494
265604
265610
277524
277525
277635
277636
277746
277747
277748
277859
277861
277863
