814580
814673
825851
826054
826326
827378
836213
836623
836730
836732
836837
836841
837059
837160
837608
838007
839687
847052
847148
847251
847669
847785
847998
848210
848749
848950
848951
849461
857742
857955
857956
858055
858160
858269
858798
858801
858893
858897
858981
858983
859069
859239
859329
867876
868189
868279
868280
868900
869125
869205
869217
869295
869387
869576
869663
869748
878224
878428
878621
878632
878716
878820
878833
879017
879126
879235
879241
879415
879436
879509
879528
879612
879627
879706
879710
879713
887965
888175
888268
888366
888472
888564
888845
888848
888855
888946
888953
889056
889160
889349
889448
889552
889922
890369
890864
897483
897969
898255
898547
898643
898736
898737
898738
898743
898933
899779
899847
899851
899942
900032
906343
906435
906442
906443
906634
906738
907213
907308
907496
907502
907591
907602
907670
907675
907767
907768
907960
908250
908575
908847
909914
915264
915354
915355
915457
915650
915746
915943
916232
916237
916251
916330
916338
916351
916430
916431
916519
916613
916618
916703
917154
917327
923512
923800
923801
923802
923907
923917
924004
924092
924115
924203
924209
924215
924299
924306
924386
924392
924394
924395
924406
924478
924479
924571
924572
924574
924669
924762
924855
925139
925205
925307
925400
925488
925898
925903
925987
931999
932001
932088
932188
932287
932292
932293
932294
932396
932397
932403
932493
932583
932585
932590
932679
932684
932686
932693
932776
932780
932865
932866
932952
932953
932954
933030
933033
933039
933140
933493
933495
933577
933579
933733
933736
933798
933800
933812
933875
939218
939286
939426
940076
940088
940089
940190
940289
940389
940469
940477
940482
940503
940567
940574
940577
940578
940579
940580
940674
940675
940772
940862
940867
940868
940958
940962
941036
941040
941045
941055
941126
941207
941373
941677
941701
947007
947140
947639
947736
947934
947937
948034
948035
948129
948494
948515
948585
950009
955129
955233
955317
955410
955411
955412
955506
955507
955596
955687
955690
955852
961726
962396
962577
962578
962663
962664
962751
962755
962841
963174
969167
969732
969744
969813
969814
969898
969978
976369
976385
976689
983519
990485
990490
996798
996852
997090
997091
997146
997147
1.00307e+06
1.0032e+06
1.00332e+06
1.00353e+06
1.00954e+06
1.00972e+06
1.01551e+06
1.01587e+06
