22906
27972
32930
32991
32992
33060
38103
38221
38224
38354
38416
38417
43871
43876
43997
44066
49813
49943
50012
55358
55417
56375
56377
62075
62355
62838
62910
63058
63201
63276
69400
70124
70199
70280
70352
70357
76450
77249
77553
77632
77713
77872
77875
84686
85027
85191
85583
85664
85747
85753
85754
85828
85835
91691
92651
92666
92723
92738
92857
92923
92927
92995
93008
93080
93082
93207
93856
93943
94035
100237
100948
101173
101319
101460
101513
101529
101595
101742
101820
102292
102298
102377
102460
102461
102545
102547
102548
102552
102634
110082
110160
110219
110234
110297
110300
110303
110364
110366
110373
110426
110486
110644
110714
110720
110724
110962
111043
111209
111214
111379
111457
111639
118489
118575
119274
119333
119400
119401
119414
119484
119485
119553
119554
119622
119626
119766
119775
119854
119934
119935
119938
119942
119943
120020
120181
120514
120595
120596
120677
120679
120866
127971
128055
128921
128981
128989
128990
129070
129153
129154
129213
129226
129292
129378
129987
130162
130251
130262
130339
130340
137579
137655
137656
137902
138526
138602
138605
138681
138685
138760
138916
139002
139003
139073
139160
139246
139350
139528
139705
139796
139887
139901
147405
147463
147473
147474
147549
147626
147628
148483
148489
148561
148568
148650
148734
148736
148807
148818
149152
149345
149704
149708
149712
157370
157371
157522
157830
157909
157912
157998
158611
158691
158863
158945
158957
159122
159383
159476
159477
159571
159744
159745
159750
167815
167816
167974
168037
168041
168113
168117
168118
168199
168201
168202
168284
168286
169409
169494
169758
169861
169862
169949
178244
178323
178328
178333
178400
178474
178549
178623
178702
178706
178785
178786
178788
178792
178867
178872
178876
179694
179784
179873
179954
179960
180038
180039
180046
180112
180113
180202
180203
180207
180294
180389
180397
180578
189321
189333
189398
189399
189472
189474
189539
189542
189543
189605
189608
189612
189613
189679
189681
189685
189686
190800
190906
190965
191048
191052
191236
191335
191438
191533
200206
200286
200363
200365
200366
200445
200520
200597
200598
200660
200670
200671
200923
201339
201506
201589
201873
201967
201969
202134
202222
202223
202225
202320
202335
211536
211616
211694
211779
211781
211849
211861
211931
211949
212953
213143
213149
213327
213592
213595
213689
213880
213881
222401
223163
223250
223335
223336
223415
223425
223500
224009
224726
225022
225030
225119
225220
234976
235060
235061
235146
235148
235150
235151
235157
235749
235751
235822
235899
236681
237078
247113
247114
247201
247202
247451
247973
248154
248748
249066
249161
249162
259555
259828
260006
260165
260342
260453
270921
272369
284753
285193
285195
285199
285293
295832
295921
296176
296262
297361
308642
308730
