55361
62133
62363
62368
62425
62426
62428
62495
62502
62503
62558
62626
69212
69458
69528
69599
69600
69670
69671
69675
69738
69740
69744
76629
76645
77100
77101
77102
77103
77106
77168
77169
77177
77178
77246
77478
84821
84892
84893
84962
84963
84972
85034
85035
85036
85037
85122
92870
92930
93004
93016
93076
93077
93079
93144
93148
93214
93217
93218
93221
93293
93300
93301
101249
101304
101394
101738
101739
101741
101814
101817
101822
101892
101894
101895
101975
110092
110162
110163
110236
110237
110288
110301
110304
110365
110375
110423
110425
110427
110492
110661
110726
110727
110729
110736
110804
110805
110808
110887
110888
110889
119346
119415
119428
119486
119487
119488
119499
119555
119557
119559
119573
119623
119624
119625
119693
119695
119697
119698
120017
120018
120019
120030
120101
120102
120108
128827
128841
128904
128918
128919
128922
128991
128994
128995
128996
129069
129071
129072
129073
129079
129147
129148
129157
129219
129220
129231
129305
129395
129474
129475
129560
129561
129562
129648
129652
138511
138604
138608
138614
138677
138678
138679
138682
138683
138696
138761
138762
138763
138764
138771
138838
138841
138842
138843
139166
139253
139256
139257
139258
139347
139353
139354
147783
147861
148020
148177
148254
148399
148479
148492
148493
148504
148570
148571
148574
148576
148591
148651
148652
148654
148655
148656
148657
148660
148735
148738
148815
148816
148904
148997
149163
149249
149250
149251
149341
149342
157444
157676
157743
157744
157753
157826
157837
157919
157988
157989
158071
158072
158073
158149
158151
158155
158223
158225
158227
158229
158299
158300
158301
158303
158316
158377
158378
158379
158381
158614
158615
158693
158697
158704
158710
158772
158774
158776
158780
158859
158860
158862
158866
158946
158947
159023
159030
159123
159290
159378
159380
159472
159482
167738
167889
167891
167964
167965
168033
168203
168204
168448
168450
168460
168526
168529
168538
168607
168608
168620
168687
168689
168695
168697
168765
168766
168770
168771
168773
168837
168840
168842
168855
168921
169088
169100
169173
169174
169253
169254
169272
169335
169345
169346
169408
169421
169495
169584
169590
169591
169673
169674
169763
169764
169765
169857
169947
169948
178324
178396
178397
178404
178472
178473
178475
178553
178617
178638
178707
178711
178782
178789
178884
178943
178957
178964
179024
179030
179033
179035
179108
179110
179114
179116
179122
179189
179190
179193
179199
179201
179206
179272
179273
179274
179275
179280
179282
179355
179356
179366
179427
179428
179429
179430
179434
179520
179603
179604
179697
179709
179787
179788
179789
179801
179802
179876
179877
179884
179892
179956
179957
179961
180043
180114
180121
180297
180305
180386
180387
180388
180481
180482
180483
180575
180577
180674
188942
189236
189238
189239
189255
189317
189318
189397
189400
189471
189487
189540
189606
189610
189693
189758
189761
189769
189770
189845
189849
189850
189856
189930
189931
189937
189938
189948
189951
189953
190016
190017
190018
190026
190035
190100
190102
190107
190109
190110
190115
190182
190187
190190
190192
190194
190262
190264
190275
190345
190346
190347
190348
190353
190435
190528
190533
190614
190615
190618
190623
190624
190707
190708
190710
190715
190724
190801
190802
190805
190807
190889
190894
190968
190980
191049
191148
191149
191237
191238
191243
191244
191245
191334
200285
200290
200362
200364
200367
200514
200523
200537
200596
200599
200672
200682
200742
200744
200751
200817
200818
200822
200825
200835
200842
200903
200905
200906
200914
200918
200919
200924
200993
200999
201002
201005
201006
201010
201079
201080
201086
201088
201090
201091
201092
201100
201162
201163
201164
201170
201171
201173
201245
201246
201247
201249
201255
201334
201347
201414
201415
201416
201500
201510
201598
201684
201686
201692
201693
201700
201781
201787
201791
201797
201800
201876
201881
201884
201890
201966
201968
201983
202053
202055
202061
202067
202068
202135
202328
202329
202336
202425
202433
211612
211613
211614
211693
211695
211696
211697
211777
211780
211852
211857
211858
211860
211863
211870
211937
211941
212016
212021
212024
212027
212040
212094
212096
212097
212105
212108
212109
212110
212184
212189
212190
212192
212193
212194
212195
212196
212197
212198
212202
212212
212270
212271
212272
212275
212276
212278
212279
212280
212283
212286
212287
212294
212295
212356
212357
212360
212362
212365
212366
212368
212369
212370
212379
212437
212438
212442
212447
212449
212458
212459
212514
212515
212516
212522
212524
212526
212532
212600
212601
212610
212682
212683
212776
212780
212867
212868
212876
212956
212959
212960
212961
213047
213049
213052
213053
213054
213058
213139
213145
213146
213148
213242
213326
213329
213413
213414
213503
213594
213691
213692
213693
213700
213701
223075
223079
223159
223161
223162
223164
223246
223248
223249
223251
223254
223329
223344
223348
223420
223426
223506
223515
223519
223525
223590
223592
223596
223598
223599
223603
223604
223606
223607
223671
223674
223678
223679
223680
223685
223686
223687
223690
223691
223692
223758
223759
223761
223762
223763
223766
223767
223771
223772
223774
223776
223778
223779
223780
223845
223846
223850
223852
223857
223858
223869
223870
223922
223923
223926
223930
223938
223999
224000
224001
224084
224085
224094
224095
224170
224172
224176
224179
224259
224347
224350
224353
224355
224438
224439
224440
224445
224446
224450
224537
224541
224546
224636
224732
224830
225124
225125
225126
225127
225132
225222
225226
225233
234708
234970
235057
235059
235062
235147
235149
235152
235231
235233
235236
235237
235240
235242
235262
235318
235330
235332
235333
235339
235404
235405
235406
235407
235410
235416
235417
235419
235420
235489
235492
235493
235494
235495
235496
235497
235498
235500
235501
235502
235504
235505
235506
235507
235518
235519
235572
235573
235575
235576
235578
235579
235582
235583
235585
235589
235657
235658
235660
235663
235668
235674
235676
235738
235739
235742
235745
235750
235815
235817
235821
235826
235896
235904
235908
235980
235998
236075
236077
236078
236084
236086
236089
236100
236173
236174
236179
236180
236181
236182
236268
236270
236273
236277
236278
236279
236285
236286
236375
236379
236391
236471
236475
236476
236477
236575
236577
236876
236877
236889
236975
236976
236977
236978
236980
236981
236984
237077
237079
237080
237082
247115
247204
247205
247209
247287
247289
247367
247368
247378
247380
247392
247456
247461
247462
247464
247465
247466
247467
247469
247471
247538
247540
247541
247542
247543
247545
247546
247547
247549
247550
247551
247552
247553
247554
247561
247625
247627
247628
247630
247631
247637
247715
247716
247717
247721
247731
247802
247804
247805
247806
247807
247884
247888
247889
247976
247981
247984
247985
247986
248061
248069
248070
248071
248072
248082
248153
248155
248162
248168
248249
248250
248251
248252
248253
248254
248255
248257
248259
248270
248346
248348
248349
248350
248354
248355
248357
248358
248450
248452
248453
248454
248457
248460
248549
248551
248552
248553
248554
248648
248651
248652
248654
248660
248753
248850
248853
248956
248958
248959
248963
248969
249058
249059
249060
249061
249062
249063
249159
259282
259283
259284
259367
259368
259370
259371
259375
259456
259457
259458
259459
259460
259551
259556
259636
259639
259642
259644
259646
259648
259652
259656
259724
259728
259729
259730
259731
259732
259733
259735
259736
259737
259738
259740
259748
259823
259824
259825
259833
259840
259909
259910
259915
259916
259924
259998
259999
260081
260084
260166
260264
260344
260345
260347
260351
260355
260439
260441
260442
260443
260446
260449
260450
260534
260536
260537
260541
260546
260551
260638
260639
260643
260644
260645
260646
260647
260648
260738
260741
260742
260743
260744
260745
260747
260841
260842
260843
260844
260845
260847
260941
260942
260945
260951
261041
261043
261047
261061
261252
271644
271729
271730
271737
271905
271913
271917
271995
271999
272000
272001
272003
272092
272093
272094
272095
272096
272097
272180
272183
272184
272185
272186
272187
272188
272192
272193
272196
272200
272267
272273
272276
272279
272284
272361
272534
272540
272541
272635
272712
272802
272807
272810
272906
272909
272910
272919
273010
273011
273012
273013
273014
273015
273017
273020
273034
273109
273112
273113
273114
273116
273117
273118
273122
273215
273216
273219
273220
273231
273318
284391
284397
284482
284483
284485
284490
284573
284574
284576
284577
284578
284579
284581
284587
284662
284663
284666
284667
284670
284673
284755
284770
284840
284844
284846
284850
284920
284921
284923
285005
285009
285013
285099
285100
285197
285198
285285
285288
285291
285380
285381
285382
285383
285384
285389
285392
285398
285481
285482
285483
285484
285485
285486
285487
285496
285498
285585
285586
285587
285588
285589
285590
285591
285685
285687
285688
285690
285693
285694
285697
285698
285791
285801
296911
296998
297081
297083
297084
297085
297086
297087
297088
297170
297173
297174
297175
297186
297263
297264
297271
297275
297349
297350
297351
297357
297435
297436
297437
297438
297525
297526
297527
297529
297534
297621
297622
297625
297633
297717
297718
297719
297812
297813
297816
297818
297826
297833
297907
297909
297910
297911
297913
298003
298004
298005
298006
298007
298104
298105
298106
298111
298112
298204
298205
298206
298208
298315
309680
309682
309685
309766
309769
309770
309854
309856
309858
309859
309860
309946
309950
310035
310036
310048
310129
310131
310132
310133
310226
310228
310229
310232
310238
310324
310325
310327
310328
310420
310423
310424
310430
310434
310515
310516
310517
310519
310612
310613
310614
310710
310711
310714
310715
310717
310724
310817
310818
310921
311133
322238
322325
322336
322409
322411
322412
322417
322498
322501
322502
322503
322589
322591
322592
322593
322595
322596
322683
322685
322686
322687
322775
322777
322778
322779
322872
322873
322885
322969
322974
322975
323066
323073
323168
323171
323270
323271
323286
323373
323381
323383
323465
323469
323470
323568
335104
335105
335378
335396
335473
335475
335486
335572
335573
335668
335670
335671
335769
335770
335869
335871
335881
335971
336068
336071
336074
336171
336172
336173
348486
348495
348501
348788
348985
349290
349388
349390
361584
361780
361781
361782
361875
361876
361879
361974
361975
361976
361978
362074
362075
362077
362173
362175
362176
362178
362272
362275
362277
362278
362374
362376
362665
374881
374965
374967
375062
375063
375064
375069
375162
375164
375165
375262
375263
375371
375462
387888
387989
388256
388448
388742
388831
400932
401191
454012
