49552
49627
56022
56102
56247
62711
62771
62772
62777
63006
63154
69753
69755
69827
69903
69985
70067
70231
77419
77495
77657
77820
84981
85057
85212
85291
85454
85625
93167
93479
93560
93727
93809
93889
101467
101532
102069
102325
102410
110912
110992
111073
111159
111326
111418
119508
119568
119640
119650
119717
119721
119796
119798
119887
119889
119949
119959
119965
120035
120134
120136
120218
120301
120379
120461
120545
128936
129007
129013
129015
129017
129024
129087
129088
129092
129099
129162
129165
129166
129167
129171
129243
129247
129329
129334
129335
129336
129405
129408
129429
129505
129515
129594
129595
129754
129775
129857
129858
129943
130031
130132
138701
138702
138703
138705
138775
138781
138782
138783
138786
138859
138860
138862
138863
138931
138943
138950
138951
139021
139023
139026
139030
139109
139110
139656
139657
148593
148595
148596
148668
148676
148677
148678
148679
148684
148756
148757
148759
148760
148761
148763
148771
148836
148837
148841
148844
148846
148847
148918
148919
148925
148927
148929
148930
148931
149013
149015
149020
149025
149028
149107
149195
149289
149297
149380
149566
149576
149750
158231
158235
158311
158540
158702
158717
158719
158805
158806
158808
158873
158887
158888
158890
158891
158892
158895
158897
158898
158899
158965
158967
158968
158969
158970
158971
158972
158973
158974
159048
159055
159056
159057
159058
159059
159062
159063
159064
159067
159073
159143
159144
159146
159150
159155
159172
159229
159230
159235
159241
159243
159331
159699
159709
159793
159882
168698
168700
168702
168851
168929
169018
169112
169113
169115
169120
169123
169185
169198
169199
169201
169203
169204
169207
169216
169267
169276
169278
169284
169285
169286
169291
169357
169358
169359
169362
169364
169365
169440
169441
169442
169443
169444
169523
169524
169525
169528
169530
169532
169536
169540
169542
169615
169616
169624
169626
169629
169715
169806
170173
170186
170261
179211
179212
179365
179448
179625
179720
179736
179814
179816
179826
179827
179829
179832
179895
179896
179897
179898
179899
179900
179901
179906
179908
179909
179910
179913
179976
179980
179981
179984
179986
179987
179988
179993
179994
180059
180062
180064
180065
180070
180145
180147
180149
180150
180151
180153
180154
180156
180167
180236
180237
180241
180242
180243
180244
180251
180259
180328
180333
180335
180340
180533
180717
180811
180814
190116
190119
190122
190123
190276
190282
190370
190372
190468
190555
190557
190558
190559
190639
190648
190651
190653
190658
190662
190732
190736
190738
190739
190742
190750
190754
190759
190760
190824
190826
190827
190837
190838
190839
190844
190846
190915
190917
190918
190919
190921
190922
190924
191000
191001
191002
191006
191007
191013
191080
191091
191093
191094
191097
191101
191176
191181
191182
191184
191185
191382
201109
201185
201187
201190
201197
201273
201432
201528
201541
201615
201622
201627
201628
201629
201633
201634
201640
201718
201723
201724
201730
201731
201814
201815
201817
201818
201832
201903
201904
201907
201912
201921
201923
201992
202003
202004
202005
202006
202008
202009
202010
202080
202082
202083
202084
202085
202086
202087
202088
202101
202168
202169
202170
202171
202172
202174
202177
202193
202260
202263
202264
202265
202275
202287
212380
212455
212456
212457
212469
212542
212543
212544
212545
212556
212625
212640
212727
212817
212895
212896
212897
212898
212899
212900
212986
212990
212991
212992
212993
212994
212995
213004
213078
213079
213080
213081
213082
213083
213085
213086
213088
213093
213096
213183
213187
213189
213190
213197
213272
213277
213279
213281
213282
213284
213292
213363
213364
213366
213368
213369
213370
213371
213449
213451
213452
213453
213454
213459
213535
213538
213539
213540
213541
213543
213547
213550
213635
213636
213637
223871
223948
223954
224028
224029
224030
224031
224035
224283
224372
224374
224376
224380
224382
224383
224385
224386
224391
224393
224472
224474
224476
224477
224478
224490
224569
224571
224573
224574
224583
224584
224663
224665
224667
224669
224670
224674
224773
224775
224776
224777
224872
224875
224876
224880
224965
224966
224967
224969
224972
224973
224974
225063
225064
225065
225066
225068
225074
225076
225164
225165
225166
225168
225171
235685
235760
235839
236124
236202
236203
236303
236306
236307
236308
236309
236310
236311
236316
236319
236321
236324
236407
236408
236412
236415
236416
236418
236419
236422
236425
236507
236508
236509
236510
236511
236512
236513
236514
236518
236519
236521
236609
236617
236618
236619
236714
236717
236718
236719
236720
236721
236722
236723
236726
236816
236817
236818
236819
236820
236821
236822
236824
236916
236918
236920
236922
236924
236925
236929
237018
237020
237021
237022
237023
237024
237025
247747
247749
247756
247828
247829
247836
247837
248003
248186
248277
248377
248381
248384
248386
248387
248390
248391
248396
248484
248485
248486
248487
248489
248490
248491
248498
248586
248589
248590
248597
248599
248686
248690
248692
248693
248694
248696
248697
248790
248793
248794
248795
248798
248800
248807
248897
248898
248899
248900
248901
248902
249004
259944
259947
260024
260469
260471
260479
260481
260568
260570
260575
260576
260680
260682
260692
260778
260782
260785
260796
260880
260884
260885
260886
260887
260888
260891
260893
260980
260982
260984
260986
261103
271323
272305
272316
272383
272392
272393
272842
272846
272939
272942
272944
272946
272947
272953
272960
273046
273049
273055
273056
273155
273156
273157
273259
273260
273367
284783
284875
284961
285052
285142
285234
285327
285417
285418
285420
285428
285429
285517
285519
285529
285531
285532
285625
285627
285630
285631
285633
285732
297381
297382
297473
297474
297567
297575
297769
297858
297939
297945
297953
298039
298040
298041
298044
298046
298047
298048
298051
298143
309548
309717
309898
310174
310376
310464
310556
310646
310647
310654
322280
323309
323310
334874
347765
347951
