165069
165140
165141
197365
207850
207930
208114
208196
208278
208345
218803
218894
218986
218987
219082
219083
219092
219178
219179
219188
219268
219269
219273
219359
219360
219440
219515
219594
230431
230432
230520
230521
230618
230619
230625
230714
230716
230717
230718
230720
230810
230812
230813
230814
230819
230821
230902
230903
230904
230905
230985
230986
230987
230988
230997
231068
231070
231071
231072
231073
231145
231148
231152
231155
231228
231234
231235
231236
231322
231398
231399
231477
231478
231481
231556
242222
242314
242411
242420
242502
242505
242506
242507
242508
242511
242600
242601
242602
242603
242693
242694
242697
242698
242776
242778
242779
242782
242861
242862
242865
242942
242943
242945
243024
243026
243027
243032
243107
243111
243116
243191
243193
243200
243204
243273
243274
243280
243350
243352
243353
243354
243428
243429
243430
254249
254342
254439
254440
254529
254531
254532
254533
254541
254619
254621
254622
254623
254624
254713
254716
254717
254718
254722
254726
254804
254805
254806
254809
254824
254892
254894
254896
254897
254901
254907
254980
254984
254985
255057
255060
255061
255062
255133
255135
255137
255138
255140
255208
255209
255212
255213
255216
255217
255222
255288
255289
255290
255291
255292
255294
255296
255297
255366
255367
255369
255371
255443
255444
255445
255446
255448
255521
266456
266457
266553
266561
266562
266647
266648
266650
266652
266662
266747
266748
266749
266750
266751
266845
266846
266847
266848
266941
266942
266950
267037
267040
267041
267042
267043
267126
267129
267132
267140
267216
267217
267218
267220
267221
267224
267225
267305
267306
267307
267308
267309
267310
267312
267389
267390
267391
267393
267394
267395
267472
267473
267474
267475
267476
267477
267478
267555
267557
267558
267559
267561
267562
267569
267635
267636
267637
267639
267716
278644
278850
278853
278854
278857
278950
278952
278960
278971
279041
279045
279046
279047
279048
279051
279140
279146
279148
279246
279248
279331
279333
279334
279351
279425
279426
279427
279431
279432
279510
279511
279512
279513
279514
279517
279592
279594
279595
279597
279598
279603
279680
279681
279682
279683
279684
279686
279689
279767
279768
279770
279771
279858
279872
279938
279939
279940
279941
279943
279946
280015
280016
280017
280027
280097
291106
291222
291319
291320
291328
291417
291418
291419
291420
291423
291517
291518
291519
291522
291523
291612
291613
291616
291706
291707
291709
291712
291796
291799
291813
291886
291887
291888
291892
291901
291975
291976
291978
291979
291991
292062
292064
292065
292070
292143
292149
292150
292151
292158
292223
292228
292231
292233
292234
292235
292245
292315
292390
292391
292394
292396
292467
292471
303597
303598
303703
303705
303706
303707
303719
303809
303810
303814
303815
303904
303905
303906
303909
303991
303993
303994
303996
304089
304091
304099
304182
304183
304184
304187
304188
304270
304275
304278
304284
304361
304367
304368
304369
304370
304371
304373
304452
304459
304460
304465
304466
304472
304548
304549
304550
304552
304627
304630
304631
304633
304635
304713
304715
304716
304719
304788
304790
304791
304796
304867
304868
304869
304949
315940
316041
316148
316253
316254
316255
316256
316353
316354
316355
316356
316358
316445
316446
316447
316448
316449
316460
316541
316542
316543
316548
316557
316640
316641
316642
316643
316646
316737
316740
316741
316742
316744
316834
316837
316841
316842
316843
316844
316845
316936
316937
316938
316939
316955
317025
317029
317030
317031
317032
317033
317043
317120
317124
317125
317126
317127
317133
317212
317215
317218
317220
317299
317300
317301
317305
317309
317381
317385
317388
317459
317462
317471
317540
328791
328884
328885
328886
328887
328893
328982
328984
328986
329077
329078
329079
329080
329168
329172
329175
329267
329268
329269
329273
329360
329362
329363
329364
329454
329460
329463
329554
329558
329561
329563
329564
329649
329655
329656
329657
329658
329661
329752
329835
329848
329927
329929
330007
330013
330088
330090
330170
341589
341591
341598
341687
341689
341690
341693
341789
341790
341892
341893
341894
341899
341992
341994
341998
342090
342091
342093
342187
342188
342286
342288
342295
342372
342378
342461
342469
342553
342555
342556
342557
342561
342650
342651
342729
342730
342731
342734
342813
342816
342892
342972
342973
342974
342975
343050
343198
354586
354592
354677
354678
354679
354774
354776
354873
354877
354973
354974
355072
355075
355076
355169
355173
355177
355262
355268
355360
355361
355363
355367
355453
355454
355543
355547
355637
355726
355727
355728
355735
355736
355818
355895
355971
356116
367412
367422
367508
367509
367511
367610
367612
367632
367720
367738
367826
367827
367828
367935
368035
368043
368340
368431
368438
368531
368618
368623
368632
368709
368799
368800
368801
368803
368806
368885
368886
368974
369108
369186
369187
369264
380542
380546
380643
380644
380650
380752
380753
380758
380860
380862
380865
380969
381561
381654
381664
381755
381756
381759
381760
381849
381853
381936
381943
382017
382245
393536
393639
393640
393641
393657
393744
393746
393854
393873
393962
394064
394065
394561
394832
394917
394920
394994
394996
395070
395138
395216
395222
395234
395291
406432
406531
406532
406533
406543
406627
406628
406629
406736
406739
406941
407158
407253
407347
407689
407694
407770
407773
407775
407854
408016
408103
408176
408250
419380
419486
419488
419502
419586
419588
419590
419681
419775
419777
419877
419882
420091
420287
420369
420377
420383
420455
420461
420523
420529
420602
420609
420692
420858
420860
420861
420941
421012
421014
421091
421093
421095
421104
421175
421176
421177
421336
421412
421416
421487
421490
432583
432584
432689
432690
432711
432795
432892
432915
433004
433099
433112
433195
433196
433198
433293
433379
433550
433629
433713
433799
433804
433807
433809
433885
433886
434043
434048
434126
434129
434130
434213
434214
434295
434296
434299
434306
434544
445620
445720
445724
445730
445733
445826
445832
445841
445947
446030
446037
446238
446239
446240
446334
446349
446350
446353
446428
446440
446441
446442
446519
446524
446525
446530
446602
446603
446605
446693
446795
446881
446882
447035
447042
447047
447048
447122
447123
447126
447130
447132
447141
447207
447208
447209
447212
447213
447299
447300
447302
447308
447310
447386
447388
447390
447394
447475
447476
447487
447562
447563
447564
447646
447647
447732
458847
458849
458850
458851
458954
458961
459055
459157
459263
459276
459291
459368
459369
459371
459388
459467
459468
459469
459481
459482
459486
459568
459570
459582
459587
459662
459665
459666
459670
459678
459758
459762
459774
459861
459867
459952
460036
460038
460046
460047
460048
460122
460125
460126
460147
460196
460197
460205
460208
460209
460282
460283
460284
460285
460291
460295
460299
460304
460375
460376
460377
460379
460384
460467
460469
460470
460471
460493
460561
460563
460565
460569
460651
460653
460655
460657
460658
460659
460738
460741
460744
460745
460823
460826
460829
460833
471939
471940
471941
471956
472037
472038
472040
472043
472150
472156
472163
472244
472245
472246
472250
472347
472348
472350
472353
472450
472453
472454
472555
472556
472559
472564
472566
472567
472568
472569
472579
472659
472663
472670
472672
472674
472754
472756
472762
472763
472769
472852
472946
473030
473037
473039
473040
473041
473120
473126
473127
473193
473202
473204
473206
473210
473213
473271
473272
473273
473274
473279
473284
473285
473286
473287
473291
473356
473357
473358
473360
473365
473367
473369
473371
473378
473379
473382
473450
473452
473459
473462
473473
473479
473542
473545
473551
473553
473635
473639
473649
473724
473727
473732
473815
473903
485175
485177
485178
485269
485270
485379
485478
485479
485687
485690
485701
485778
485794
485796
485802
485810
485883
485886
485891
485892
485893
485899
485905
485970
485973
485979
485985
485986
486064
486065
486073
486075
486076
486143
486156
486158
486162
486163
486170
486239
486242
486243
486244
486311
486324
486325
486326
486329
486331
486332
486338
486393
486394
486395
486407
486409
486410
486413
486414
486415
486478
486479
486490
486491
486493
486494
486495
486497
486498
486563
486564
486568
486569
486572
486573
486576
486579
486580
486581
486586
486652
486654
486655
486662
486663
486665
486668
486669
486746
486748
486753
486755
486757
486772
486848
486860
486930
487017
498449
498549
498550
498555
498656
498678
498755
498849
498850
498852
498863
498870
498942
498948
498949
498950
498956
498960
499039
499048
499049
499134
499141
499142
499227
499245
499260
499316
499330
499331
499338
499347
499356
499401
499402
499414
499415
499417
499418
499431
499487
499488
499499
499502
499503
499504
499506
499507
499509
499512
499573
499586
499587
499588
499589
499590
499591
499592
499597
499658
499660
499662
499665
499672
499674
499676
499680
499695
499748
499749
499750
499751
499752
499761
499762
499763
499764
499768
499773
499837
499840
499843
499844
499846
499849
499851
499852
499855
499857
499932
499934
499937
499938
499942
499944
499953
500024
500033
500035
500112
500290
500603
511734
511735
511835
511836
511838
511839
511846
511953
512031
512038
512056
512061
512137
512138
512139
512141
512153
512174
512181
512226
512233
512235
512237
512248
512249
512250
512252
512253
512318
512319
512323
512325
512333
512336
512411
512412
512429
512431
512432
512495
512514
512519
512580
512581
512583
512593
512596
512597
512599
512602
512668
512669
512683
512684
512686
512687
512754
512755
512769
512770
512771
512774
512777
512779
512843
512846
512848
512858
512859
512860
512862
512863
512864
512935
512936
512938
512948
512952
512958
512964
512966
513027
513028
513029
513030
513031
513034
513035
513037
513040
513041
513043
513060
513122
513128
513134
513137
513144
513218
513219
513226
513227
513240
513311
513314
513315
513316
513329
513409
513491
513655
525075
525176
525177
525184
525189
525194
525198
525199
525277
525278
525299
525300
525302
525305
525382
525383
525402
525416
525493
525500
525588
525589
525591
525592
525659
525662
525663
525669
525679
525683
525749
525762
525768
525770
525771
525773
525778
525838
525847
525850
525851
525852
525857
525859
525860
525937
525942
525943
525944
525946
526019
526020
526021
526030
526033
526036
526114
526115
526117
526121
526128
526129
526130
526131
526132
526137
526144
526205
526208
526211
526220
526221
526224
526226
526229
526296
526297
526300
526302
526304
526311
526318
526319
526327
526384
526386
526390
526391
526399
526400
526404
526489
526490
526491
526575
526584
526677
526766
526856
527107
538101
538210
538585
538686
538687
538688
538689
538708
538789
538790
538805
538810
538812
538892
538908
539009
539102
539110
539125
539183
539189
539195
539197
539203
539204
539205
539210
539288
539289
539290
539298
539299
539304
539305
539374
539375
539386
539387
539391
539397
539468
539475
539478
539482
539483
539490
539496
539556
539557
539558
539559
539560
539561
539567
539568
539569
539570
539572
539647
539649
539651
539652
539660
539661
539662
539663
539666
539667
539668
539675
539676
539738
539739
539741
539743
539746
539749
539751
539752
539753
539754
539755
539822
539826
539832
539833
539835
539842
539847
539911
539923
539924
539927
539928
539929
539936
540015
540019
540020
540022
540027
540103
540109
540205
540284
540291
540378
540383
540459
551691
552170
552171
552185
552263
552265
552272
552287
552361
552363
552366
552367
552379
552468
552469
552470
552475
552484
552580
552587
552589
552668
552669
552672
552674
552677
552679
552684
552756
552763
552764
552766
552767
552849
552850
552851
552853
552859
552861
552941
552947
552949
552950
552952
552954
553030
553032
553034
553043
553048
553049
553124
553127
553137
553138
553152
553218
553220
553228
553230
553232
553233
553234
553236
553237
553308
553318
553324
553325
553326
553334
553335
553397
553405
553408
553411
553412
553413
553414
553416
553493
553494
553495
553497
553498
553501
553579
553580
553583
553584
553587
553592
553670
553674
553676
553679
553687
553764
553767
553768
553770
553856
553857
553858
553863
553944
553945
553952
565303
565494
565686
565766
565772
565866
565867
565868
565869
565962
565965
565966
565967
566059
566060
566062
566065
566066
566078
566159
566161
566163
566164
566165
566176
566250
566251
566259
566261
566262
566272
566346
566347
566348
566350
566351
566357
566359
566440
566442
566446
566448
566449
566450
566451
566528
566530
566531
566532
566536
566539
566545
566617
566634
566697
566698
566709
566734
566777
566778
566779
566786
566790
566800
566859
566871
566872
566874
566878
566880
566944
566948
566949
566950
566951
566957
566963
567018
567023
567027
567029
567106
567107
567108
567109
567110
567114
567115
567192
567193
567195
567196
567199
567280
567286
567288
567297
567370
567371
567372
567373
567463
567468
567469
579270
579342
579343
579345
579439
579441
579442
579443
579444
579463
579538
579539
579543
579544
579558
579629
579635
579636
579637
579639
579721
579723
579727
579728
579730
579731
579733
579812
579814
579820
579823
579825
579832
579903
579905
579906
579910
579913
579915
579916
579920
579989
579991
579992
579996
579997
579998
580003
580015
580072
580073
580079
580082
580084
580085
580101
580159
580161
580170
580171
580173
580177
580250
580252
580261
580262
580264
580266
580338
580342
580351
580352
580355
580359
580436
580438
580439
580441
580517
580519
580522
580524
580535
580599
580600
580601
580603
580605
580683
580684
580686
580687
580689
580692
580772
580773
580774
580779
580784
580859
580860
580861
580864
580946
580947
580952
592865
592867
592962
592963
592964
592965
593050
593051
593052
593053
593054
593140
593141
593142
593144
593145
593146
593230
593231
593233
593234
593239
593240
593244
593321
593322
593323
593324
593325
593326
593332
593333
593402
593404
593406
593407
593409
593410
593411
593413
593414
593415
593416
593490
593491
593493
593494
593499
593501
593523
593581
593585
593592
593593
593596
593597
593683
593687
593688
593691
593699
593710
593780
593783
593784
593788
593791
593792
593875
593880
593881
593885
593893
593963
593968
593973
593974
593976
594058
594060
594061
594070
594137
594138
594139
594140
594143
594223
594224
594225
594226
594241
594304
594305
594306
594309
594310
594388
594389
606586
606669
606671
606673
606763
606764
606765
606850
606853
606854
606859
606865
606935
606938
606941
606942
606943
606944
606945
606946
607021
607022
607025
607026
607028
607029
607030
607032
607108
607109
607112
607114
607115
607116
607117
607118
607120
607121
607122
607201
607202
607205
607209
607210
607211
607213
607214
607215
607220
607293
607304
607306
607308
607309
607311
607395
607398
607400
607403
607483
607490
607491
607495
607496
607499
607503
607504
607505
607586
607589
607590
607591
607592
607593
607594
607595
607597
607677
607678
607679
607680
607681
607682
607684
607685
607686
607687
607766
607767
607769
607770
607771
607772
607774
607776
607847
607848
607849
607852
607853
607929
607931
620371
620372
620464
620465
620467
620468
620470
620472
620553
620555
620558
620560
620562
620564
620565
620645
620646
620650
620651
620654
620655
620656
620660
620735
620736
620737
620738
620739
620740
620742
620743
620744
620745
620747
620760
620765
620835
620836
620837
620838
620839
620841
620843
620849
620927
620930
620931
620932
620934
620935
620947
621022
621024
621025
621026
621041
621107
621108
621110
621115
621116
621117
621118
621207
621228
621302
621382
621391
621392
621393
621400
621475
621479
621481
621482
621560
621561
621562
621804
634085
634086
634090
634093
634181
634183
634184
634185
634191
634194
634269
634270
634271
634272
634273
634274
634276
634278
634287
634295
634352
634353
634356
634358
634362
634380
634436
634437
634438
634446
634527
634532
634536
634600
634602
634613
634614
634625
634690
634692
634700
634701
634707
634785
634786
634790
634802
634866
634867
634876
634878
634879
634880
634882
634885
634889
634958
634965
634971
634980
635045
635052
635053
635055
635133
635138
635139
635210
635219
635453
635535
647731
647732
647733
647734
647736
647822
647829
647908
647909
647910
647986
647989
647990
647992
647996
648070
648071
648072
648073
648100
648150
648152
648153
648157
648230
648234
648235
648312
648313
648314
648315
648327
648328
648389
648390
648392
648394
648398
648475
648476
648481
648482
648556
648563
648564
648573
648648
648651
648666
648731
661122
661203
661204
661208
661290
661293
661294
661298
661308
661379
661380
661381
661405
661462
661463
661465
661466
661467
661470
661471
661551
661552
661553
661555
661556
661638
661643
661644
661656
661726
661730
661733
661738
661810
661812
661889
661890
661977
662066
674764
674852
674940
674942
674943
674951
675031
675033
675037
675117
675119
675120
675124
675206
675207
675303
675373
675534
675616
675618
675695
675696
675697
675796
688256
688530
688622
688708
688709
688795
688800
688960
689034
689035
689109
689110
689186
689192
689286
689681
702017
702109
702111
702200
702203
702552
702553
702646
702651
702729
702913
703394
715624
715717
715718
715722
715807
715905
716591
716905
728926
728929
729012
729191
729192
729296
742445
742525
742526
742618
742794
742878
755444
755624
755715
755716
755804
755889
755890
755891
755971
755972
756054
756055
756138
768293
768381
768383
768571
768648
768728
768733
768818
768904
768905
768990
768991
768995
780909
780986
780987
781067
781069
781077
781150
781151
781152
781153
781162
781237
781238
781239
781242
781253
781328
781418
781429
781506
781507
781599
793450
793452
793540
793547
805671
805759
817577
817649
817819
829191
840501
840582
