268620
293753
318842
318843
318844
318876
318877
318909
319092
319129
319319
319473
331611
331637
331698
331700
331783
331785
331880
331925
332134
332352
344523
344547
344548
344577
344600
344613
344740
344786
344834
345052
345053
345332
345392
357656
357729
357875
357920
357973
358023
358028
358081
358140
358199
358260
370997
371317
371372
371730
384522
384579
384637
384745
385078
397007
397009
397208
397810
397935
398009
398081
398156
409809
409811
409951
409952
409958
410003
410010
410017
410062
410067
410892
410965
422857
422864
422907
422912
422916
422958
422959
422960
422963
422966
423012
423021
423078
423136
423190
423264
424115
424192
436001
436005
436006
436007
436008
436040
436046
436048
436049
436050
436061
436091
436097
436099
436102
436103
436146
436154
436155
436200
436201
436203
436205
436261
436264
436324
437275
437730
449160
449193
449195
449222
449228
449229
449256
449257
449259
449295
449296
449298
449299
449301
449310
449350
449351
449353
449358
449400
449403
449458
449459
449460
449466
449521
449522
449523
449529
449583
449584
449586
449919
450464
450540
450703
450980
462413
462447
462477
462521
462564
462566
462721
462729
462783
462784
462790
462911
462916
462976
462978
463040
463708
463776
463850
475690
475697
475745
475747
475851
475980
476044
476046
476109
476110
476173
476174
476175
476177
476236
476426
476486
476551
476907
476977
477047
477111
477176
477245
489062
489119
489120
489168
489177
489182
489187
489233
489364
489503
489509
489568
489968
490041
490043
490118
490268
490420
490429
502360
502474
502536
502539
502601
502602
502658
502725
502793
502865
502873
502929
502931
502994
502995
503206
503284
503438
503439
503516
503596
503680
503755
503822
515271
515359
515845
515910
515967
515992
516038
516045
516106
516113
516177
516182
516254
516307
516377
516466
516525
516597
516600
516754
516836
516912
516996
528700
528739
529700
529769
529835
529842
529901
529978
529988
530053
530142
530215
530287
530452
542183
542228
542270
542275
542356
542359
542361
542457
542873
543002
543145
543292
543501
543588
543650
543732
543797
543874
543876
543881
543953
543955
544034
544115
555826
555831
555882
555883
555887
555939
556041
556091
556454
556506
556511
556587
556656
556734
556806
556807
556808
556878
556948
556952
557098
557173
557246
557311
557312
557314
557377
557382
557383
557451
557530
557540
557609
569393
569443
569444
569604
569665
569900
569972
570048
570189
570259
570260
570261
570268
570320
570331
570392
570404
570407
570414
570462
570483
570543
570678
570801
570868
570935
570936
570938
570941
571009
571010
582799
582878
582923
583030
583032
583096
583549
583618
583619
583620
583624
583684
583687
583688
583689
584122
584354
584355
584357
584361
584362
584365
584430
584431
584432
584438
584439
584441
596438
596813
597078
597164
597166
597167
597228
597231
597232
597233
597293
597366
597373
597519
597760
597834
610853
610916
610980
611205
611285
624426
624562
624782
624859
638100
638236
638237
638238
638309
638311
638313
638382
638387
638533
651666
651990
651993
651994
652068
652070
665126
665196
665439
665659
678776
679056
692011
