18511
22779
22870
22903
22955
26700
27239
32375
36610
36696
36744
36749
37056
37156
37215
37218
37226
37279
42190
42191
42233
42277
42287
42325
42386
42851
42914
42916
42971
48175
48197
48198
48200
48250
48258
48315
48511
48624
48756
48847
48912
48913
48915
48969
49139
49205
49413
49470
54557
54562
54572
54604
54607
54657
54660
54661
54704
54706
54707
54759
54760
54761
54770
54779
54831
54875
54990
55051
55297
55301
55303
55310
55878
61136
61192
61241
61242
61244
61296
61349
61353
61401
61404
61459
61463
61471
61517
61572
61573
61749
61814
61819
62012
62021
62078
62131
62184
62621
68175
68187
68188
68234
68236
68238
68290
68295
68296
68297
68298
68299
68351
68352
68354
68355
68356
68357
68358
68363
68409
68414
68416
68477
68525
68531
68581
68640
68768
68894
68963
68966
69026
69150
69452
69737
75636
75637
75640
75642
75693
75754
75756
75759
75760
75761
75765
75816
75819
75822
75823
75824
75825
75837
75882
75883
75886
75887
75889
75940
75941
75943
76001
76002
76005
76058
76061
76112
76114
76178
76186
76198
76243
76244
76623
76953
77024
77236
77316
83389
83441
83489
83493
83554
83566
83617
83618
83621
83622
83623
83680
83682
83686
83687
83688
83743
83745
83749
83752
83805
83806
83811
83812
83816
83867
83880
83943
83944
84001
84010
84132
84343
84411
84474
84477
85105
91464
91579
91635
91698
91705
91760
91763
91765
91821
91825
91827
91828
91829
91830
91838
91884
91885
91888
91890
91892
91895
91959
91960
91968
92023
92026
92028
92030
92031
92093
92105
92297
92298
92307
92721
92733
92792
100243
100245
100253
100302
100306
100307
100308
100309
100310
100311
100367
100369
100370
100371
100372
100375
100376
100377
100432
100433
100442
100450
100505
100506
100511
100513
100517
100583
100586
100588
100589
100602
100649
100658
100867
100869
101014
101157
101300
101375
101897
109055
109126
109128
109197
109198
109199
109201
109209
109264
109266
109269
109332
109333
109337
109343
109350
109402
109403
109404
109406
109408
109410
109413
109420
109478
109479
109480
109485
109487
109497
109550
109552
109554
109555
109559
109561
109562
109573
109625
109701
109702
109774
109850
109942
110013
110076
118214
118215
118216
118286
118288
118293
118356
118357
118358
118361
118430
118432
118433
118501
118502
118503
118504
118505
118506
118576
118580
118581
118587
118588
118645
118647
118648
118649
118651
118652
118653
118654
118655
118656
118657
118658
118659
118724
118725
118726
118731
118732
118735
118736
118805
118806
118807
118808
118809
118810
118814
118822
119109
119115
119183
119398
119925
127599
127885
127983
128043
128046
128124
128125
128127
128202
128208
128214
128216
128217
128288
128289
128293
128299
128365
128366
128441
128597
129294
137665
137738
137809
137811
137814
137824
137889
137892
137893
137912
137913
137968
137971
137975
138281
139172
147698
147773
147774
147777
147849
147930
147935
147936
147937
147944
148011
148019
148028
148089
148173
148557
157746
157903
157904
157916
157982
157985
157995
158065
158067
158068
158069
158143
158147
158148
168107
168112
168193
168274
168276
168277
168278
168361
168362
168368
168443
168445
168523
168524
168534
168685
169680
178860
178861
178865
178938
178953
178955
179019
179021
179102
179186
179188
179268
179270
179354
179417
189597
189670
189671
189673
189754
189765
189841
189843
189868
189926
190015
190023
190095
190111
190179
200583
200655
200737
200813
200814
200901
201075
201586
212101
212353
212354
212433
212435
212596
223070
223585
223757
223843
223924
224007
224343
234872
235659
235734
235736
235819
235894
235978
246924
247623
247801
247881
247969
248058
260077
260169
260433
272357
272443
310125
310415
310510
336069
