418783
418886
431123
431124
431660
444243
444327
444833
457267
457268
457283
457655
457961
470565
470665
470666
470850
483730
483731
483732
483734
483826
483827
483923
483924
484022
484023
484201
496955
496959
496960
496961
497035
497056
497063
497064
497145
497151
497237
497417
497603
498376
510106
510113
510122
510214
510215
510216
510217
510301
510305
510306
510307
510308
510312
510314
510396
510399
510487
510571
511007
511100
511472
511473
511558
511563
511659
511661
511765
511866
511882
523051
523158
523259
523350
523354
523446
523452
523543
523546
523547
523555
523629
523635
523725
524324
524508
524515
524607
524609
524613
524697
524701
524702
524705
524706
524797
524800
524803
524805
524899
525309
537211
537398
537469
537648
537834
537908
538017
538215
550726
550739
550826
550912
550997
551078
551341
551342
551343
551434
551607
551715
551799
551903
552489
564360
564450
564536
564549
564636
564850
564955
565043
565045
565225
565226
565314
565504
577760
577762
577856
577858
577860
577862
577932
577937
578015
578016
578017
578018
578037
578125
578368
578462
578541
578544
578713
579200
580092
590864
591254
591342
591348
591351
591353
591423
591424
591426
591427
591431
591513
591515
591530
591614
591698
591770
591787
591962
591967
592042
592049
592133
592134
592227
592228
604910
604915
605007
605008
605012
605019
605020
605117
605118
605119
605120
605139
605215
605216
605218
605222
605224
605232
605310
605315
605405
605512
605600
605602
605684
605695
605785
605879
605881
605978
606360
618351
618353
618355
618356
618366
618468
618469
618486
618579
618581
618582
618583
618601
618691
618692
618707
618791
618797
618799
618800
618807
618893
619006
619091
619094
619098
619174
619186
619187
619270
619278
619283
619362
619367
619373
619375
619460
619560
619561
619658
619941
620114
620303
631852
631853
631855
631858
631972
631975
632089
632093
632104
632203
632205
632206
632208
632217
632223
632315
632316
632324
632329
632421
632424
632426
632515
632519
632522
632524
632525
632530
632610
632619
632620
632621
632622
632713
632715
632807
632897
632984
632985
633089
633179
633920
633921
645757
645762
645764
645872
645873
645875
645877
645979
645980
646085
646089
646178
646181
646182
646183
646184
646185
646186
646189
646283
646543
646546
646842
647381
659282
659289
659392
659394
659396
659495
659500
659597
659693
659694
659697
659698
659965
659969
660873
660965
672910
672911
673007
673008
673013
673109
