22125
31318
31722
31979
36495
36571
36617
36657
36704
36801
36803
42209
42210
42236
42241
42258
42286
42288
42298
42334
42336
42337
42338
42339
42340
42382
42388
42432
42435
42437
42485
42486
42718
42873
42987
48064
48158
48205
48259
48260
48261
48263
48270
48306
48308
48310
48311
48312
48356
48358
48359
48366
48413
48414
48476
48521
48522
48526
48532
48577
48980
49101
49206
49208
54412
54413
54465
54474
54564
54567
54611
54617
54625
54630
54667
54670
54671
54676
54677
54717
54720
54721
54725
54726
54732
54773
54842
54894
54897
54951
54953
55015
55440
55647
55707
61004
61150
61196
61197
61305
61356
61357
61359
61361
61366
61417
61418
61423
61424
61469
61485
61530
61531
61534
61535
61595
61653
61899
61956
62079
62089
62278
62382
62445
67867
67996
68042
68055
68092
68135
68182
68183
68195
68241
68242
68245
68246
68300
68307
68308
68364
68365
68366
68421
68422
68423
68432
68475
68479
68480
68482
68490
68492
68493
68495
68541
68549
68550
68596
68598
68604
68661
68664
68724
68785
68856
68924
68925
69043
69102
75407
75413
75458
75490
75501
75538
75541
75542
75551
75552
75588
75589
75593
75644
75649
75650
75702
75707
75708
75764
75770
75773
75781
75827
75832
75833
75845
75892
75896
75906
75950
75954
75956
75964
76023
76075
76080
76137
76202
76328
76399
76584
76720
76722
76848
76918
83198
83287
83335
83338
83349
83391
83392
83393
83394
83402
83406
83448
83451
83453
83464
83626
83627
83696
83707
83760
83762
83772
83773
83833
83835
83839
83891
83897
83955
84229
84230
84231
84301
84430
84435
84444
84509
84510
91425
91465
91470
91524
91585
91586
91589
91598
91651
91652
91661
91776
91777
91839
91841
91851
91859
91901
91904
91905
91916
91973
91982
92062
92122
92186
92254
92403
92404
92475
92539
92613
92751
92885
100025
100053
100072
100128
100136
100186
100319
100326
100378
100385
100394
100445
100447
100455
100466
100467
100530
100531
100534
100546
100608
100611
100615
100624
100675
100685
100686
100747
100748
100830
100974
101049
101058
101408
101477
101627
101704
108814
109019
109204
109210
109284
109285
109286
109354
109360
109364
109415
109429
109430
109437
109510
109515
109586
109589
109733
109810
109890
109964
109973
110043
110109
110188
110384
118438
118450
118453
118456
118460
118514
118519
118521
118522
118523
118525
118531
118584
118586
118597
118598
118612
118679
118683
118686
118759
118760
118821
118834
118835
119069
119070
119222
119224
119362
119439
119443
127074
127555
127618
127674
127765
127831
127841
127844
127898
127902
127904
127910
127915
127916
127917
127920
127922
127977
127979
127994
127995
128004
128005
128077
128080
128085
128141
128165
128166
128222
128223
128480
128867
129025
137226
137376
137523
137525
137595
137599
137603
137604
137610
137664
137670
137681
137682
137684
137690
137693
137744
137761
137763
137771
137829
137846
137850
137852
137853
137907
137925
137931
137986
137992
138005
138009
138067
138086
138088
138167
138555
146569
147178
147323
147398
147399
147401
147403
147425
147478
147479
147480
147481
147492
147496
147497
147499
147504
147555
147557
147558
147560
147561
147563
147575
147576
147582
147637
147638
147640
147641
147642
147643
147644
147647
147655
147657
147664
147715
147718
147719
147720
147724
147726
147736
147738
147739
147788
147793
147795
147799
147815
147816
147894
147946
147971
148029
148053
148522
156747
156810
157473
157553
157601
157605
157607
157608
157617
157621
157678
157679
157680
157685
157696
157699
157700
157702
157705
157713
157757
157760
157761
157764
157771
157776
157777
157784
157788
157839
157840
157846
157848
157849
157850
157860
157868
157921
157922
157928
157930
157932
157942
157947
157948
157949
158002
158027
158038
158080
158081
158156
158411
158736
167823
167824
167843
167893
167898
167900
167912
167969
167976
167978
168046
168048
168065
168067
168072
168074
168129
168138
168142
168148
168150
168156
168221
168222
168224
168234
168239
168241
168242
168297
168308
168309
168320
168321
168324
168396
168406
168407
168466
168470
168472
168487
168629
169043
177762
178428
178562
178567
178639
178640
178641
178643
178647
178714
178716
178722
178735
178739
178744
178762
178814
178820
178821
178824
178825
178889
178892
178903
178904
178906
178911
178971
178973
178974
178975
178987
179053
179067
179127
179209
179562
179652
188680
188824
189327
189328
189423
189485
189489
189492
189555
189556
189559
189564
189628
189632
189637
189639
189640
189642
189643
189709
189710
189718
189719
189728
189792
189794
189795
189804
189807
189876
189879
189880
190304
200153
200316
200399
200555
200617
200686
200691
200693
200694
200698
200761
200766
200768
200772
200773
200775
200851
200852
200863
200864
200940
201297
211400
211888
211891
211965
211970
211972
211973
211975
212043
212044
212045
212050
212052
212053
212054
212128
212129
212130
212140
212217
212218
212228
212229
212644
223106
223188
223289
223374
223375
223456
223457
223460
223461
223462
223539
223540
223541
223543
223549
223550
223623
223624
223625
223629
223631
223633
223635
223708
223711
223712
223796
223805
223963
224048
224134
235001
235091
235102
235103
235189
235190
235191
235275
235279
235280
235285
235365
235366
235368
235445
235446
235447
235448
235450
235454
235528
235531
235536
235607
235619
235700
247054
247237
247246
247247
247329
247334
247340
247409
247417
247418
247491
247494
247495
247498
247499
247501
247576
247578
247579
247584
247585
247590
247676
247762
247844
259331
259338
259415
259417
259503
259504
259508
259594
259676
259679
259682
259683
259684
259768
259769
259770
259859
259865
259954
259955
270944
271028
271606
271688
271777
271783
271860
271863
271952
271953
272041
272042
272043
272137
272225
272228
272317
272403
272405
272759
284092
284176
284264
284343
284344
284345
284346
284433
284434
284435
284528
284529
284612
284614
284794
284795
284796
284877
284960
296190
296193
296275
296360
296361
296362
296446
296448
296450
296627
296705
296706
296783
296860
296861
296863
296944
296946
297034
297125
297127
297215
297216
297300
297302
297308
297388
297477
308654
308678
308758
308834
308836
308837
308838
308839
308926
308931
308934
309021
309107
309190
309207
309209
309294
309382
309466
309467
309469
309473
309551
309552
309632
309633
309725
309808
309899
309987
320868
321479
321486
321566
321570
321576
321657
321658
321659
321744
321745
321748
321831
321849
321918
321919
321920
322007
322009
322010
322024
322092
322108
322109
322111
322191
322193
322277
322278
322361
322362
322451
322456
322544
322635
322636
322726
333470
333471
333479
333642
334149
334152
334240
334241
334244
334329
334333
334334
334342
334347
334350
334418
334419
334420
334421
334511
334603
334604
334687
334689
334690
334691
334774
334780
334855
334879
334880
334881
334949
334962
334964
335055
335146
335147
335148
335240
335326
335339
335423
335520
335525
335618
335620
347324
347330
347407
347409
347410
347411
347413
347417
347495
347496
347499
347501
347505
347586
347594
347596
347658
347660
347667
347669
347752
347755
347758
347772
347844
347863
347866
347937
347955
348034
348035
348050
348151
348337
348540
348541
348633
360496
360497
360562
360651
360663
360664
360665
360666
360674
360744
360851
360863
360944
360947
361031
361043
361142
361149
361241
361341
361434
361529
361615
361626
361725
373595
373665
373686
373754
373773
373934
373941
373951
374025
374222
374225
374237
374238
374334
374435
374436
374539
374630
374631
374723
374817
374918
386619
386863
386887
386952
386959
387046
387058
387125
387142
387144
387222
387233
387241
387243
387325
387327
387337
387341
387344
387434
387437
387441
387536
387537
387635
387637
387733
387742
387826
387919
388015
399297
399560
399805
399808
399892
399904
399992
400005
400075
400076
400168
400171
400195
400266
400278
400282
400289
400366
400369
400378
400379
400383
400461
400477
400478
400576
400588
400677
400687
400774
400775
400869
400870
400961
412588
413060
413155
413156
413160
413161
413254
413270
413347
413351
413367
413371
413437
413455
413456
413457
413550
413552
413553
413558
413649
413651
413743
413744
413745
413756
413840
413936
425651
425658
425746
425838
425939
426030
426048
426122
426123
426126
426214
426218
426219
426234
426238
426311
426313
426320
426321
426336
426412
426415
426419
426428
426499
426504
426513
426514
426522
426603
426605
426607
426608
426698
426699
426700
426703
426704
426790
426791
426792
426793
426794
426884
427225
438943
439036
439045
439046
439125
439135
439143
439221
439228
439316
439317
439318
439324
439408
439410
439411
439412
439415
439416
439508
439509
439510
439516
439518
439523
439601
439604
439611
439613
439699
439705
439707
439710
439711
439790
439792
439793
439794
439796
439880
439881
439883
439884
439885
439887
439889
439959
439969
439970
439972
439974
440062
440150
440151
440236
440324
452289
452382
452383
452391
452392
452399
452401
452473
452475
452572
452573
452590
452593
452659
452663
452666
452668
452669
452670
452671
452757
452760
452764
452766
452771
452772
452851
452854
452858
452860
452861
452864
452870
452943
452945
452950
452952
452954
452955
453035
453037
453038
453042
453206
453220
453305
453394
465410
465424
465503
465504
465514
465522
465523
465594
465595
465606
465607
465608
465689
465690
465691
465777
465779
465780
465782
465783
465784
465786
465788
465796
465871
465872
465873
465874
465875
465876
465879
465880
465881
465882
465884
465888
465958
465961
465962
465964
465966
465967
465969
465970
465971
465972
465974
466046
466047
466050
466053
466054
466055
466057
466058
466063
466144
466145
466146
466150
466151
466325
466417
478151
478487
478572
478573
478660
478661
478662
478663
478664
478748
478749
478751
478839
478840
478841
478842
478856
478931
478934
478935
478936
478937
478943
478944
478947
479026
479027
479028
479029
479030
479032
479033
479034
479036
479038
479039
479110
479116
479119
479121
479122
479123
479124
479125
479126
479135
479199
479200
479201
479202
479203
479204
479205
479210
479211
479212
479213
479216
479288
479304
479379
479388
479389
479390
491869
491884
492032
492034
492122
492123
492207
492208
492211
492219
492299
492300
492304
492307
492309
492310
492389
492391
492393
492394
492395
492396
492397
492398
492399
492401
492403
492406
492407
492474
492475
492478
492479
492480
492485
492486
492488
492489
492501
492563
492564
492565
492573
492651
492652
492742
505230
505391
505479
505480
505481
505482
505572
505573
505575
505578
505583
505585
505586
505662
505664
505665
505670
505671
505673
505753
505754
505756
505761
505762
505763
505766
505847
505927
505928
505936
506022
518630
518714
518725
518802
518803
518811
518891
518893
518894
518895
518896
518902
518978
518983
518985
518986
518988
518990
518992
519068
519070
519071
519072
519073
519074
519075
519076
519077
519079
519151
519153
519154
519160
519248
519250
531990
531993
531996
532071
532076
532084
532166
532239
532250
532326
532329
532330
532332
532337
532416
532417
532418
532419
532420
532421
532424
532426
532428
532429
532504
532509
532510
532513
532591
532593
532594
532595
532597
532600
532680
532681
532770
545559
545563
545571
545639
545642
545644
545718
545720
545734
545804
545892
545893
545902
545977
545978
545979
545982
545985
545986
545987
545992
546067
546072
546074
546155
546157
546158
546159
546243
559121
559122
559123
559203
559204
559208
559209
559212
559284
559286
559367
559374
559376
559377
559455
559456
559457
559461
559543
559546
559548
559565
559629
559634
559637
559718
559721
559724
559817
560081
572583
572672
572752
572758
572829
572836
572918
572919
572923
572924
572932
573007
573009
573016
573017
573018
573098
573099
573100
573183
573184
586278
586281
586363
586365
586366
586372
586444
586448
586536
586539
586543
586544
586547
586628
586632
586717
599782
599866
599868
599952
600036
600038
600128
600129
600130
600131
600133
600221
600223
600230
600307
600308
613359
613451
613452
613539
613541
613621
613622
613705
613794
613877
613881
627020
627022
627107
627110
627114
627123
627198
627201
627282
627452
627453
627547
640658
640744
640825
641088
641840
654055
654139
654220
654221
654379
654816
667588
667675
667828
668097
668195
668483
668572
668674
681127
681532
695412
695414
695507
721990
