167465
222550
245322
246231
246383
258312
270686
282006
282920
283005
294319
294321
294324
294381
294382
294384
294439
294440
294444
294497
295285
306868
306869
306924
306925
306928
306981
306982
306984
306985
307031
307032
307033
307034
307035
307036
307085
307086
307088
307089
307152
307158
308142
308153
319091
319601
319656
319657
319710
319763
319764
319823
319825
319878
319880
319940
319941
319942
319945
320000
321198
321212
321216
332483
332484
332545
332547
332603
332664
332670
332733
332797
332798
332943
333015
333894
333959
333963
333969
333971
334051
334142
345138
345180
345476
345477
345539
345540
345605
345612
345676
345743
345744
345745
345815
345816
345820
345894
345974
345976
346770
346865
346872
347039
347053
347135
347147
358043
358212
358223
358271
358274
358571
358755
358768
358827
358837
358900
358901
358903
358909
358979
358980
358981
358982
359061
359141
359143
359780
359791
359955
359956
360060
371387
371390
371445
371626
371688
371689
371691
371696
371753
371755
371821
371822
371893
371960
372025
372031
372104
372112
372116
372180
372181
372183
372184
372185
372186
372187
372262
372264
372272
373255
384425
384605
384708
384710
384763
384897
384955
385027
385029
385030
385031
385034
385042
385095
385097
385098
385099
385101
385104
385169
385172
385175
385234
385253
385317
385323
385391
385392
385393
385399
385403
385473
385474
385475
385476
385478
385482
385556
385557
385558
385569
386312
397776
397830
397833
397837
397890
397891
397958
398030
398038
398039
398041
398102
398104
398105
398107
398111
398116
398177
398178
398182
398250
398254
398255
398259
398260
398321
398322
398323
398328
398333
398337
398392
398405
398472
398475
398476
398477
398478
398480
398481
398497
398551
398552
398553
398554
398555
398556
398557
398558
398567
398631
398633
398637
398638
398643
398644
398714
398716
398717
398718
398719
399431
410012
410068
410126
410295
410356
410715
410722
410780
410784
410849
410850
410913
410915
410916
410917
410925
410926
410988
410989
410992
411010
411061
411062
411063
411064
411083
411136
411137
411138
411140
411141
411142
411143
411148
411152
411211
411212
411214
411216
411217
411218
411219
411220
411221
411286
411287
411288
411292
411293
411300
411358
411359
411364
411370
411371
411372
411374
411375
411434
411435
411437
411438
411439
411441
411442
411443
411444
411445
411446
411447
411454
411465
411513
411517
411518
411519
411522
411523
411524
411526
411527
411532
411597
411600
411601
411602
411604
411605
411606
411607
411609
411678
411679
411680
411681
411684
411685
411686
411691
411763
411766
411767
411768
412137
422968
422970
423025
423027
423085
423140
423651
423712
423716
423780
423784
423787
423788
423853
423913
423926
423987
423988
423996
424058
424059
424061
424062
424071
424137
424138
424139
424140
424149
424212
424213
424214
424215
424217
424218
424219
424229
424289
424290
424291
424292
424293
424294
424295
424296
424297
424302
424304
424305
424306
424362
424364
424366
424367
424368
424369
424372
424373
424375
424376
424377
424378
424379
424434
424440
424442
424443
424444
424446
424447
424448
424449
424450
424454
424458
424512
424515
424520
424521
424524
424525
424526
424527
424528
424595
424596
424598
424600
424601
424603
424604
424609
424611
424667
424669
424674
424676
424677
424678
424679
424683
424748
424756
424757
424764
425318
436053
436107
436157
436215
436218
436278
436341
436342
436346
436352
436405
436406
436471
436543
436803
436872
436938
436939
436944
437007
437012
437074
437077
437078
437079
437080
437083
437146
437147
437148
437151
437152
437154
437155
437157
437222
437223
437302
437310
437313
437314
437375
437376
437378
437382
437383
437389
437390
437396
437452
437453
437454
437458
437462
437465
437466
437467
437468
437530
437531
437532
437533
437534
437535
437537
437539
437540
437541
437542
437546
437547
437595
437596
437597
437598
437599
437600
437601
437602
437603
437607
437608
437609
437610
437611
437612
437672
437673
437674
437677
437681
437684
437686
437689
437693
437694
437750
437753
437755
437756
437761
437763
437764
437765
437771
437830
437831
437832
437833
437834
437835
437836
437837
437839
437850
437905
437910
437911
437979
438510
449264
449302
449304
449355
449356
449413
449420
449474
449475
449540
449541
449606
449607
449673
449743
450054
450123
450126
450197
450198
450200
450201
450262
450263
450267
450269
450333
450337
450338
450342
450344
450346
450405
450412
450413
450416
450419
450422
450484
450488
450491
450492
450493
450495
450496
450560
450561
450562
450568
450572
450573
450580
450636
450637
450645
450646
450648
450649
450651
450652
450710
450711
450721
450723
450724
450725
450726
450779
450790
450792
450794
450795
450848
450863
450928
450999
451002
451018
451074
451076
451077
451084
451155
451156
451159
451164
451499
462482
462524
462525
462574
462624
462678
462686
462739
462750
462865
462937
463063
463064
463124
463245
463307
463310
463377
463378
463379
463384
463438
463441
463446
463514
463516
463517
463518
463519
463585
463587
463588
463589
463590
463658
463659
463660
463662
463733
463737
463802
463868
464109
464110
464181
464182
464261
475702
475754
475808
475811
475820
475871
475877
475932
475943
476067
476132
476196
476256
476259
476317
476318
476378
476380
476442
476446
476507
476508
476571
476573
476574
476576
476638
476639
476642
476645
476712
476713
476781
476785
476786
476860
476933
489527
489528
489662
489731
489738
489739
489794
489849
489854
489856
489863
489916
489917
489924
489926
489990
489991
489997
490064
490073
490075
490148
490149
491123
502954
502956
502958
502961
503022
503024
503025
503034
503093
503096
503097
503156
503157
503163
503165
503174
503228
503229
503244
503304
503305
503384
503472
503541
503551
503631
516265
516277
516334
516335
516412
516471
516473
516550
516554
516617
516619
516621
516622
516623
516698
516699
516700
516701
516702
516703
516773
516774
516775
516777
516778
516786
516854
516855
516856
516857
529443
529922
529929
529931
529995
529996
529997
529998
530001
530071
530072
530074
530075
530076
530077
530148
530149
530153
530154
530155
530232
530233
530234
530238
530313
530314
530315
530316
530397
530398
530408
530481
530482
530494
543672
543744
543745
543746
543821
543822
543823
543900
543901
557326
557398
557474
