611840
625425
625588
625670
638377
638770
638844
639262
639423
651783
652134
652522
652524
652527
652604
653007
665572
665887
665890
665964
665965
665966
665967
666117
666570
666872
666874
678619
678829
679978
679979
680134
680360
680436
692726
692869
692945
693412
693569
693956
693957
693960
694037
694040
694118
706255
707393
707472
707473
707550
707551
707554
707631
707636
707637
707638
707719
707720
707789
719021
720845
720849
720920
720921
720924
720925
720926
720927
721006
721007
721009
721010
721089
721096
721173
721254
721327
721400
721460
721471
733049
733134
733209
734191
734193
734196
734278
734356
734357
734360
734436
734437
734501
734511
734580
734644
747318
747397
747399
747463
747465
747469
747471
747478
747533
747534
747538
747542
747597
747599
759025
760215
760286
760287
760292
760357
760358
760359
760360
760424
760425
760433
760492
760493
771771
773020
773078
773153
