32106
37079
42717
48826
69121
69311
70477
77921
78001
83586
85805
85971
86070
86151
91279
91282
91332
91333
91382
91730
92622
92624
92693
93419
93665
93743
93746
93826
93911
93998
93999
94086
99756
99806
99809
99861
99865
99913
100271
100272
100836
101277
101278
101348
101355
101565
101637
102020
102101
102260
102343
102344
102345
102428
102431
102516
102518
102519
102604
102606
102693
108621
108625
108672
108674
108676
108723
108726
108727
108729
108730
108731
108776
108781
108831
109083
109156
109751
110121
110124
110196
110200
110264
110266
110329
110334
110397
110401
110531
110534
110556
110608
110618
110858
111011
111093
111105
111177
111180
111257
111345
111348
111353
111430
111516
117817
117818
117873
117874
117878
117882
117933
117934
118105
118107
118174
118245
118253
118316
118850
119236
119239
119307
119308
119309
119314
119373
119380
119446
119533
119591
119594
119667
119731
119811
119821
119896
119899
119901
119987
120236
120317
120398
120478
120561
120569
126965
127200
127256
127260
127261
127319
127320
127381
127438
127558
127561
127632
128496
128572
128577
128578
128579
128649
128655
128657
128659
128660
128720
128721
128726
128728
128734
128798
128799
128803
128807
128874
128958
128960
129034
129035
129046
129184
129185
129188
129192
129264
129266
129267
129283
129353
129435
129437
129438
129530
129709
129874
129958
136769
136894
136944
136946
137003
137004
137066
137067
137074
137133
137189
137191
137192
137250
137537
137617
138182
138187
138188
138257
138260
138262
138340
138341
138402
138411
138479
138483
138486
138488
138562
138640
138728
138806
138881
138888
138959
138961
138962
138979
139045
139048
139055
139056
139129
139227
139404
139580
139583
146298
146299
146764
146813
146814
146820
146874
146878
146879
146882
146929
146932
146939
146940
146997
146999
147068
147070
147137
147206
147357
147428
147430
147431
147521
147591
147906
147907
147908
147978
147984
147986
147990
148060
148065
148067
148071
148075
148144
148145
148146
148147
148218
148220
148221
148223
148287
148289
148299
148300
148317
148368
148369
148381
148450
148451
148454
148455
148459
148468
148527
148533
148534
148617
148621
148700
148702
148776
148780
148859
148860
148861
148873
148953
149033
149312
149487
156589
156875
156932
156934
156936
156937
156987
156988
156990
156991
156994
157000
157049
157051
157052
157053
157058
157113
157114
157116
157180
157181
157402
157410
157478
157487
157562
157710
157795
157799
157874
157893
157957
157958
157960
158039
158041
158052
158112
158115
158117
158118
158119
158126
158188
158194
158195
158196
158198
158203
158266
158271
158276
158344
158346
158352
158408
158415
158416
158417
158433
158490
158497
158499
158501
158503
158507
158572
158577
158582
158583
158588
158661
158663
158734
158738
158743
158750
158823
158825
158829
158830
158908
158909
158911
158914
158988
158989
159258
159347
159436
159538
159621
166926
166979
167150
167153
167215
167216
167279
167280
167281
167345
167346
167407
167408
167475
167480
167488
167769
167770
167772
167846
167922
168003
168005
168080
168081
168082
168083
168084
168162
168167
168168
168253
168254
168330
168336
168341
168417
168420
168422
168500
168501
168502
168504
168515
168571
168578
168579
168580
168589
168650
168654
168655
168656
168657
168665
168726
168727
168728
168730
168731
168732
168734
168795
168797
168798
168800
168801
168803
168806
168807
168809
168810
168879
168880
168881
168882
168886
168887
168895
168964
168965
168966
168970
168975
168984
169049
169056
169059
169060
169066
169138
169143
169220
169221
169224
169232
169307
169548
169549
169641
169731
169823
169919
170003
177431
177554
177603
177792
177795
177796
177860
177861
177862
177923
177927
177930
177932
177990
177991
177997
178058
178063
178074
178131
178284
178427
178432
178433
178505
178507
178512
178514
178585
178586
178588
178589
178590
178597
178664
178665
178666
178668
178669
178745
178749
178750
178752
178754
178761
178837
178842
178843
178858
178918
178919
179002
179004
179011
179078
179081
179083
179087
179089
179157
179158
179160
179161
179163
179164
179165
179168
179237
179239
179241
179242
179243
179244
179248
179249
179258
179318
179319
179321
179322
179324
179325
179330
179387
179389
179390
179391
179392
179393
179394
179397
179398
179402
179477
179479
179480
179481
179482
179483
179487
179497
179569
179570
179571
179575
179662
179664
179665
179668
179759
179844
179847
180004
180080
180356
188421
188693
188694
188760
188763
188769
188831
188834
188837
188903
188974
189124
189199
189272
189277
189278
189279
189282
189287
189354
189355
189356
189358
189361
189430
189431
189432
189436
189437
189443
189505
189508
189509
189511
189574
189578
189579
189581
189582
189588
189646
189654
189655
189660
189665
189727
189732
189734
189737
189741
189746
189812
189813
189816
189819
189820
189821
189835
189898
189902
189903
189906
189907
189915
189984
189985
189986
189988
189989
189990
189991
189992
189993
190064
190065
190066
190067
190069
190073
190076
190077
190079
190144
190146
190147
190148
190149
190150
190153
190157
190158
190170
190222
190224
190225
190226
190229
190232
190233
190234
190238
190239
190313
190314
190316
190317
190318
190319
190405
190406
190409
190411
190415
190417
190499
190500
190506
190581
190587
190677
190767
190768
190871
199729
199801
199870
199871
199873
199941
200009
200014
200015
200016
200017
200086
200091
200092
200093
200094
200166
200170
200171
200173
200174
200244
200246
200250
200251
200253
200321
200324
200325
200326
200330
200408
200409
200411
200412
200486
200488
200489
200493
200494
200556
200557
200559
200562
200563
200572
200628
200632
200633
200634
200635
200636
200638
200641
200701
200703
200704
200706
200708
200709
200710
200711
200713
200782
200783
200787
200791
200796
200797
200870
200871
200875
200876
200878
200960
200962
200963
200964
200966
200967
200968
201044
201046
201051
201055
201057
201130
201131
201132
201134
201135
201140
201152
201214
201215
201219
201220
201221
201225
201300
201302
201306
201307
201308
201309
201310
201315
201382
201387
201388
201389
201467
201472
201475
201477
201479
201558
201566
201654
201661
201750
201844
211113
211114
211118
211120
211187
211190
211193
211196
211197
211262
211268
211269
211345
211346
211421
211422
211423
211494
211503
211504
211505
211506
211578
211582
211583
211584
211585
211599
211660
211661
211666
211671
211738
211740
211741
211742
211744
211752
211817
211818
211819
211821
211822
211823
211824
211825
211826
211828
211836
211901
211902
211903
211904
211905
211906
211908
211918
211979
211981
211983
211984
211985
211986
211988
212000
212001
212065
212066
212069
212070
212073
212150
212152
212153
212155
212166
212240
212243
212251
212325
212326
212327
212328
212335
212406
212408
212409
212410
212411
212413
212414
212483
212485
212486
212487
212488
212489
212490
212500
212569
212571
212575
212578
212653
212654
212665
222373
222438
222440
222505
222507
222516
222577
222581
222583
222586
222589
222651
222724
222728
222734
222800
222809
222814
222876
222885
222886
222887
222961
222968
222969
222970
223039
223040
223041
223042
223045
223123
223125
223126
223127
223129
223131
223140
223207
223212
223214
223216
223219
223222
223295
223298
223299
223304
223306
223308
223386
223387
223388
223391
223392
223394
223471
223473
223476
223477
223478
223479
223480
223481
223482
223559
223561
223565
223570
223641
223643
223644
223647
223648
223649
223730
223731
223732
223733
223734
223735
223736
223738
223816
223817
223818
223819
223821
223894
223895
223898
223904
223970
223973
223974
223977
223981
224062
224231
224232
224318
233927
233994
234080
234151
234227
234305
234306
234309
234455
234519
234601
234603
234605
234686
234692
234767
234769
234774
234845
234848
234850
234853
234854
234934
234938
234940
234941
234943
234944
235022
235025
235028
235030
235111
235112
235116
235117
235121
235199
235201
235202
235204
235205
235206
235207
235208
235289
235290
235291
235292
235294
235379
235380
235381
235464
235465
235477
235548
235549
235631
235633
235720
235788
235868
245886
245956
246103
246258
246260
246263
246411
246427
246487
246488
246560
246639
246641
246645
246646
246647
246720
246725
246728
246729
246732
246733
246811
246815
246899
246900
246902
246908
246983
246987
246988
246989
246990
246992
246993
247074
247080
247083
247088
247089
247168
247169
247170
247172
247260
247261
247262
247345
247348
247430
247599
247700
247856
258033
258185
258346
258422
258427
258505
258509
258510
258511
258517
258673
258674
258740
258742
258745
258818
258824
258898
258908
258986
258991
258998
259074
259075
259078
259159
259164
259171
259252
259261
259341
259342
259437
259693
259786
270385
270460
270534
270615
270697
270785
270869
270874
271271
271349
271356
271438
271440
271610
272056
282944
283026
283283
283353
283439
283442
283772
283849
283851
283932
283934
284016
295708
295792
296317
