661995
675110
675445
675527
675686
688429
688521
689102
701743
716076
728631
728733
728924
741806
741977
754625
754629
754640
767941
768044
768300
780825
791346
791455
791556
791557
792773
793117
793211
793388
793457
793715
803096
803208
803315
803316
803422
803424
803530
803531
803849
804804
804820
804895
804909
804987
805071
805073
805151
805161
805237
805323
805760
815090
815198
815199
815200
815306
815307
815412
815413
815513
815521
815616
815722
815824
815835
816407
816498
816595
816710
816716
816787
816791
816891
816910
816961
817044
817124
817733
826755
826756
826857
826863
826864
826968
826970
826971
827067
827072
827073
827165
827167
827168
827175
827268
827269
827270
827271
827274
827282
827372
827375
827376
827377
827380
827488
827489
827573
827577
827767
827861
827946
827947
828045
828156
828162
828165
828259
828351
828427
828444
828449
828518
828533
828603
828848
828937
828946
828958
829114
829268
837811
838131
838230
838237
838333
838339
838340
838342
838428
838429
838431
838439
838441
838443
838527
838528
838535
838545
838625
838920
838923
838924
839022
839211
839303
839304
839395
839413
839415
839489
839490
839491
839506
839585
839603
839693
839766
839785
839851
840016
840098
840270
840434
849161
849162
849163
849164
849165
849166
849254
849258
849262
849352
849353
849366
849456
849458
849462
849466
849469
849554
849555
849561
849562
849563
849748
849761
849849
849850
849949
850049
850141
850143
850511
850618
850687
850774
851041
851127
851214
859072
859164
859728
859834
859836
859838
859938
859940
860039
860040
860132
860137
860138
860139
860143
860144
860147
860235
860244
860245
860340
860342
860437
860453
860515
860614
860706
860799
860805
860807
861080
861158
861242
861328
861685
861772
869398
870034
870253
870334
870336
870348
870350
870425
870435
870445
870535
870628
870630
870725
870727
870729
870826
870829
870908
870910
871090
871191
871192
871201
871281
871467
871545
871618
871878
871959
872045
872132
880160
880258
880363
880364
880455
880457
880459
880572
880573
880652
880667
880747
880754
880755
880855
880856
880945
880947
880948
880954
881047
881139
881220
881233
881236
881314
881330
881412
881423
881517
882269
882355
882431
882432
889825
890098
890186
890209
890292
890313
890314
890380
890382
890385
890386
890397
890466
890477
890558
890573
890654
890666
890668
890669
890670
890764
890767
890768
890771
890772
890859
890860
890861
890863
890865
890948
890953
890954
890955
890957
891037
891048
891049
891050
891053
891142
891144
891148
891237
891417
891756
891839
891840
891841
891924
892006
892016
892088
892166
892175
892176
892236
892301
898444
899030
899208
899220
899223
899323
899504
899595
899597
899676
899677
899679
899690
899769
899770
899771
899773
899848
899859
899861
899868
899871
899945
899952
899961
900033
900035
900047
900142
900146
900148
900149
900236
900238
900245
900330
900331
900333
900411
900415
900423
900507
900508
900518
900519
900868
900954
901123
901205
901207
901289
901454
901512
908050
908054
908146
908153
908236
908325
908413
908501
908502
908578
908588
908595
908669
908670
908673
908676
908763
908842
908851
908853
908855
908931
908932
908939
908940
909019
909024
909027
909031
909033
909100
909110
909113
909115
909191
909205
909206
909283
909295
909299
909376
909377
909385
909386
909460
909467
909480
909563
909571
909730
909821
909824
909923
910002
910242
916508
916598
916890
916969
917216
917228
917304
917407
917409
917482
917493
917494
917495
917496
917568
917569
917579
917580
917581
917651
917904
917911
917912
917984
917988
918070
918082
918156
918158
918164
918244
924753
925304
925321
925394
925817
926076
926078
926161
926422
926593
926693
926697
926771
927299
927381
927456
927457
927614
927617
927863
933651
933723
933957
934474
934475
934560
934562
935161
935175
935417
935676
935750
935752
935753
935837
935918
935920
941957
942033
942196
942451
951072
