446871
447808
447812
460564
460654
460991
461071
473453
473543
473546
473547
473550
473637
473638
473726
473729
473813
473822
473982
474065
474149
474215
474217
486480
486482
486567
486570
486656
486657
486661
486745
486750
486839
486841
486844
486933
486938
487014
487020
487100
487101
487107
487108
499574
499677
499753
499841
499842
499929
499931
499933
500021
500022
500034
500111
500200
500209
500287
500298
500369
512761
512847
512937
513025
513121
513135
513221
513222
513575
513657
525928
526209
526299
526303
526385
539376
539469
539470
539648
539735
539740
539820
539823
539824
552658
552755
552944
553031
553033
553125
553126
553219
553310
553568
566253
566439
566615
566616
579821
579902
579904
580075
580160
580339
580507
580586
580758
580847
580852
580938
593232
593492
593958
594213
594540
594624
606937
606940
607023
607024
607111
607203
607839
620466
620554
620557
620644
620648
621195
621386
621793
634182
634351
634967
635206
635532
635625
647823
647825
647831
648148
648228
648310
648387
648470
661210
661292
661378
674854
675036
688528
702113
702288
715625
715627
715808
715899
716002
716338
729016
729018
729289
729383
729461
729628
729633
729884
742172
742258
742705
767492
768820
792133
804410
816306
816409
816793
817142
827955
828153
828536
828610
839400
839401
850433
850518
850529
851053
861778
861782
871882
881947
882444
892395
900697
919018
919090
