224507
224700
224701
224807
227894
227895
235634
235715
235790
235792
235870
235873
236240
236243
236343
236346
236450
236641
236643
239796
246272
247601
247693
247694
247777
247779
247858
247859
247869
247946
247948
248036
248037
248230
248321
248323
248421
248424
248514
248716
248820
248922
248925
249029
249127
249228
249329
252006
252114
252232
258110
259344
259432
259518
259885
260233
260414
260512
260610
260614
260708
260710
260811
260819
260911
260914
260915
261015
261016
261023
261116
261117
261118
261218
261221
261318
261319
261417
261418
261419
261521
261522
261524
261620
261623
261625
261727
261735
261831
261832
261833
261938
261939
261940
261941
262045
262046
262245
264314
264429
264441
264545
270471
270712
271616
271703
271707
271789
272059
272155
272245
272337
272343
272415
272501
272595
272773
272775
272875
272881
272978
272982
273081
273694
273996
274099
274306
274410
274516
274704
274812
274915
274918
275131
275571
276353
276354
276359
276473
276580
276581
276583
276584
276696
276698
276816
276928
283613
283776
283855
283937
283938
284018
284020
284023
284024
284107
284194
284197
284286
284365
284895
284988
285168
285561
285656
285660
285759
285760
285862
285863
286066
286274
286378
287200
287529
287745
287848
287849
287850
287957
287959
288070
288076
288193
288750
288860
288970
289069
289077
289180
289195
289287
289290
289297
289397
289399
289400
289401
289402
290017
296311
296398
296645
297057
297148
297496
297503
297690
297691
297788
297790
297882
297884
297976
298074
298480
298580
298681
298691
298783
298785
298885
298983
298989
299090
299285
299607
299718
299830
300711
300718
300813
300817
300820
300827
300927
300937
301265
301268
301382
301392
301603
301608
301707
301719
301823
301824
301939
301940
301941
301943
302153
302165
302168
302256
302450
302565
309141
309401
309489
309572
309652
309653
309739
309747
309748
309830
309923
310006
310105
312137
312587
312699
313135
313137
313247
313352
313786
314446
314564
314676
314678
322043
322047
322131
322304
322381
322664
322749
324573
325022
325133
325245
325357
325472
326014
326313
326317
326537
326835
326836
327176
327291
327511
327624
327801
327806
328844
333739
334632
334723
334896
338002
338117
338220
339642
339746
340079
340179
340500
340601
340904
341553
341755
346721
352541
353060
353065
353161
353166
353284
353372
353376
353475
353785
354638
354738
359238
359321
360600
366191
366397
366398
366505
366506
367476
367489
367681
367694
373192
373795
373796
379398
379512
379622
380399
380625
380823
386818
405979
418820
432120
