148491
169176
189862
200836
201882
202138
202139
212607
212608
212773
213235
213236
213237
213324
213334
213337
213415
213416
213417
213501
213505
223601
223856
224012
224174
224181
224260
224532
224828
224923
224924
225020
225021
235418
235586
235671
235672
235746
235765
235827
235834
235900
235906
235982
235984
235986
235987
236076
236081
236170
236377
236469
236568
236570
236670
236770
236779
236875
236884
236886
247635
247809
247814
247816
247893
247894
247895
247897
247977
247982
248065
248067
248156
248164
248344
248750
248751
248852
259922
259926
259930
260004
260005
260013
260088
260089
260170
260173
260174
260175
260257
260260
260262
260265
260266
260350
260447
260535
260637
260737
272189
272190
272270
272277
272278
272280
272281
272282
272365
272371
272373
272448
272449
272450
272451
272461
272535
272536
272537
272538
272539
272624
272626
272628
272634
272714
272715
272739
272803
272821
273110
284575
284580
284664
284669
284671
284672
284678
284752
284756
284759
284761
284763
284841
284847
284924
284926
284935
285007
285010
285011
285101
285103
285286
285378
296909
297098
297185
297262
297265
297270
297439
297720
297810
309601
309686
309774
309947
322326
322332
322408
322415
322505
335106
