170197
180280
180748
181669
182775
182780
182975
182978
183188
190686
190777
190866
191126
191216
191410
192549
192550
192650
193589
193684
193690
193697
193787
193788
193896
193897
193898
194000
194413
201663
201854
201944
202111
202198
202199
202295
202296
202297
202393
202394
202395
202491
202505
202588
202594
202599
202686
202784
203666
203667
203775
203781
204825
204927
204928
204930
204936
205039
205452
212594
212841
212932
212933
212936
213120
213121
213212
213223
213313
213479
213493
213566
213569
213663
213664
213760
213856
213959
214353
214450
214543
214743
215062
215176
216213
216322
216421
216530
216847
224063
224072
224152
224330
224415
225097
225507
226019
226020
226432
226644
226645
226759
226878
227901
228013
228126
228231
228457
228461
235795
235803
235874
235875
235961
236056
236159
236249
236449
236547
236951
237051
237254
238514
238732
238734
239686
239691
240123
240355
247609
248046
248332
248425
248522
248824
249030
250820
251800
251808
252362
259978
262051
262154
262155
262680
262795
262899
263449
263991
264440
264551
264668
271533
271624
272067
272158
272254
275140
276257
276593
276708
276821
283788
283861
284730
284985
287100
288873
289312
289510
296145
296146
296230
296807
296887
296970
297059
308519
320989
322046
332697
332761
333581
333664
333674
333916
334101
345573
346477
346557
346641
346725
346726
346812
346813
358854
358855
358930
359407
359485
359564
371856
372289
372373
372455
372541
372701
372942
373026
384995
385420
385421
385423
385501
385583
385666
385671
385995
397998
398071
398072
398503
398504
398505
398582
398664
410956
411107
411329
411554
411794
424032
424255
424330
424405
437262
437263
437340
437493
437564
437565
437636
450450
450453
450526
450675
450750
450751
463551
463690
463691
463758
463759
463826
463827
463828
463831
463894
463896
476666
476736
476744
476813
476883
476884
476885
489881
489954
489955
489956
489957
490025
490026
490027
490104
490106
490253
490334
503193
503269
503346
503420
503424
503582
530113
542917
543709
557293
557510
570916
