93149
95116
103288
103581
111933
112970
129659
131020
138768
140743
141032
147559
148182
148421
148664
150938
158390
158879
159297
159298
160483
160765
161052
161155
168925
169771
171354
171451
171549
179432
181917
191353
193442
201805
201892
202429
202441
202538
202644
204031
204457
211381
212199
213171
215549
223520
225445
227520
233772
235335
235437
237096
237290
237816
239181
245713
247388
248150
248876
248982
249076
249182
249298
249371
249699
249904
250319
258145
261167
262089
263475
263585
270596
271925
273739
284396
286026
286417
286626
287049
287783
288005
296278
297019
297093
297279
297445
297448
297540
298529
298627
298728
299023
299144
299436
299668
299977
299987
300097
300324
301194
301413
301532
309874
309878
309960
309961
310051
310432
311048
311353
311630
312513
312648
312739
312744
312976
313064
313174
313281
313288
313390
313494
313497
313599
313603
313707
313708
313822
313925
313926
313931
314035
314045
314145
314272
314368
322248
322520
322521
322607
322611
323083
323797
324208
324717
325175
325280
325292
325393
325400
325505
325506
325515
325728
325837
325839
325947
325954
326049
326463
326564
326763
326872
326995
327102
327326
327437
335313
335879
336084
336284
336778
337493
337505
337513
337600
337607
337706
337708
337817
337820
337930
338037
338051
338165
338250
338364
338470
338581
339362
339465
339671
339770
339886
340114
348406
348510
348511
348604
348801
348897
348907
349206
349992
350086
350121
350196
350197
350296
350297
350299
350402
350410
350507
350724
350732
350830
350940
350951
350954
351045
351268
351687
351803
351921
352669
353207
361312
361321
361408
361411
361496
361509
361777
361794
361795
362186
362860
363080
363270
363275
363374
363477
363594
363697
365385
365917
374505
374512
374603
374608
374693
374705
374709
374792
374804
374884
374887
374979
375465
375559
375836
375922
375929
376123
376124
376327
376338
376357
376431
376527
376529
376625
376628
376636
376929
377245
377467
378592
379224
387612
387700
387704
387790
387885
387886
387970
387974
387976
388079
388088
388159
388273
388539
388554
388568
388633
388650
388755
388817
388907
389022
389215
389314
389316
389317
389318
389321
389414
389502
389600
389693
389891
389898
389899
389902
389999
390089
390191
398099
399873
400740
400747
400753
400938
401012
401014
401027
401185
401195
401278
401364
401383
401452
401545
402088
402091
402093
402281
402369
402457
402469
402555
402747
402749
402851
402948
402949
403041
403248
404848
410858
412587
412767
413038
413133
413716
413719
413816
413897
413902
413908
413977
413991
413998
414005
414080
414084
414155
414156
414165
414172
414174
414242
414248
414326
414327
414329
414330
414412
414413
414415
414419
414502
414503
414504
414591
414592
414607
414874
414937
414939
415035
415124
415216
415506
415586
415686
415979
416079
426009
426762
426763
426851
426853
426858
426859
426863
426940
426947
427030
427115
427206
427218
427285
427288
427289
427301
427370
427371
427373
427375
427378
427384
427389
427464
427465
427467
427471
427555
427556
427558
427559
427564
427565
427647
427648
427649
427650
427651
427738
427740
427742
427744
428416
428511
428619
428620
428636
428938
429040
429256
429471
438374
438561
440031
440032
440033
440037
440038
440124
440125
440132
440297
440370
440376
440390
440459
440462
440463
440464
440465
440466
440467
440481
440549
440550
440551
440553
440556
440557
440640
440641
440643
440653
440741
440745
440829
440844
440920
440932
441018
441019
441020
441022
441032
441313
441333
441417
441528
441549
441552
441636
441644
441669
441743
441766
441859
441966
442172
442186
442281
442284
442393
442630
450630
451554
451737
451832
451849
453108
453186
453187
453188
453193
453200
453203
453274
453283
453287
453294
453362
453371
453384
453535
453536
453539
453545
453549
453626
453627
453629
453630
453638
453718
453720
453721
453722
453811
453814
453815
453816
453902
453929
453931
454107
454110
454210
454297
454303
454311
454505
454511
454528
454615
454616
454622
454632
454723
454734
454763
454831
454838
454942
454945
455054
455178
455478
455573
455798
458120
464100
464188
464324
464327
464328
464495
464674
464858
464859
466129
466388
466400
466401
466406
466485
466487
466567
466649
466650
466651
466655
466656
466742
466743
466744
466746
466747
466836
466837
466851
466936
466938
467033
467123
467129
467146
467213
467344
467345
467427
467525
467553
467631
467741
467742
467749
467750
467850
467855
467873
467878
467960
467964
468075
468174
468178
468182
468386
468389
468477
477261
477262
477502
477672
477874
477950
477951
477954
478041
478047
478135
478138
479468
479470
479473
479559
479560
479637
479645
479647
479649
479650
479723
479725
479808
479809
479810
479813
479825
479903
479905
479906
479908
479910
479999
480011
480091
480093
480186
480189
480197
480202
480289
480293
480511
480585
480587
480602
480700
480704
480805
480815
480909
481015
481017
481127
481223
481227
481331
481340
481438
481538
481717
481718
481725
482772
489789
490922
491009
491190
491377
492551
492631
492655
492737
492824
492825
492832
492912
492914
492915
492916
492919
492924
492988
492991
492995
492998
493005
493010
493074
493081
493085
493089
493095
493168
493169
493176
493177
493178
493193
493271
493272
493283
493363
493371
493377
493457
493464
493468
493562
493567
493569
493572
493661
493663
493664
493665
493668
493669
493670
493765
493865
493868
493869
493870
493875
493971
493973
493975
493976
493977
494077
494079
494088
494179
494181
494194
494304
494398
494402
494599
494787
494877
494962
494963
495044
495335
496071
496625
497753
497859
497946
503103
504448
504895
505910
506011
506093
506110
506185
506186
506191
506199
506200
506277
506280
506281
506282
506286
506352
506361
506364
506440
506441
506449
506451
506452
506456
506459
506532
506535
506542
506543
506545
506547
506631
506633
506640
506724
506727
506731
506822
506823
506826
506832
506922
506925
506929
506930
506932
507026
507027
507031
507032
507129
507132
507135
507137
507232
507233
507234
507235
507237
507241
507331
507333
507334
507335
507340
507341
507435
507446
507530
507535
507549
507622
507624
507641
507716
507915
507933
508005
508009
508094
508101
508183
517955
518125
518479
519228
519402
519404
519409
519411
519415
519420
519494
519495
519497
519498
519507
519509
519510
519515
519582
519583
519592
519599
519605
519666
519675
519679
519762
519764
519766
519767
519768
519769
519770
519771
519857
519859
519861
519863
519867
519957
519958
519961
520049
520054
520149
520164
520250
520251
520254
520257
520260
520261
520350
520352
520357
520358
520363
520450
520455
520456
520459
520463
520550
520554
520555
520565
520653
520655
520657
520760
520844
520845
521028
522504
523022
531660
532496
532679
532752
532761
532832
532844
532846
532847
532848
532850
532853
532854
532932
532942
532946
533028
533029
533031
533036
533107
533108
533117
533195
533197
533202
533204
533216
533286
533295
533296
533298
533300
533385
533391
533393
533487
533488
533590
533597
533608
533689
533690
533695
533794
533795
533797
533807
533890
533893
533990
534007
534012
534013
534087
534099
534182
534186
534353
534540
534631
534721
535328
535954
543886
546066
546152
546317
546319
546327
546396
546397
546402
546403
546405
546409
546479
546490
546494
546495
546497
546565
546568
546576
546578
546586
546661
546662
546666
546668
546753
546754
546755
546758
546764
546847
546850
546853
546948
546949
546950
546953
547045
547047
547049
547050
547141
547142
547145
547147
547148
547149
547241
547243
547246
547335
547337
547339
547348
547350
547434
547435
547437
547440
547523
547532
547615
547626
547705
547712
548382
549007
549973
558617
559792
559800
559889
559958
559959
559969
559972
559975
560048
560055
560057
560059
560061
560065
560138
560139
560229
560230
560231
560327
560329
560335
560421
560427
560428
560433
560522
560524
560525
560538
560617
560625
560626
560629
560712
560714
560720
560726
560812
560813
560819
560823
560905
560907
560908
560918
560996
560998
561078
561084
561085
561385
561569
561774
561876
562857
572589
573259
573263
573431
573503
573504
573514
573518
573523
573590
573591
573600
573604
573685
573687
573689
573697
573782
573789
573791
573886
573887
573888
573976
573977
573979
573981
573983
573986
574072
574075
574080
574160
574164
574165
574166
574168
574177
574263
574352
574353
574357
574363
574448
574451
574458
574543
575258
575689
575800
586783
586797
586800
586803
586882
586892
586968
586971
587045
587050
587055
587060
587061
587128
587133
587134
587137
587138
587140
587141
587221
587223
587227
587232
587233
587318
587327
587410
587413
587416
587417
587418
587419
587431
587510
587511
587513
587514
587521
587601
587605
587613
587700
587701
587712
587790
587887
587891
587894
587898
587981
587989
587990
588175
588372
588478
588482
588579
588707
600120
600386
600387
600460
600545
600546
600551
600553
600634
600639
600718
600722
600723
600725
600728
600730
600739
600812
600814
600820
600822
600824
600834
600905
600907
600911
600912
600913
600998
601002
601003
601004
601005
601012
601094
601098
601187
601190
601191
601192
601290
601293
601295
601303
601387
601390
601485
601487
601588
601593
601597
601691
601698
601878
601888
602185
602291
613623
614195
614206
614285
614286
614366
614375
614376
614377
614381
614390
614460
614463
614466
614467
614468
614472
614474
614556
614557
614564
614566
614567
614653
614660
614747
614749
614753
614754
614845
614849
614850
614950
615035
615038
615043
615139
615140
615742
627944
628204
628296
628386
628390
628393
628394
628482
628485
628489
628492
628574
628579
628580
628589
628682
628683
628780
628782
628783
629511
642004
642007
642011
642012
642013
642105
642108
642112
642202
642204
642206
642210
642318
642319
642615
642927
645521
646524
655086
655088
655183
655283
655383
655392
655479
655483
655579
655683
655684
655687
655790
655895
656597
658462
668350
668447
668450
668457
668555
668645
668750
668847
668849
668948
668950
668951
669050
669060
669261
669451
681868
681879
681968
682177
682376
682477
682571
682577
682677
694647
694712
696062
708220
709343
721526
721528
721598
721670
722706
722798
726733
749102
761765
765511
774495
824148
856621
886355
888981
914089
961794
983056
