352035
352036
352146
352150
352249
352252
352253
352255
352256
352257
352258
352259
352473
352573
352582
352769
364859
364961
364962
364972
365068
365069
365070
365071
365072
365074
365172
365173
365174
365175
365178
365183
365278
365280
365281
365282
365283
365285
365286
365287
365288
365292
365294
365384
365386
365387
365389
365392
365395
365488
365489
365491
365493
365494
365591
365592
365594
365595
365690
377871
377875
377877
377975
377977
377979
377997
378083
378084
378087
378088
378100
378184
378188
378192
378282
378286
378289
378294
378295
378383
378384
378395
378486
378488
378490
378594
378600
378696
378800
378804
378807
378909
378912
390799
390999
391005
391108
391109
391110
391113
391121
391211
391212
391241
391321
391322
391423
391429
391435
391436
391446
391530
391612
403918
403919
403922
404015
404016
404118
404120
404121
404228
404238
404244
404248
404333
404335
404429
416741
416750
416909
416911
416915
417001
417094
417098
417190
417280
429897
429977
430060
430068
430142
430147
430150
430234
430988
443053
443129
443303
443404
443474
443558
443653
468771
468964
469295
469308
469563
469807
482460
482463
509060
509390
509706
536378
536489
656085
