37445
37983
43038
43096
43097
43147
43154
43624
43691
43758
43824
49150
49197
49198
49200
49897
55488
55543
55551
55591
55594
55603
55646
55839
56397
56399
62200
62201
62202
62256
62257
62261
62312
62318
62704
63078
69290
69407
69410
69417
69471
69475
69679
70144
70147
76839
76841
76843
76908
76981
77035
77038
77044
77111
77115
77188
77574
77822
84565
84631
84695
84708
84764
84768
84828
84836
84838
84898
84899
84903
84906
84908
84980
85450
91778
92747
92748
92756
92811
92812
92875
92950
93022
93023
93026
93099
93239
93641
100259
100325
101335
101402
101405
101463
101468
101540
101542
101607
101617
101618
101687
101692
101693
101771
101835
101837
101924
101925
101989
102250
102588
109215
109801
110251
110314
110448
110454
110510
110512
110514
110519
110526
110585
110586
110587
110588
110591
110594
110595
110658
110659
110673
110681
110745
110749
110754
110833
110836
110902
110914
111161
111414
118380
119433
119645
119707
119710
119712
119715
119718
119725
119790
119791
119792
119797
119800
119805
119866
119871
119872
119873
119878
119884
119954
120036
120131
120380
120463
120548
120631
127533
127621
128307
128708
128864
128924
128940
129021
129022
129096
129170
129233
129241
129244
129248
129252
129256
129319
129322
129323
129324
129325
129326
129327
129328
129330
129331
129333
129340
129406
129416
129421
129509
129679
129950
130030
130032
137045
137052
137108
137375
137451
137922
138318
138453
138534
138611
138629
138630
138710
138711
138799
138856
138870
138938
138939
138940
139017
139019
139020
139022
139024
139028
139029
139039
139104
139106
139107
139108
139111
139116
139121
139383
139566
146909
146910
146973
146978
146995
147041
147042
147045
147048
147049
147050
147121
147805
148185
148193
148339
148422
148423
148519
148606
148686
148838
148916
148920
148921
148924
148926
148928
148939
149006
149011
149012
149014
149016
149017
149018
149021
149106
149285
149288
149379
149468
149471
149564
149761
157040
157243
157301
157302
158093
158173
158175
158248
158250
158308
158309
158310
158386
158457
158458
158464
158476
158542
158544
158545
158549
158626
158630
158631
158723
158796
158912
159147
159148
159149
159151
159152
159234
159236
159252
159511
159512
159521
159611
159792
167186
167590
167591
167664
167672
168053
168476
168545
168554
168621
168622
168623
168625
168626
168632
168638
168699
168701
168714
168774
168775
168786
168852
168853
168854
168856
168858
168936
168937
168938
168939
168940
169025
169027
169031
169116
169195
169529
169538
169617
169618
169620
169622
169623
169625
169713
169899
169901
169987
169989
169997
170078
170093
178036
178103
178104
178108
178110
178179
178180
178182
178482
178718
178719
178721
178805
178806
179210
179215
179216
179232
179293
179295
179296
179364
179449
179455
179460
179537
179538
179539
179540
179541
179543
179732
179817
179818
179821
179822
179918
180152
180239
180247
180336
180337
180338
180435
180437
180441
180442
180530
180532
180624
180625
180720
180812
180816
188943
188944
188945
189018
189019
189021
189023
189024
189035
189093
189094
189096
189097
189168
189340
189481
189549
189560
189623
189966
189968
189969
189970
190049
190051
190052
190054
190128
190131
190199
190285
190289
190297
190373
190374
190375
190377
190380
190384
190388
190467
190561
190645
190654
190741
190747
190834
190840
190999
191092
191095
191183
191186
191187
191188
191290
191291
191292
191381
191482
191578
199846
199856
199926
199927
199928
199984
199985
199987
199988
199990
200000
200058
200059
200061
200063
200069
200070
200136
200137
200142
200145
200219
200220
200292
200294
200295
200313
200373
200376
200538
200543
200607
201115
201117
201188
201189
201276
201278
201284
201285
201287
201359
201371
201372
201441
201442
201443
201444
201445
201446
201457
201538
201722
201725
201826
201911
202000
202001
202091
202173
202180
202266
202267
202268
202269
202270
202272
202273
202366
202368
202374
202379
202485
210948
211027
211092
211093
211166
211167
211168
211170
211179
211236
211238
211239
211242
211244
211245
211247
211310
211312
211319
211328
211333
211386
211390
211392
211394
211396
211397
211465
211468
211469
211470
211474
211548
211549
211551
211553
211628
211629
211880
211881
212460
212475
212632
212714
212800
212815
212892
212908
212909
213009
213087
213097
213358
213367
213373
213456
213457
213458
213542
213544
213545
213639
213640
213642
213643
213647
222486
222492
222555
222621
222625
222627
222632
222695
222698
222699
222700
222701
222704
222705
222709
222769
222773
222775
222776
222777
222778
222779
222780
222781
222788
222793
222848
222850
222851
222852
222854
222855
222868
222928
222931
222932
222933
222941
223004
223005
223006
223007
223011
223184
223275
223366
223450
223451
223947
223949
223950
224032
224034
224040
224115
224206
224208
224210
224289
224292
224293
224294
224295
224296
224375
224484
224575
224576
224577
224672
224675
224679
224680
224770
224778
224779
224784
224877
224883
224963
224964
225070
225071
225169
225173
225174
234353
234430
234488
234489
234494
234495
234515
234565
234569
234571
234572
234573
234574
234575
234649
234650
234651
234653
234656
234667
234729
234730
234731
234734
234736
234737
234817
234909
234911
234912
235000
235092
235179
235180
235181
235269
235270
235271
235763
235764
235770
235772
235840
235841
235842
235844
235850
236021
236111
236114
236217
236318
236411
236413
236515
236524
236614
236616
236624
236815
246334
246394
246395
246469
246473
246536
246538
246539
246540
246548
246554
246613
246614
246616
246626
246696
246705
246713
246783
246784
246785
246788
246790
246801
246870
246871
246872
246873
246874
246879
246882
246883
246964
246965
246970
247055
247056
247147
247149
247238
247324
247327
247330
247833
247914
247917
247918
247926
248009
248012
248013
248099
248100
248188
248193
248194
248196
248286
248392
248394
248494
248592
248699
248796
258657
258724
258794
258796
258798
258799
258800
258804
258810
258889
258962
258965
258966
258967
258975
259050
259051
259053
259054
259061
259140
259141
259144
259148
259231
259232
259233
259321
259322
259409
259410
259496
260029
260037
260115
260121
260201
260202
260206
260390
260473
260475
260476
260480
260578
260784
271094
271170
271171
271176
271180
271181
271247
271248
271249
271331
271333
271334
271338
271413
271420
271421
271428
271507
271508
271515
271589
271591
271684
271690
271769
271770
271771
271871
272477
272480
272481
272566
272568
272571
272657
272667
272845
283668
283673
283683
283747
283749
283750
283834
283836
283912
283917
283996
283998
283999
284003
284079
284081
284166
284168
284169
284254
284260
284953
285047
285048
285140
285141
285231
285321
285329
285330
285423
285425
285434
296285
296286
296287
296289
296292
296373
296376
296378
296383
296458
296462
296466
296467
296536
296537
296538
296547
296618
296619
296620
296621
296699
297380
297472
297566
297761
297948
308942
309028
309029
309031
309113
309202
309980
310279
310365
310377
321841
322723
322915
323013
323106
323110
323111
323207
323208
335909
335910
348830
