42044
42065
47899
48061
49421
56158
68346
69030
69335
69447
69809
75749
75867
75928
75989
76103
76234
76295
76364
83543
83600
83730
83929
83993
85345
90926
91008
91507
91566
91567
91625
91633
91805
92078
92082
92154
92156
92220
92362
92373
92994
93286
99374
100042
100044
100164
100227
100285
100567
100647
100712
100714
100788
100932
101007
101011
101092
101583
101658
101726
101730
101801
101802
101806
101885
101886
101968
108198
108920
109108
109246
109315
109539
109616
109692
109920
110148
110554
110557
110641
110795
110878
117375
118143
118209
118479
118555
118632
118789
119924
119926
120009
120100
127465
127585
127586
127655
127873
127951
128033
128040
128112
128191
128193
128196
128280
128358
128521
128682
129465
129565
137483
137557
137799
137801
137881
137961
137964
138040
138043
138123
138124
138199
139077
139163
139249
139250
139426
147097
147236
147305
147306
147307
147452
147456
147531
147533
147611
147612
147686
147687
147689
147764
147766
147767
147768
147771
147924
148086
148243
148256
148979
149066
149154
149334
157354
157372
157431
157448
157505
157510
157586
157729
157812
157813
157896
157899
157975
157980
158215
159020
159200
159284
159286
167945
168019
168021
168023
168101
168187
168273
169580
169670
178172
178457
178459
178537
178539
178687
188855
188922
189004
189068
189223
189302
199822
200035
200430
211449
211525
211603
