267954
292120
292125
292209
292363
293056
304430
304601
304686
304776
305058
305193
305197
316914
316915
317010
317092
317184
317358
317510
317657
317668
317803
317807
317883
317889
329534
329537
329628
329633
329716
329722
329802
329805
329806
329809
329810
329812
329893
329894
329895
329896
329904
329973
329979
329980
329986
329987
330058
330059
330061
330153
330210
330283
330359
330367
330435
330511
342166
342261
342263
342351
342353
342355
342362
342442
342443
342446
342525
342526
342527
342528
342532
342534
342609
342610
342613
342614
342617
342694
342696
342698
342701
342703
342706
342778
342783
342784
342865
342866
342872
342952
343016
343084
343160
343165
343230
343241
355054
355239
355348
355428
355429
355436
355528
355603
355608
355610
355692
355698
355700
355781
355784
355785
355790
355791
355869
355875
355876
355877
355951
356079
356083
356158
356237
368020
368122
368128
368318
368408
368414
368499
368504
368507
368598
368692
368693
368782
368853
368866
368937
368950
368956
369012
369025
369085
369152
369153
369234
381050
381153
381448
381543
381545
381641
381821
381911
381990
381996
382072
382204
382288
382299
393942
394044
394046
394149
394629
394633
394803
394807
394812
394893
394898
394975
395126
406821
407030
407120
407500
407592
407663
419664
419756
419946
420339
420344
420430
420511
420661
420673
432874
433155
433430
433432
433440
433511
433684
446309
446311
446572
446670
446930
459249
459353
459540
459633
459640
459727
460009
460096
472923
473006
473007
473089
485659
485863
486122
486207
486213
499122
499205
499210
511818
512392
525358
525546
525641
538971
539070
552050
552441
552544
552648
593025
593395
606026
606123
606214
606215
606217
606488
606737
619618
619708
619711
619811
619818
619902
619909
619910
620077
632938
633231
633232
633234
633330
633426
633429
633430
633785
633976
634155
634159
634162
646694
646794
646890
646895
646986
646988
647065
647153
647160
647164
647169
647341
647706
647707
647801
647802
660204
660209
660214
660298
660305
660309
660401
660402
660403
660404
660405
660499
660582
660583
660589
660590
660669
660670
661013
673248
673522
673523
673613
673614
673708
673711
673712
673809
673811
673908
673914
673915
674002
674003
674004
674081
674082
674237
674492
686537
686542
686639
686740
686833
686907
686912
686916
687095
687098
687099
687185
687186
687283
687286
687378
687387
687476
699977
699979
700071
700166
700258
700341
700343
700347
700350
700434
700435
700443
700535
700540
701619
713518
713683
713692
713768
713769
713775
713779
713858
726422
726527
726888
726889
726971
726975
727052
727054
728054
739655
739742
739748
739919
739925
740012
740181
740269
752650
752833
752838
753013
765578
765956
777744
778257
778353
790163
790482
790591
801959
802563
802667
813848
813949
814357
815698
825215
825836
825838
826132
826314
836396
836500
836822
836929
837140
837144
837505
847978
847981
848084
848185
858876
868470
877820
878323
878706
878809
888641
888843
888844
889140
889622
897565
897767
906332
915048
923493
923597
923888
931879
931978
932274
940851
940950
947268
947622
947816
947823
948203
955205
955586
955669
961844
962653
968698
969903
969972
975568
983448
996405
996408
996521
1.003e+06
1.00943e+06
