482293
494983
495362
495666
508213
508602
508698
508702
508800
508901
508902
509440
522017
522022
522023
522029
522230
522232
534746
547816
548110
548206
548513
548515
548618
548947
561098
561100
561113
561199
561301
561499
561603
561604
561704
561705
561805
561909
562122
562545
562554
562666
562774
574273
574275
574369
574371
574464
574465
574466
574559
574560
574562
574563
574660
574664
574665
574671
574760
574761
575076
575182
575183
575184
575290
575505
575931
575932
576046
576153
587811
588100
588101
588105
588106
588198
588199
588202
588203
588204
588296
588297
588298
588299
588301
588302
588402
588407
588510
588617
588618
588726
588727
588732
588834
588942
589050
589051
589695
601205
601308
601309
601406
601411
601412
601511
601611
601612
601613
601614
601615
601708
601709
601710
601712
601805
601808
601810
601907
602011
602012
602015
602115
602116
602117
602121
602224
602229
602336
602443
602445
602552
602867
614961
615057
615058
615059
615153
615155
615156
615158
615161
615162
615252
615253
615351
615352
615457
615459
615566
615568
615569
615576
615674
615676
615678
615786
615894
615896
616001
616003
616218
616325
616640
628121
628506
628595
628599
628603
628612
628702
628703
628704
628705
628708
628802
628803
628804
628805
628809
628897
628898
628899
628900
628902
629005
629006
629007
629113
629114
629115
629116
629221
629222
629328
629436
629437
629545
629871
629872
629967
629968
630070
630178
630289
630392
642128
642229
642334
642335
642435
642436
642437
642438
642439
642535
642537
642538
642543
642636
642638
642639
642864
643063
643169
643898
655811
655915
655918
656019
656113
657152
669079
669374
669382
669468
669679
669783
669987
670081
670088
670095
670180
682593
683277
683574
683669
683671
683774
683879
696574
697377
709559
710046
