724214
776040
787772
787885
799906
799915
801461
811617
811618
811715
811806
811807
811819
811904
813204
823327
823510
824257
824358
824746
825139
825244
825560
834534
834619
834620
834622
834634
834707
834711
834713
835010
835082
835175
835674
836038
845521
845522
845602
845604
845683
845685
845950
846984
847269
847279
847283
847373
847587
847812
855984
856302
856389
856729
857367
857567
857866
858079
858198
858297
858301
858400
858402
865833
866632
866816
866895
866984
867064
867066
867150
867235
867325
867498
867504
867602
868002
868003
868509
876776
876872
877051
877054
877137
877139
877140
877217
877219
877223
877296
877944
878042
878043
886890
886891
887123
887211
887406
896068
896318
903694
904523
904594
904771
905201
905204
905603
913329
913407
913408
913410
913414
913418
913490
913491
913492
913494
913577
913578
913580
913743
913837
913842
913912
913922
914006
914246
914319
914328
914403
914413
914501
914688
921550
921834
921911
921916
921989
921994
922068
922158
922231
922232
922305
922319
922321
922409
922473
922488
922575
922878
922953
922963
923040
923041
923047
923131
923141
923233
930092
930227
930443
930584
930818
930899
931047
931422
931521
931619
931621
931627
931632
931722
931813
938007
938667
938739
938938
938944
939019
939084
939223
939237
939618
939708
939714
939810
939811
939812
946477
947324
947467
947468
947562
947656
947660
947761
953835
954887
955054
955147
955161
961247
961319
962225
962236
962322
962323
962325
962410
962411
962412
962413
962414
968529
969478
969481
969568
969569
969657
969666
969911
975681
975810
976455
976538
976612
976630
976702
976713
982740
983547
983699
983718
983779
983811
983925
989147
990355
990422
990564
995727
995806
1.00358e+06
1.00363e+06
1.00991e+06
1.01596e+06
1.02064e+06
1.02088e+06
1.02175e+06
