281131
293594
306117
306321
306366
319147
319240
319448
319555
331797
331851
331946
331991
332269
332324
332375
332378
332749
344758
344850
345366
345426
345428
345491
345541
357850
358166
358228
358294
358296
358335
358391
358574
358625
358627
358628
358693
358830
358831
358902
370910
371044
371049
371214
371217
371223
371461
371462
371512
371513
371574
371625
371639
371653
371764
371824
371836
371962
371980
372033
372034
372037
372107
372108
372117
372196
372268
384165
384262
384307
384421
384486
384498
384545
384654
384669
384720
384721
384777
384780
384841
384844
384907
384910
384973
385318
385327
385404
385483
397159
397214
397269
397274
397324
397325
397376
397380
397423
397474
397539
397543
397595
397600
397601
397663
397727
397730
397736
397788
397845
397846
397847
397908
397910
397911
397975
397976
397977
397978
397979
398202
398271
410072
410185
410243
410305
410436
410547
410602
410605
410607
410664
410718
410729
410798
410934
410935
410942
411157
411305
411378
422972
423148
423269
423273
423464
423469
423596
423604
423657
423713
423778
423796
423861
423865
423931
423933
424009
424078
424156
424313
424445
424455
424522
436109
436414
436419
436545
436609
436611
436676
436677
436678
436746
436806
436812
436818
436884
436943
436953
437025
437093
437242
437395
437470
437551
449612
449614
449677
449740
449747
449808
449932
450008
450060
450063
450068
450069
450203
450281
450340
450353
462491
462743
462749
462805
462806
462870
462873
462940
462942
463001
463009
463134
463187
463188
463189
463191
463252
463253
463314
463320
463393
463449
463450
463451
463459
463661
463732
463742
463807
463869
463931
475537
475625
475667
475668
475717
475767
476071
476075
476136
476199
476261
476321
476322
476324
476325
476383
476447
476511
476711
476716
476782
489086
489143
489530
489597
489598
489599
489665
489667
489668
489727
489732
489798
489847
489925
490006
490072
490147
490304
502501
502825
502893
502894
502895
502964
503094
503170
503230
503241
515750
515797
515869
515876
515937
528940
529118
529168
529170
529232
529233
529239
529240
529297
529305
529306
529307
529375
529376
529377
529379
529442
529512
542521
542751
542822
542825
542887
542895
542965
542966
543029
543039
543101
543172
543174
543175
556408
556603
