13527
20695
34579
64571
71679
77649
77714
86867
87149
110656
110986
111386
113058
119778
128295
128368
128373
128535
129658
129917
131670
137983
138060
138062
138138
138143
138213
138220
138221
138291
139535
139628
148098
148170
149439
149441
149532
149628
149716
149805
158298
158374
159760
159934
170134
170135
170310
170396
172103
179421
179510
179598
179689
181144
182514
190432
190611
190798
190883
191043
191232
191325
191816
191819
192008
192187
193207
193310
193322
203007
203098
203107
214292
214380
214474
215738
215842
226044
226140
226144
227306
238107
238216
