280472
292691
331104
331250
343979
344025
344028
357019
357032
357170
357374
369520
370164
382884
383024
383083
383093
383221
383269
383276
383585
395867
396192
396456
408582
408654
408802
408862
408865
408988
409053
409170
409285
421505
421570
421770
421778
421782
421785
421844
421902
421980
422039
422111
422216
422284
422316
422322
422397
434138
434319
434482
434550
434558
434697
434769
434845
434984
434990
434992
435041
435066
435292
435294
435304
435308
445563
447144
447396
447496
447572
447658
447661
447673
447735
447745
447748
447897
447977
448055
448123
448203
448325
448445
448448
448577
448623
448671
460753
460843
460921
460937
460994
460997
460998
461001
461010
461011
461014
461074
461075
461077
461090
461151
461163
461230
461239
461297
461304
461312
461317
461389
461393
461648
461694
461754
461889
461975
462007
473297
473480
473568
473820
473825
473906
473909
473913
473919
473922
473994
474006
474069
474078
474085
474145
474147
474223
474234
474287
474289
474292
474301
474354
474356
474374
474434
474500
474565
474575
474962
475052
475126
475157
475159
485016
485120
486428
486940
486948
487023
487027
487034
487043
487106
487114
487115
487117
487191
487193
487196
487208
487210
487271
487273
487274
487343
487348
487414
487415
487416
487418
487420
487487
487488
487496
487500
487508
487509
487559
487560
487577
487580
487639
487697
487700
487702
487748
487750
487939
488069
488106
488114
488152
488153
488202
488253
488298
488342
488343
488405
498394
498498
500140
500144
500216
500217
500225
500299
500301
500372
500373
500375
500384
500454
500455
500460
500462
500466
500468
500532
500537
500540
500610
500622
500625
500678
500679
500680
500688
500702
500754
500756
500764
500768
500769
500770
500828
500829
500970
501161
501385
501437
501491
501492
501493
501578
511783
513324
513340
513353
513428
513513
513520
513577
513582
513585
513587
513662
513666
513667
513670
513672
513743
513745
513750
513754
513755
513824
513829
513832
513833
513901
513902
513905
513911
513926
513972
513973
513982
513989
514044
514047
514058
514061
514139
514271
514329
514390
514500
514624
514675
514731
514829
514862
514865
514866
514899
526513
526514
526607
526684
526696
526868
526870
526871
526874
526943
526944
526946
526955
527028
527029
527030
527039
527047
527112
527113
527115
527121
527122
527132
527193
527194
527196
527197
527198
527210
527213
527214
527269
527281
527339
527340
527342
527358
527413
527414
527415
527427
527485
527487
527503
527581
527641
527940
527947
528068
528168
528207
528217
528219
528250
539845
540039
540208
540219
540297
540303
540305
540380
540384
540385
540387
540388
540390
540391
540464
540466
540467
540468
540469
540473
540475
540480
540549
540551
540554
540559
540562
540564
540629
540631
540636
540637
540638
540641
540709
540712
540714
540717
540722
540731
540736
540787
540789
540791
540794
540803
540804
540869
540872
540884
540885
540941
540942
540943
540953
541015
541016
541017
541023
541088
541090
541092
541093
541097
541160
541161
541164
541179
541244
541308
541366
541539
541599
541648
541655
541704
541717
541757
541794
541797
541801
541841
553519
553603
553700
553786
553787
553788
553867
553868
553869
553872
553874
553878
553883
553884
553947
553949
553950
553951
553953
553954
553957
553963
554029
554030
554031
554034
554035
554036
554037
554038
554039
554112
554121
554187
554189
554190
554193
554203
554272
554273
554277
554285
554343
554347
554348
554354
554362
554420
554423
554427
554435
554437
554499
554503
554511
554576
554577
554578
554584
554585
554650
554651
554652
554667
554724
554738
554809
554811
554873
554930
554932
555002
555046
555151
555161
555210
555258
555259
555268
555310
555312
555362
555404
555433
566967
567126
567213
567214
567299
567378
567386
567388
567390
567392
567394
567395
567464
567465
567467
567470
567471
567473
567474
567476
567483
567487
567548
567551
567552
567553
567555
567557
567558
567559
567562
567565
567566
567634
567635
567641
567646
567718
567724
567725
567730
567737
567797
567798
567800
567802
567804
567806
567812
567877
567878
567884
567887
567956
567957
567959
567961
567966
567973
568036
568040
568116
568120
568190
568194
568202
568204
568338
568339
568345
568418
568469
568526
568567
568574
568575
568576
568580
568626
568628
568630
568684
568735
568742
568751
568788
568789
568796
568799
568804
568850
568852
568887
568893
568938
578726
580190
580201
580453
580532
580537
580619
580620
580622
580696
580705
580709
580716
580788
580792
580794
580868
580870
580872
580873
580874
580875
580876
580877
580878
580879
580886
580950
580951
580962
580965
580966
581035
581036
581037
581041
581042
581044
581045
581046
581048
581124
581125
581130
581131
581151
581212
581214
581219
581223
581226
581285
581303
581373
581376
581433
581511
581514
581523
581586
581600
581601
581669
581672
581673
581675
581742
581752
581811
581818
581885
581996
581998
582051
582052
582105
582112
582155
582163
582208
582211
582213
582215
582218
582261
582358
582403
582484
592145
592636
592908
593711
593713
593718
593803
593896
593900
593992
593994
594072
594073
594144
594146
594148
594150
594154
594156
594231
594232
594239
594242
594243
594244
594312
594313
594314
594315
594316
594323
594325
594333
594391
594394
594395
594396
594398
594404
594405
594466
594467
594468
594478
594481
594546
594547
594549
594563
594628
594629
594633
594640
594707
594708
594709
594726
594794
594795
594796
594800
594805
594808
594870
594871
594886
594939
594940
594946
594949
595015
595087
595098
595102
595239
595305
595317
595366
595373
595376
595437
595440
595498
595610
595615
595668
595670
595672
595718
595719
595941
602962
606083
606538
606544
606822
606892
606976
607153
607341
607514
607515
607520
607524
607606
607610
607697
607704
607785
607786
607789
607858
607859
607863
607865
607866
607935
607946
608100
608159
608160
608161
608172
608174
608230
608232
608233
608235
608307
608324
608394
608398
608530
608586
608660
608668
608671
608733
608744
608806
608807
608818
608878
608888
608937
608997
609001
609064
609189
609242
609257
609293
609299
609519
619775
620142
620410
620599
620779
620873
620959
620962
621042
621054
621223
621225
621229
621234
621322
621407
621499
621651
621732
621748
621752
621816
621899
621991
621992
621997
622068
622147
622152
622289
622422
622424
622485
622605
622609
622665
622890
622892
622898
623186
630056
633390
633481
634225
634321
634395
634559
634638
634720
634728
634797
634809
635147
635154
635221
635229
635304
635308
635321
635378
635389
635635
635637
635643
635648
635711
635713
635714
635925
635934
635999
636014
636016
636071
636076
636134
636135
636148
636202
636255
636269
636335
636388
636390
636406
636458
636516
636558
636560
636848
636906
642629
645774
646292
646954
647225
647583
647589
648105
648264
648342
648417
648594
648750
648756
648829
648900
648902
648984
649047
649048
649276
649280
649281
649288
649352
649373
649417
649433
649492
649567
649578
649765
649778
649832
649839
649894
649958
649968
649970
650022
650137
650248
650347
658672
658881
658981
659410
659894
659896
659985
660077
660470
660639
660718
660803
661072
661160
661161
661247
661252
661331
661415
661417
661495
661499
661586
661678
661757
661840
661841
661843
661919
661929
661997
662007
662182
662412
662559
662632
662711
662712
662773
662776
662846
662847
662932
663054
663114
663135
663311
663312
663357
663370
663642
663815
671140
671901
672007
672318
672520
672926
673025
673314
673496
673586
673971
674059
674061
674298
674377
674380
674462
674629
674717
674803
674805
674811
674885
674889
674971
674975
675146
675163
675237
675319
675321
675401
675402
675562
675564
675638
675644
675728
675938
676020
676116
676268
676347
676609
676803
676805
676809
676867
677162
677288
677335
677383
677445
677483
677484
684074
684400
684529
684851
684974
685186
685509
685727
685831
685928
686217
686317
686615
686702
686791
686792
686882
686883
686970
687062
687249
687340
687523
687937
688204
688302
688375
688384
688385
688471
688560
688561
688563
688649
688655
688739
688740
688822
688825
688826
688903
688908
688911
688983
688985
688990
689060
689691
689764
689785
690069
690203
690271
690396
690402
690404
690525
690529
690594
690705
690708
690769
690825
690982
691029
697074
697276
697686
697796
698147
698149
698247
698258
698265
698272
698273
698370
698371
698489
698490
698598
698712
699052
699164
699281
699564
699656
699752
699943
700041
700042
700136
700225
700228
700232
700317
700320
700686
700687
700778
701070
701146
701330
701498
701588
701677
701678
701687
701776
701874
701950
701952
701954
701957
701961
702050
702053
702145
702146
702231
702232
702233
702316
702317
702319
702322
702401
702402
702405
702406
702409
702492
702493
702494
702495
702562
702576
702577
702584
702588
702664
702666
702670
702672
702845
703023
703676
703695
703752
703763
703815
703840
703952
704008
704079
704134
704149
704201
704204
704219
704264
704312
704329
704391
704442
704493
704547
704683
710851
711253
711383
711492
711493
711495
711498
711590
711601
711709
711712
711714
711822
712159
712383
712727
713102
713106
713205
713747
713836
713922
714019
714216
714423
714527
714731
715280
715365
715370
715378
715457
715460
715469
715550
715551
715555
715559
715561
715564
715648
715653
715738
715739
715745
715746
715748
715759
715828
715831
715833
715836
715838
715839
715919
715920
715922
715923
715926
715929
715930
715931
716001
716010
716011
716015
716016
716017
716018
716100
716103
716104
716105
716106
716111
716276
716361
716531
716533
716613
716615
716704
716764
716966
717178
717261
717305
717373
717427
717435
717436
717485
717487
717488
717622
717670
717671
717740
717746
717792
717802
717803
717860
717960
717961
723898
724008
724009
724228
724319
724320
724324
724334
724561
724669
724670
724755
724778
724779
724891
724892
724999
725004
725114
725225
725234
725340
725343
725562
725680
726299
726410
727029
727397
727604
728203
728568
728762
728763
728857
728859
728941
728943
728945
729033
729034
729036
729038
729042
729122
729127
729130
729131
729133
729207
729209
729212
729213
729215
729219
729224
729225
729298
729299
729300
729304
729305
729306
729310
729314
729382
729384
729385
729390
729391
729392
729394
729395
729396
729401
729402
729472
729481
729483
729485
729488
729489
729493
729550
729563
729564
729638
729651
729724
729726
729737
729820
729904
729985
730069
730283
730487
730498
730625
730708
730754
730756
730774
730942
731002
731003
731004
731005
731007
731017
731063
731064
731066
731070
731128
731129
731130
731131
731134
731182
731245
731253
731348
731352
731354
731391
731400
731593
734662
735717
737099
737101
737106
737202
737210
737217
737316
737317
737429
737531
737535
737540
737561
737563
737671
737779
737780
737781
737787
737888
737997
738002
738005
738011
738088
738119
738125
738209
738214
738240
738328
738330
738351
738354
738464
738586
738802
738803
739024
739027
739148
739235
739341
739524
739628
739629
739729
740157
740240
740335
740530
740742
740954
741551
741553
742007
742094
742184
742185
742187
742192
742195
742197
742276
742277
742279
742285
742363
742372
742460
742466
742544
742545
742552
742554
742555
742628
742631
742646
742713
742716
742721
742722
742723
742724
742726
742727
742729
742825
742827
742896
742906
742997
743000
743168
743298
743323
743393
743395
743471
743489
743552
743628
743699
743700
743840
743845
743974
744038
744152
744162
744163
744217
744219
744227
744279
744351
744397
744402
744405
744421
744457
744458
744459
744460
744467
744508
744562
744609
744617
747980
748074
748221
749023
750028
750122
750235
750350
750353
750452
750481
750565
750568
750572
750574
750598
750599
750706
750802
750803
750820
750823
750912
750926
750929
751038
751152
751263
751387
751495
751822
751823
751930
752225
752230
752319
752417
752420
752517
752520
752625
752718
752808
752815
752906
753077
753246
753437
753654
753874
753876
754086
754089
754189
754286
754388
754389
754483
754485
754662
754663
754848
754852
754943
754945
755040
755135
755213
755217
755388
755469
755474
755475
755562
755563
755644
755651
755653
755723
755729
755730
755732
755735
755736
755738
755739
755744
755818
755823
755832
755917
756000
756171
756233
756249
756320
756402
756423
756572
756649
756650
756727
756729
756803
756805
756877
756879
756948
757016
757017
757076
757077
757133
757151
757192
757193
757295
757348
757349
757357
757450
757498
757499
757507
757508
757509
757555
757642
757685
757819
760641
760902
761067
761079
761793
761799
761885
762688
762895
763094
763212
763230
763236
763323
763340
763344
763349
763456
763545
763546
763548
763665
763676
763778
763884
763902
764019
764665
764856
764950
765047
765050
765138
765242
765352
765449
765549
765642
765741
765742
765836
765927
766016
766110
766301
766303
766408
766513
766517
766623
766730
766732
766830
766834
766937
767040
767041
767239
767241
767242
767247
767336
767346
767429
767520
767524
767607
767609
767700
767790
767886
767887
767888
767979
767980
767984
768072
768075
768145
768160
768233
768235
768322
768329
768409
768415
768501
768503
768510
768576
768581
768584
768585
768586
768589
768590
768659
768660
768670
768672
768673
768675
768741
768756
768758
768844
768846
768930
768931
768932
769018
769021
769098
769099
769183
769248
769260
769342
769427
769589
769599
769667
769668
769673
769741
769742
769750
769758
769811
769812
769814
769868
769869
769876
769879
769930
769932
769989
769991
770002
770060
770061
770070
770124
770125
770128
770189
770194
770247
770296
770344
770353
770366
770389
770444
770446
770479
770510
770568
773232
773233
773306
773308
773309
773312
773461
773466
773473
773552
773555
773634
773710
773720
773721
773722
773802
773811
774427
774517
775094
775288
775399
775495
775617
775831
775832
775834
775916
775917
775941
776022
776031
776032
776159
776258
776262
776274
776369
776387
776481
776483
776594
776599
776812
776813
776822
776918
777519
777520
777608
777609
777611
777703
777810
777903
777905
777906
778012
778120
778225
778228
778233
778325
778416
778516
778617
778618
778709
778803
778805
778910
778999
779085
779086
779178
779279
779469
779470
779472
779478
779569
779572
779574
779576
779671
779675
779676
779677
779679
779775
779777
779785
779868
779869
779870
779956
779959
779961
779962
779963
779966
780047
780050
780052
780053
780054
780055
780057
780138
780141
780143
780144
780145
780225
780227
780229
780230
780231
780232
780234
780235
780316
780317
780318
780319
780320
780321
780323
780407
780408
780409
780410
780413
780499
780500
780501
780502
780508
780586
780587
780592
780601
780603
780682
780683
780758
780759
780766
780773
780776
780839
780849
781015
781019
781084
781087
781088
781095
781096
781098
781103
781107
781167
781168
781170
781171
781172
781178
781179
781180
781189
781259
781264
781265
781267
781268
781272
781347
781352
781359
781360
781363
781443
781446
781447
781510
781511
781531
781532
781616
781618
781682
781697
781705
781706
781777
781778
781781
781855
781857
781934
781935
781947
782021
782022
782099
782176
782250
782251
782260
782333
782334
782335
782336
782400
782412
782467
782472
782478
782528
782530
782534
782535
782581
782587
782644
782645
782646
782650
782657
782707
782709
782715
782770
782773
782774
782827
782828
782927
783002
783013
783035
783040
785487
785562
785564
785625
785715
785716
785717
785800
785879
785880
785881
785956
785957
785965
786050
786062
786125
786126
786146
786214
786819
786990
786992
787082
787274
787481
787577
787673
787769
787773
787873
787874
787881
787977
787979
787986
788004
788005
788111
788112
788113
788200
788223
788315
788405
788425
788632
788714
788721
788722
788744
788829
788830
788831
788849
788946
788958
789053
789056
789159
789267
789365
789367
789468
789552
789555
789646
789652
789738
789742
789832
789833
789917
789919
789920
790013
790014
790118
790119
790124
790226
790227
790336
790338
790350
790443
790448
790453
790545
790546
790547
790548
790649
790652
790752
790754
790762
790850
790852
790854
790856
790953
790955
790957
791055
791056
791059
791166
791167
791170
791171
791173
791175
791279
791281
791282
791283
791284
791285
791389
791392
791394
791395
791493
791496
791497
791499
791508
791586
791587
791589
791590
791592
791593
791682
791683
791684
791688
791694
791775
791778
791780
791785
791870
791871
791872
791874
791967
791968
791970
791974
792063
792066
792067
792071
792072
792165
792167
792249
792253
792259
792346
792355
792455
792536
792548
792550
792632
792637
792639
792642
792724
792727
792729
792731
792812
792815
792816
792820
792823
792899
792909
792987
792997
793072
793078
793079
793156
793157
793228
793230
793232
793242
793245
793248
793258
793318
793320
793394
793396
793477
793480
793481
793483
793484
793486
793567
793569
793575
793577
793580
793644
793653
793654
793655
793727
793729
793734
793739
793743
793744
793831
793897
793912
793928
794000
794004
794083
794160
794164
794166
794239
794319
794327
794398
794404
794480
794481
794557
794562
794639
794713
794716
794723
794779
794785
794787
794843
794850
794851
794860
794908
794912
794914
794916
794931
794966
794968
794971
794976
794977
794993
795028
795030
795033
795037
795038
795090
795092
795119
795156
795157
795158
795160
795209
795212
795214
795215
795217
795218
795267
795271
795273
795325
795342
795370
795371
795385
795415
795416
795426
795452
795467
795469
795548
797604
797606
797609
797612
797690
797694
797760
797765
797766
797834
797902
797986
797990
798161
798231
798237
798242
798312
798313
798316
798317
798321
798322
798329
798335
798406
798407
798504
798976
799136
799138
799157
799322
799336
799413
799414
799416
799424
799511
799523
799609
799614
799710
799803
799804
799811
799909
800012
800019
800025
800038
800112
800116
800118
800119
800218
800219
800241
800242
800347
800440
800523
800531
800534
800535
800539
800640
800726
800736
800738
800823
800838
800839
800840
800945
800948
801032
801043
801049
801051
801133
801138
801147
801155
801252
801259
801262
801265
801355
801369
801370
801470
801472
801473
801474
801566
801571
801655
801659
801661
801663
801742
801747
801748
801828
801830
801832
801913
801917
801920
801921
802004
802007
802009
802010
802021
802104
802105
802106
802113
802206
802207
802212
802310
802410
802411
802412
802520
802521
802623
802630
802731
802735
802736
802834
802930
802932
802933
802936
803031
803035
803140
803154
803249
803252
803253
803258
803361
803364
803367
803464
803465
803466
803468
803469
803570
803575
803576
803577
803581
803587
803679
803681
803682
803683
803687
803688
803777
803778
803779
803784
803785
803788
803876
803882
803892
803973
803976
804072
804073
804075
804080
804171
804256
804259
804261
804262
804272
804357
804454
804457
804458
804547
804551
804552
804559
804648
804649
804650
804651
804654
804656
804662
804748
804751
804753
804755
804758
804841
804844
804847
804852
804853
804928
804933
804936
804937
804939
804944
804945
805031
805089
805105
805187
805188
805192
805197
805200
805274
805275
805537
805615
805620
805622
805696
805698
805776
805780
805938
805941
806021
806033
806037
806095
806117
806199
806200
806283
806284
806368
806437
806438
806516
806596
806677
806680
806753
806759
806828
806831
806903
806909
806919
806922
806971
806978
806979
806990
807040
807047
807048
807054
807111
807119
807134
807176
807177
807178
807188
807198
807242
807243
807244
807245
807258
807308
807310
807311
807318
807370
807371
807375
807384
807402
807435
807448
807496
807497
807498
807499
807500
807520
807553
807554
807555
807567
807604
807609
807627
807654
807666
807667
807670
807696
807736
807741
807773
807781
807821
807856
807910
809636
809638
809639
809715
809718
809800
809876
809880
810050
810275
810277
810282
810285
810370
810379
810380
810454
810692
810842
810843
810903
810906
810907
810911
810913
810915
810916
810921
810983
810984
810985
810989
810995
810999
811063
811066
811068
811076
811080
811151
811158
811164
811235
811253
811327
811329
811347
811425
811429
811443
811522
811523
811527
811533
811535
811538
811615
811616
811619
811622
811631
811632
811635
811710
811712
811722
811724
811725
811729
811805
811820
811821
811822
811905
811908
811915
811918
811934
811935
812003
812015
812020
812021
812106
812107
812216
812217
812306
812403
812420
812423
812498
812520
812612
812621
812625
812696
812699
812712
812717
812798
812804
812817
812818
812819
812919
812921
813019
813022
813098
813104
813105
813118
813121
813131
813196
813206
813220
813221
813307
813319
813320
813329
813417
813422
813426
813506
813514
813515
813518
813592
813598
813601
813604
813605
813606
813700
813702
813703
813802
813900
813906
813907
814004
814005
814006
814007
814111
814112
814113
814119
814213
814214
814216
814219
814309
814312
814316
814319
814326
814416
814417
814420
814423
814523
814524
814526
814531
814627
814629
814631
814633
814634
814732
814734
814821
814829
814840
814919
814925
814926
815029
815031
815137
815138
815239
815241
815242
815345
815346
815349
815453
815454
815458
815558
815661
815667
815767
815770
815968
816057
816146
816244
816245
816337
816345
816440
816443
816448
816537
816538
816539
816541
816546
816549
816633
816634
816636
816639
816640
816642
816654
816729
816817
816822
816829
816834
816904
816906
816914
816916
816918
816990
817002
817003
817082
817084
817085
817161
817162
817174
817250
817255
817261
817330
817333
817340
817341
817346
817356
817431
817432
817433
817445
817514
817585
817673
817754
817908
817975
817981
817991
817992
817994
817998
818055
818062
818079
818080
818139
818141
818163
818233
818253
818309
818310
818399
818462
818463
818540
818618
818619
818621
818623
818698
818700
818701
818723
818779
818844
818846
818851
818857
818920
818928
818982
818990
819054
819063
819069
819122
819125
819126
819183
819184
819185
819187
819193
819246
819248
819251
819255
819306
819310
819311
819314
819365
819366
819367
819368
819382
819418
819422
819423
819468
819475
819477
819524
819568
819614
819631
819737
821180
821397
821475
821556
821793
821803
821874
821955
821956
821959
821962
822039
822055
822060
822125
822128
822131
822135
822203
822206
822207
822209
822219
822277
822293
822364
822426
822429
822430
822435
822497
822498
822501
822502
822505
822560
822563
822564
822565
822572
822578
822619
822620
822621
822622
822623
822624
822626
822628
822629
822633
822687
822688
822689
822690
822691
822692
822699
822703
822704
822706
822764
822765
822775
822776
822778
822780
822849
822861
822862
822937
822939
822941
822949
822953
823036
823050
823051
823059
823134
823137
823142
823153
823157
823230
823240
823244
823245
823253
823322
823323
823331
823336
823345
823348
823359
823413
823414
823419
823424
823425
823426
823427
823433
823434
823435
823444
823512
823526
823537
823545
823607
823608
823609
823614
823620
823623
823716
823789
823790
823801
823804
823805
823882
823893
823979
823985
823990
824071
824082
824085
824091
824163
824168
824170
824180
824182
824183
824267
824268
824281
824379
824381
824460
824477
824486
824574
824651
824658
824667
824744
824748
824753
824768
824843
824844
824852
824862
824944
824951
824957
824961
824962
825038
825049
825055
825056
825057
825060
825156
825157
825159
825160
825164
825261
825263
825264
825265
825266
825269
825366
825369
825371
825372
825373
825471
825472
825475
825477
825479
825484
825580
825582
825583
825587
825588
825690
825691
825694
825695
825792
825799
825800
825801
825887
825895
825901
825990
825996
826091
826092
826098
826183
826184
826185
826189
826192
826280
826282
826287
826389
826488
826583
826584
826585
826586
826688
826699
826794
826809
827008
827111
827214
827318
827418
827420
827516
827517
827719
827799
827891
828085
828087
828106
828192
828197
828279
828374
828378
828379
828471
828473
828475
828552
828553
828632
828660
828661
828721
828798
828800
828877
828892
828965
828966
829048
829051
829060
829131
829137
829139
829141
829143
829211
829212
829216
829285
829286
829290
829291
829293
829306
829364
829437
829445
829451
829452
829526
829529
829619
829695
829702
829776
829833
829835
829909
829915
829978
830053
830057
830062
830132
830133
830211
830213
830214
830281
830284
830285
830290
830360
830362
830444
830495
830502
830503
830522
830562
830567
830568
830581
830630
830688
830695
830696
830715
830754
830757
830769
830816
830817
830828
830829
830871
830878
830879
830886
830924
830926
830928
830937
830980
830985
830994
831034
831036
831077
831153
831180
831189
831192
831215
831229
831246
832415
832485
832489
832546
832547
832554
832632
832703
832715
832953
833027
833029
833045
833110
833119
833190
833191
833193
833269
833270
833274
833285
833290
833350
833352
833364
833503
833504
833506
833508
833509
833577
833580
833585
833587
833590
833652
833655
833657
833662
833668
833669
833726
833727
833729
833731
833733
833734
833735
833736
833757
833796
833797
833798
833799
833800
833803
833804
833809
833857
833861
833862
833863
833865
833866
833870
833871
833872
833875
833919
833920
833923
833925
833928
833929
833937
833990
833992
833993
833994
833995
833998
833999
834000
834002
834003
834073
834076
834077
834083
834092
834175
834182
834264
834265
834267
834274
834275
834280
834363
834364
834372
834454
834455
834456
834464
834531
834541
834544
834549
834633
834637
834638
834642
834663
834710
834716
834717
834718
834722
834727
834741
834802
834803
834806
834807
834810
834813
834819
834821
834902
834904
834906
834912
834913
834914
834917
835006
835012
835014
835083
835093
835098
835100
835106
835173
835183
835191
835192
835277
835289
835300
835378
835390
835480
835591
835687
835690
835770
835771
835854
835862
835958
835962
836036
836037
836041
836042
836043
836051
836056
836057
836060
836151
836152
836161
836162
836231
836249
836252
836261
836340
836347
836348
836349
836352
836353
836354
836355
836451
836455
836458
836459
836559
836560
836561
836562
836563
836570
836571
836663
836665
836669
836672
836675
836683
836772
836773
836776
836777
836778
836780
836782
836791
836881
836886
836888
836891
836892
836991
836992
836995
837007
837097
837105
837107
837116
837206
837208
837209
837302
837315
837390
837397
837485
837486
837570
837577
837578
837663
837665
837668
837762
837763
837764
837766
837859
837862
837882
837968
838073
838277
838481
838568
839165
839167
839177
839251
839258
839344
839353
839434
839437
839525
839529
839532
839549
839617
839620
839621
839718
839799
839809
839892
839894
839966
839967
840047
840050
840125
840207
840212
840296
840361
840370
840379
840442
840447
840451
840517
840523
840533
840590
840591
840662
840756
840760
840846
840915
840916
840989
840990
840991
840992
841051
841053
841055
841056
841127
841128
841129
841196
841199
841201
841267
841334
841336
841341
841411
841412
841417
841482
841483
841484
841552
841553
841566
841625
841627
841702
841764
841769
841846
841887
841945
841955
841992
841996
841997
841998
841999
842000
842004
842013
842052
842053
842065
842066
842104
842107
842113
842121
842125
842160
842162
842163
842165
842168
842174
842178
842209
842211
842215
842218
842220
842250
842251
842253
842256
842288
842289
842292
842297
842348
842381
842388
842402
843402
843406
843472
843555
843624
843651
844113
844114
844117
844269
844271
844350
844351
844353
844358
844363
844429
844430
844431
844432
844434
844438
844497
844498
844499
844501
844507
844508
844509
844511
844567
844568
844571
844572
844574
844600
844639
844640
844642
844644
844645
844647
844654
844655
844705
844707
844709
844711
844712
844714
844715
844716
844718
844719
844773
844776
844777
844778
844779
844780
844781
844786
844787
844791
844792
844835
844837
844839
844840
844841
844843
844844
844850
844855
844904
844905
844908
844909
844910
844912
844913
844917
844918
844922
844984
844987
844988
844989
844990
844993
844995
844996
844997
844998
845001
845002
845003
845082
845084
845085
845088
845095
845175
845178
845182
845185
845188
845269
845273
845276
845283
845284
845355
845357
845358
845360
845373
845441
845455
845458
845459
845524
845542
845621
845624
845628
845688
845693
845694
845700
845701
845703
845704
845715
845781
845782
845783
845784
845785
845787
845792
845794
845798
845868
845869
845871
845872
845880
845885
845886
845958
845959
845968
845969
846052
846057
846232
846239
846240
846434
846526
846528
846529
846532
846613
846614
846615
846625
846626
846701
846702
846703
846711
846712
846794
846796
846797
846886
846887
846888
846889
846891
846909
846978
846987
846990
846991
846993
847076
847086
847087
847089
847090
847091
847182
847185
847187
847188
847288
847289
847291
847293
847294
847392
847397
847498
847499
847504
847507
847508
847510
847607
847611
847612
847613
847614
847715
847716
847717
847727
847832
847833
847834
847941
847947
848039
848047
848048
848146
848149
848154
848155
848244
848245
848248
848338
848420
848495
848496
848497
848593
848594
848595
848622
848708
848798
848919
849007
849013
849318
849596
849699
849900
849998
850001
850002
850107
850199
850275
850276
850367
850454
850545
850547
850548
850553
850635
850642
850647
850651
850719
850727
850745
850812
850813
850902
850903
850985
850986
850987
851004
851074
851075
851082
851156
851232
851233
851303
851311
851328
851382
851388
851394
851445
851449
851477
851525
851527
851528
851534
851603
851614
851680
851689
851760
851766
851912
851966
851967
851976
852029
852032
852099
852103
852170
852171
852235
852236
852304
852307
852311
852371
852372
852443
852444
852445
852447
852450
852517
852518
852521
852590
852592
852651
852657
852771
852828
852871
852873
852875
852890
852918
852919
852926
852932
852937
852945
852974
852979
852982
852988
853032
853033
853079
853080
853081
853082
853083
853086
853090
853126
853133
853164
853172
853193
853194
853196
853197
853215
853220
853240
853251
854218
854222
854296
854297
854321
854374
854444
854445
854453
854466
854522
854605
854683
854693
854766
854845
854851
854855
854926
854938
854939
855010
855011
855013
855081
855083
855085
855087
855090
855153
855157
855160
855161
855162
855163
855164
855168
855221
855225
855226
855227
855231
855240
855241
855292
855295
855296
855297
855302
855303
855308
855359
855360
855361
855364
855365
855367
855375
855382
855427
855428
855430
855433
855434
855435
855436
855438
855447
855490
855492
855493
855495
855498
855501
855503
855508
855560
855561
855563
855564
855565
855566
855567
855570
855571
855572
855573
855636
855638
855640
855641
855642
855643
855644
855645
855650
855651
855721
855722
855723
855724
855726
855727
855728
855731
855732
855735
855737
855813
855816
855817
855820
855821
855822
855830
855904
855908
855912
855913
855982
855988
855990
856065
856066
856067
856072
856076
856080
856143
856144
856145
856146
856214
856223
856224
856225
856227
856234
856237
856307
856310
856311
856317
856318
856395
856396
856397
856400
856405
856407
856482
856485
856487
856494
856499
856566
856567
856572
856575
856577
856646
856648
856655
856657
856660
856730
856737
856738
856744
856745
856747
856749
856827
856834
856836
856837
856839
856925
856929
856931
856932
857020
857023
857025
857112
857113
857199
857201
857204
857205
857293
857294
857295
857296
857297
857387
857388
857389
857390
857398
857480
857481
857482
857487
857576
857579
857580
857581
857678
857681
857685
857693
857694
857777
857781
857782
857784
857786
857788
857884
857887
857889
857891
857898
857990
857991
857993
857996
857998
858097
858098
858103
858104
858107
858199
858200
858202
858207
858307
858308
858310
858317
858319
858419
858427
858531
858542
858638
858643
858650
858742
858751
858846
858849
859025
859028
859029
859122
859188
859191
859198
859278
859280
859366
859372
859470
859781
860077
860085
860484
860558
860751
860752
861016
861107
861196
861203
861273
861275
861287
861360
861364
861369
861372
861450
861453
861459
861462
861544
861549
861641
861716
861722
861795
861797
861874
861954
862019
862025
862162
862172
862180
862234
862235
862241
862242
862245
862314
862321
862322
862468
862471
862487
862539
862599
862605
862662
862663
862675
862732
862733
862740
862741
862742
862806
862813
862872
862874
862876
862902
862941
862946
863002
863005
863007
863008
863018
863071
863072
863075
863139
863140
863205
863271
863272
863275
863276
863336
863339
863344
863388
863444
863446
863454
863488
863506
863507
863539
863542
863543
863597
863601
863604
863643
863646
863649
863652
863655
863656
863694
863695
863696
863697
863707
863742
863743
863774
863777
863785
863807
863809
863812
863836
863837
863862
863888
863896
864605
864888
864889
864974
865055
865131
865134
865214
865215
865292
865293
865294
865296
865298
865305
865367
865369
865370
865375
865376
865377
865443
865446
865450
865451
865452
865453
865457
865521
865524
865525
865526
865527
865529
865530
865532
865545
865592
865593
865598
865599
865600
865601
865603
865618
865673
865674
865675
865677
865679
865680
865745
865746
865749
865751
865752
865753
865754
865820
865821
865822
865823
865825
865826
865828
865832
865891
865892
865893
865894
865897
865898
865899
865909
865953
865954
865955
865957
865959
865961
865962
865964
866019
866021
866023
866024
866025
866027
866028
866030
866031
866032
866033
866034
866035
866095
866096
866097
866098
866100
866101
866102
866103
866104
866105
866108
866109
866110
866111
866123
866170
866171
866173
866175
866176
866177
866178
866179
866182
866184
866185
866186
866187
866244
866245
866246
866247
866248
866249
866251
866252
866255
866267
866311
866312
866314
866315
866318
866319
866323
866325
866327
866329
866386
866393
866395
866402
866463
866468
866469
866478
866479
866545
866554
866555
866558
866633
866641
866642
866644
866646
866649
866651
866657
866664
866725
866727
866732
866733
866735
866738
866741
866745
866819
866822
866823
866825
866829
866832
866833
866834
866904
866906
866907
866909
866920
866986
866989
866990
866992
866994
867070
867073
867074
867076
867080
867085
867158
867159
867160
867162
867244
867245
867264
867265
867335
867337
867347
867425
867427
867517
867518
867615
867616
867620
867621
867633
867716
867717
867718
867724
867790
867808
867811
867812
867813
867815
867819
867912
867913
867915
867918
867921
868016
868017
868018
868116
868117
868118
868119
868121
868219
868220
868221
868315
868317
868325
868421
868426
868427
868521
868522
868527
868621
868628
868629
868726
868727
868737
868839
868843
868851
868938
868948
868949
869053
869055
869148
869150
869153
869160
869240
869250
869251
869253
869342
869433
869435
869528
869802
870377
870569
870662
870670
871138
871230
871315
871403
871491
871568
871578
871652
871659
871744
871745
871746
871825
871827
871829
871831
871901
871912
871913
872167
872412
872484
872550
872551
872611
872617
872618
872621
872688
872689
872691
872693
872696
872757
872787
872835
872839
872900
872904
872962
872963
872966
872968
873034
873036
873102
873104
873107
873111
873112
873176
873180
873247
873248
873314
873316
873320
873331
873333
873386
873454
873455
873456
873512
873518
873519
873520
873582
873588
873640
873644
873645
873656
873697
873751
873754
873806
873818
873849
873850
873859
873870
873897
873904
873908
873953
873959
873965
874000
874001
874003
874054
874055
874057
874090
874157
874182
874187
874197
874213
874227
874229
874238
874747
875099
875170
875250
875329
875396
875397
875398
875401
875474
875475
875477
875478
875480
875482
875484
875485
875556
875557
875558
875559
875560
875561
875562
875567
875571
875575
875636
875639
875640
875641
875642
875643
875645
875646
875648
875649
875651
875713
875716
875717
875718
875719
875720
875721
875722
875723
875724
875725
875727
875729
875787
875788
875789
875790
875793
875795
875797
875798
875800
875865
875866
875867
875869
875872
875873
875875
875877
875934
875936
875937
875938
875941
875944
875945
875946
875952
876001
876005
876008
876009
876011
876012
876013
876075
876077
876078
876080
876081
876084
876086
876092
876148
876149
876151
876152
876157
876160
876162
876169
876220
876221
876222
876223
876224
876226
876232
876233
876294
876295
876297
876298
876301
876303
876304
876306
876308
876367
876368
876371
876372
876373
876375
876377
876380
876382
876391
876443
876445
876446
876448
876449
876450
876451
876456
876461
876467
876521
876522
876523
876524
876525
876529
876530
876533
876537
876605
876606
876607
876610
876614
876615
876621
876631
876695
876696
876699
876700
876701
876719
876781
876788
876791
876794
876795
876796
876805
876879
876880
876881
876882
876883
876884
876885
876886
876966
876969
876971
876972
876974
876977
877056
877057
877058
877059
877060
877061
877064
877065
877142
877143
877144
877146
877147
877148
877157
877158
877226
877227
877231
877238
877255
877299
877301
877304
877305
877313
877382
877384
877388
877389
877487
877488
877567
877666
877669
877673
877765
877768
877769
877770
877771
877857
877859
877862
877863
877865
877874
877878
877958
877960
877962
877964
877965
877966
877977
878059
878165
878166
878168
878170
878263
878271
878281
878369
878373
878464
878465
878466
878470
878477
878557
878568
878570
878655
878660
878664
878675
878758
878766
878770
878785
878868
878869
878871
878874
878963
878970
878978
879069
879070
879071
879081
879173
879175
879176
879178
879206
879274
879289
879290
879367
879373
879462
879467
879477
879562
879563
879661
879662
879668
879841
879924
880324
880497
881169
881173
881259
881445
881446
881448
881541
881566
881636
881637
881640
881722
881724
881726
881750
881796
881804
881805
881808
882050
882059
882066
882078
882142
882147
882151
882215
882228
882233
882312
882533
882612
882674
882683
882696
882699
882748
882749
882752
882821
882834
882838
882891
882892
882893
882894
882899
882900
882959
882964
882966
882978
883029
883040
883097
883166
883167
883170
883172
883239
883240
883243
883246
883247
883315
883317
883318
883319
883385
883386
883391
883392
883398
883456
883459
883460
883461
883530
883532
883595
883598
883602
883668
883671
883672
883729
883733
883734
883737
883792
883793
883796
883800
883850
883851
883857
883909
883959
883969
884003
884019
884024
884048
884049
884050
884052
884067
884098
884143
884147
884176
884180
884182
884213
884251
884280
884298
884598
884787
885085
885095
885154
885155
885157
885225
885229
885230
885231
885233
885234
885307
885310
885311
885312
885313
885315
885317
885320
885383
885384
885387
885389
885390
885391
885392
885395
885398
885408
885461
885462
885463
885464
885465
885466
885468
885470
885471
885472
885473
885474
885476
885538
885539
885541
885542
885543
885546
885547
885548
885549
885550
885551
885552
885554
885613
885614
885615
885617
885618
885621
885623
885625
885626
885635
885640
885683
885684
885685
885686
885689
885692
885694
885695
885697
885755
885756
885757
885758
885759
885763
885765
885766
885768
885826
885827
885829
885830
885831
885832
885833
885835
885837
885838
885839
885899
885900
885901
885903
885904
885905
885907
885908
885909
885912
885916
885971
885973
885974
885976
885979
885981
885983
885984
885985
885987
886047
886048
886050
886051
886052
886053
886054
886055
886059
886060
886061
886123
886125
886127
886128
886129
886130
886136
886139
886201
886203
886204
886205
886206
886207
886209
886211
886212
886221
886228
886278
886281
886282
886283
886284
886285
886286
886287
886288
886291
886292
886361
886362
886363
886364
886365
886366
886367
886368
886370
886373
886376
886445
886447
886450
886451
886452
886453
886457
886458
886460
886461
886467
886474
886533
886537
886540
886541
886545
886548
886555
886563
886625
886627
886628
886631
886632
886635
886638
886717
886719
886720
886721
886722
886723
886805
886808
886809
886810
886811
886812
886893
886895
886897
886898
886899
886900
886902
886972
886973
886977
886978
886979
886981
886983
886985
887057
887058
887061
887088
887128
887129
887130
887133
887145
887208
887219
887221
887233
887245
887306
887307
887315
887316
887317
887326
887327
887414
887415
887416
887418
887421
887510
887511
887512
887514
887529
887601
887605
887606
887607
887699
887703
887704
887796
887799
887800
887801
887804
887805
887900
887907
887909
888009
888011
888098
888104
888105
888107
888112
888115
888198
888204
888206
888211
888214
888302
888311
888398
888411
888416
888493
888494
888504
888505
888518
888595
888600
888601
888603
888620
888688
888697
888698
888699
888701
888702
888703
888791
888797
888798
888799
888800
888801
888806
888896
888898
888899
888900
888901
888998
888999
889000
889001
889003
889098
889099
889102
889194
889200
889201
889211
889214
889298
889299
889300
889412
889515
889975
890699
890796
891075
891353
891355
891443
891451
891455
891531
891537
891540
891543
891625
891626
891705
891715
891797
891800
891869
891876
891878
891957
892031
892039
892113
892117
892124
892127
892198
892203
892281
892282
892402
892405
892416
892475
892480
892491
892557
892608
892617
892621
892678
892679
892683
892720
892750
892751
892752
892753
892763
892765
892826
892837
892899
892960
893029
893097
893099
893103
893169
893180
893237
893239
893242
893305
893306
893307
893309
893330
893373
893375
893376
893377
893384
893443
893444
893506
893508
893513
893534
893571
893633
893634
893761
894507
894558
894561
894562
894622
894624
894629
894630
894690
894693
894694
894695
894697
894702
894762
894763
894764
894766
894767
894768
894769
894770
894772
894773
894775
894834
894839
894840
894842
894843
894844
894845
894846
894847
894849
894904
894905
894906
894909
894910
894911
894912
894913
894914
894915
894916
894917
894918
894921
894975
894976
894979
894980
894981
894983
894984
894985
894986
894989
894990
894995
895046
895047
895048
895049
895050
895051
895053
895055
895057
895058
895059
895111
895112
895115
895116
895117
895118
895120
895123
895124
895125
895130
895178
895179
895180
895181
895182
895183
895184
895185
895186
895187
895188
895189
895190
895192
895248
895249
895250
895252
895253
895254
895255
895257
895259
895261
895269
895320
895323
895324
895325
895326
895327
895328
895330
895331
895332
895333
895334
895335
895336
895397
895398
895399
895402
895403
895404
895406
895407
895409
895411
895472
895476
895477
895478
895479
895480
895481
895482
895483
895485
895486
895488
895490
895554
895556
895559
895560
895561
895562
895564
895567
895568
895573
895577
895632
895634
895637
895638
895639
895640
895641
895642
895643
895644
895645
895648
895716
895717
895718
895722
895724
895725
895726
895727
895731
895732
895800
895802
895803
895804
895805
895806
895807
895808
895809
895810
895811
895813
895814
895817
895819
895820
895824
895841
895888
895889
895891
895892
895893
895894
895895
895896
895897
895898
895901
895902
895903
895904
895905
895908
895909
895913
895914
895915
895982
895983
895984
895985
895986
895987
895988
895989
895990
895991
895992
895993
895995
896001
896066
896067
896070
896071
896072
896073
896075
896076
896077
896078
896079
896154
896155
896156
896157
896158
896159
896160
896162
896166
896169
896238
896239
896241
896242
896243
896321
896323
896326
896328
896344
896401
896403
896405
896472
896481
896483
896484
896550
896565
896569
896637
896638
896640
896725
896727
896728
896730
896731
896734
896742
896821
896822
896824
896826
896827
896829
896846
896924
896925
896926
896927
897015
897017
897021
897022
897114
897115
897116
897117
897120
897124
897128
897215
897217
897219
897220
897223
897309
897313
897318
897322
897414
897415
897516
897523
897615
897620
897635
897715
897718
897720
897721
897728
897802
897812
897813
897816
897821
897897
897898
897899
897903
897907
897908
897916
898003
898006
898095
898096
898100
898101
898104
898186
898190
898192
898205
898206
898207
898282
898289
898290
898291
898292
898297
898389
898485
898488
898491
898492
898494
898594
898606
898683
898689
900729
900811
900816
900901
900903
900921
900981
900992
901011
901091
901106
901158
901164
901488
901544
901598
901604
901663
901672
901677
901682
901754
901800
901806
901810
901811
901815
901856
901871
901872
901879
901901
901935
902005
902006
902011
902022
902070
902072
902136
902138
902142
902147
902211
902285
902348
902352
902414
902418
902485
902486
902487
902488
902493
902495
902559
902560
902561
902567
902624
902627
902687
902688
902689
902691
902753
902755
902756
902817
902821
902876
902988
902989
903054
903103
903339
903459
903505
903665
903700
903703
903742
903743
903757
903796
903797
903798
903799
903805
903817
903852
903854
903855
903856
903860
903861
903864
903913
903914
903917
903918
903920
903923
903924
903925
903928
903982
903983
903984
903985
903989
903990
903991
903992
903993
904045
904046
904047
904048
904049
904050
904053
904055
904056
904061
904062
904101
904102
904103
904105
904107
904109
904110
904111
904115
904162
904163
904164
904165
904166
904167
904168
904170
904176
904177
904221
904222
904225
904226
904227
904228
904229
904230
904231
904232
904233
904234
904237
904238
904287
904288
904292
904293
904294
904295
904298
904299
904300
904302
904303
904363
904364
904366
904367
904368
904369
904370
904371
904372
904373
904374
904375
904378
904379
904436
904437
904443
904444
904445
904446
904447
904448
904449
904450
904451
904514
904524
904525
904526
904527
904528
904531
904532
904595
904596
904603
904607
904608
904611
904612
904676
904678
904680
904681
904682
904685
904690
904692
904694
904760
904761
904765
904766
904767
904768
904769
904770
904772
904773
904774
904775
904776
904777
904778
904780
904791
904846
904848
904849
904851
904852
904853
904854
904855
904857
904858
904859
904860
904861
904862
904863
904868
904873
904874
904935
904940
904942
904943
904944
904945
904946
904947
904948
904950
904951
904955
905022
905023
905024
905025
905029
905030
905031
905032
905033
905034
905038
905039
905041
905061
905116
905123
905126
905128
905129
905137
905138
905211
905212
905219
905299
905300
905315
905379
905380
905394
905448
905450
905454
905456
905523
905531
905532
905534
905609
905611
905613
905614
905626
905692
905698
905700
905719
905721
905788
905789
905790
905793
905794
905795
905798
905883
905884
905888
905892
905983
905993
906003
906004
906074
906075
906076
906082
906085
906173
906174
906187
906188
906271
906272
906273
906274
906280
906281
906370
906376
906377
906378
906474
906475
906478
906479
906481
906569
906573
906669
906671
906672
906673
906677
906680
906759
906760
906769
906772
906855
906859
906860
906861
906862
906866
906958
906959
906960
906963
906966
906968
907057
907059
907150
907153
907167
907251
907262
907347
907431
907706
908443
908615
910182
910198
910267
910292
910426
910553
910555
910570
910627
910637
910702
910703
910705
910712
910768
910769
910777
910787
910842
910900
910919
910963
910966
911013
911019
911029
911030
911071
911072
911073
911087
911137
911138
911146
911150
911215
911220
911405
911407
911416
911473
911475
911477
911536
911537
911539
911540
911598
911600
911657
911659
911660
911663
911664
911716
911717
911721
911723
911773
911774
911777
911828
911965
912019
912319
912401
912502
912509
912538
912539
912541
912553
912583
912587
912600
912623
912626
912627
912628
912629
912666
912668
912671
912673
912674
912675
912676
912686
912709
912713
912714
912715
912716
912719
912721
912723
912725
912727
912760
912761
912763
912764
912765
912766
912767
912768
912771
912772
912774
912785
912821
912822
912827
912831
912832
912834
912882
912883
912888
912889
912893
912898
912906
912947
912948
912951
912954
912955
912956
912958
912959
912961
912969
913017
913019
913023
913026
913027
913028
913029
913036
913090
913092
913097
913098
913102
913103
913107
913164
913165
913166
913170
913171
913175
913177
913181
913182
913243
913245
913247
913252
913253
913254
913255
913256
913258
913262
913321
913322
913323
913324
913326
913331
913332
913333
913334
913337
913338
913343
913399
913400
913405
913409
913411
913412
913415
913416
913419
913482
913483
913485
913487
913495
913498
913501
913521
913569
913570
913571
913573
913575
913576
913579
913583
913588
913589
913657
913658
913661
913663
913664
913666
913667
913670
913671
913680
913683
913750
913751
913753
913758
913759
913761
913831
913834
913835
913838
913839
913846
913914
913915
913918
913919
913923
913930
913941
913997
913998
914001
914005
914013
914015
914028
914083
914093
914101
914109
914171
914173
914175
914176
914185
914245
914250
914251
914254
914331
914336
914337
914348
914416
914418
914420
914509
914511
914515
914516
914524
914598
914600
914608
914708
914715
914801
914802
914819
914892
914896
914898
914900
914901
914905
914990
914993
914995
914998
915002
915005
915088
915092
915097
915099
915105
915189
915190
915195
915200
915286
915287
915290
915294
915296
915297
915303
915384
915385
915391
915393
915394
915397
915484
915490
915493
915504
915689
915695
915697
915700
915785
915879
915882
915886
915974
916168
916174
916182
916185
916360
918441
918779
919027
919183
919334
919339
919408
919409
919424
919477
919489
919503
919548
919687
919749
919787
919788
919815
919842
919843
919844
919860
919919
919920
919979
919988
920107
920108
920162
920169
920184
920222
920223
920279
920280
920341
920343
920348
920399
920401
920403
920404
920452
920453
920455
920908
920968
920990
921166
921192
921196
921200
921237
921238
921239
921241
921243
921244
921284
921285
921287
921288
921290
921291
921301
921329
921331
921332
921334
921335
921336
921338
921379
921380
921382
921385
921388
921390
921426
921429
921431
921432
921434
921435
921481
921484
921486
921487
921493
921497
921547
921553
921556
921608
921613
921614
921616
921617
921618
921623
921627
921682
921687
921688
921690
921694
921695
921755
921756
921757
921763
921764
921766
921769
921772
921831
921832
921838
921839
921840
921841
921842
921845
921850
921905
921909
921910
921912
921913
921917
921921
921925
921930
921985
921986
921993
921995
921999
922001
922061
922064
922065
922069
922073
922076
922160
922230
922234
922240
922313
922316
922340
922403
922406
922407
922472
922477
922490
922500
922555
922557
922559
922571
922574
922577
922634
922637
922640
922650
922651
922653
922676
922694
922730
922731
922736
922737
922758
922811
922812
922815
922882
922885
922896
922967
922974
922977
923051
923052
923058
923068
923133
923150
923151
923152
923248
923250
923338
923345
923346
923351
923352
923444
923453
923539
923541
923548
923554
923636
923646
923736
923739
923740
923742
923836
923839
923841
923843
923931
923936
923946
923950
924037
924039
924041
924132
924137
924138
924139
924152
924239
924241
924607
924608
924703
924796
924899
925243
926989
927064
927391
927468
927503
927650
927708
927791
927874
927886
927952
927953
928031
928032
928099
928100
928109
928171
928193
928245
928263
928274
928296
928299
928310
928340
928347
928390
928396
928425
928443
928491
928496
928551
928559
928565
928569
928607
928611
928614
928663
928666
928668
928678
928694
928723
928737
928845
928851
928905
928959
928960
929014
929020
929076
929417
929418
929481
929588
929636
929687
929763
929764
929766
929767
929812
929813
929818
929819
929820
929822
929863
929866
929869
929913
929917
929920
929921
929922
929930
929970
929975
929980
930023
930024
930026
930029
930030
930031
930033
930035
930036
930039
930091
930094
930095
930096
930097
930098
930106
930161
930163
930170
930171
930229
930238
930291
930297
930298
930301
930364
930365
930366
930373
930374
930381
930436
930440
930450
930453
930456
930508
930509
930510
930514
930520
930521
930522
930524
930528
930535
930585
930588
930589
930590
930593
930599
930600
930662
930664
930667
930668
930737
930748
930816
930883
930885
930889
930921
930962
930978
930995
931001
931039
931055
931059
931130
931131
931132
931139
931201
931202
931222
931276
931277
931294
931350
931351
931355
931356
931427
931429
931435
931442
931443
931448
931530
931616
931626
931628
931725
931727
931730
931734
931740
931824
931828
931829
931830
931923
931924
931925
931931
932020
932022
932029
932124
932125
932127
932128
932139
932226
932228
932229
932232
932234
932318
932336
932532
932713
932894
933241
933248
933690
933758
933990
936026
936087
936242
936265
936317
936396
936399
936408
936474
936480
936481
936548
936554
936562
936603
936611
936658
936662
936664
936727
936751
936766
936792
936806
936812
936842
936843
936867
936879
936895
936896
936931
936948
936949
936954
937000
937038
937048
937082
937103
937106
937107
937167
937282
937344
937517
937532
937636
937684
937711
937756
937878
937922
937965
938012
938017
938070
938111
938112
938113
938116
938118
938162
938164
938169
938171
938219
938220
938222
938224
938225
938226
938227
938228
938281
938282
938283
938285
938287
938288
938291
938341
938351
938352
938354
938405
938408
938410
938413
938417
938420
938423
938472
938473
938474
938475
938476
938478
938479
938481
938537
938539
938540
938541
938546
938550
938551
938607
938608
938609
938619
938664
938669
938673
938675
938677
938678
938687
938736
938737
938749
938751
938807
938810
938811
938872
938873
938874
938878
938880
938898
938948
939021
939026
939052
939102
939103
939106
939108
939170
939257
939259
939310
939311
939315
939327
939366
939379
939381
939385
939386
939440
939458
939464
939465
939531
939532
939535
939620
939623
939627
939631
939723
939730
939803
939813
939822
939826
939904
939917
939920
940013
940014
940019
940027
940116
940117
940118
940119
940123
940124
940218
940222
940312
940316
940326
940333
940410
940412
940435
940506
940604
940613
941166
941897
941979
943868
944094
944102
944169
944235
944236
944295
944300
944315
944624
944625
944689
944826
944867
944868
944878
944883
944911
944917
944937
944982
945059
945063
945066
945101
945154
945155
945223
945541
945739
945823
945870
945889
945914
945923
945971
945972
945976
945978
945979
946024
946026
946027
946031
946073
946074
946077
946079
946080
946081
946084
946129
946133
946134
946135
946136
946137
946138
946139
946141
946143
946148
946199
946201
946202
946204
946208
946213
946262
946265
946266
946267
946268
946269
946270
946273
946279
946330
946336
946339
946340
946345
946346
946399
946402
946404
946405
946414
946469
946472
946474
946478
946480
946483
946485
946488
946541
946607
946610
946616
946617
946680
946684
946744
946753
946810
946816
946818
946822
946881
946893
946895
946958
946960
946961
946962
946964
947018
947023
947024
947027
947049
947091
947092
947105
947165
947170
947175
947240
947251
947314
947329
947391
947393
947398
947473
947474
947488
947563
947573
947574
947673
947676
947765
947766
947767
947865
947867
947872
947874
947963
947967
947971
948060
948061
948062
948071
948155
948156
948166
948250
948436
948532
951904
951905
951968
952042
952043
952091
952302
952414
952449
952488
952497
952535
952760
953068
953226
953229
953273
953322
953411
953412
953457
953465
953505
953510
953525
953563
953566
953567
953571
953621
953624
953625
953627
953628
953629
953630
953687
953688
953692
953693
953694
953753
953760
953764
953768
953770
953771
953823
953826
953830
953832
953833
953839
953843
953848
953896
953899
953902
953903
953904
953908
953920
953969
953971
953977
953981
953982
954043
954191
954220
954338
954341
954342
954344
954357
954403
954407
954411
954412
954413
954416
954424
954467
954480
954481
954486
954544
954616
954667
954670
954674
954683
954752
954755
954817
954829
954885
954893
954974
955068
955148
955157
955159
955164
955171
955255
955257
955350
955357
955358
955440
955451
955885
959598
959636
959748
959879
959888
959889
959977
960055
960143
960441
960484
960488
960495
960531
960540
960569
960570
960576
960617
960621
960667
960672
960674
960710
960716
960717
960726
960730
960769
960775
960776
960779
960784
960824
960825
960827
960828
960831
960832
960833
960837
960858
960885
960888
960889
960892
960893
960894
960895
960898
960906
960950
960955
960956
960957
960958
960960
960961
960963
960964
960965
961017
961018
961019
961021
961023
961025
961026
961027
961028
961035
961047
961089
961091
961094
961096
961097
961098
961099
961100
961104
961109
961167
961177
961178
961254
961305
961385
961454
961457
961469
961527
961533
961534
961535
961538
961554
961600
961604
961607
961608
961609
961611
961636
961668
961679
961681
961685
961742
961744
961745
961750
961756
961812
961816
961823
961824
961879
961883
961884
961887
961946
961947
961949
961952
962025
962091
962159
962162
962246
962338
962421
962424
962427
962428
962431
962514
962517
962522
962526
962529
962608
962616
962693
962696
962697
962868
962959
967263
967328
967352
967364
967485
967523
967598
967609
967681
967684
967690
967743
967775
967820
967821
967870
967882
967939
967946
967981
967983
967984
967992
968004
968039
968040
968042
968047
968098
968099
968101
968104
968107
968112
968158
968159
968162
968164
968167
968168
968173
968224
968229
968230
968231
968236
968237
968247
968294
968301
968303
968308
968368
968369
968370
968373
968385
968437
968451
968519
968590
968663
968672
968733
968736
968797
968802
968803
968804
968805
968807
968861
968866
968870
968871
968879
968929
968930
968932
968938
968991
968993
969003
969055
969057
969061
969115
969252
969398
969406
969486
969489
969492
969581
969757
969760
969941
970090
974520
974715
974747
974748
974750
974764
974787
974810
974843
974878
974879
974893
974917
974919
974963
974975
975008
975010
975015
975071
975081
975112
975120
975138
975146
975167
975170
975171
975222
975229
975240
975247
975284
975285
975286
975294
975295
975343
975346
975347
975348
975349
975411
975412
975417
975419
975468
975474
975480
975544
975545
975550
975669
975679
975687
975709
975752
975762
975820
975822
975825
975836
975885
975888
975893
975894
975904
975954
975959
976021
976024
976082
976083
976098
976151
976200
976266
976267
976345
976407
976473
976627
976629
976634
976638
976711
976715
976716
976795
976798
976803
976885
976968
976980
977039
977159
977279
981728
981773
981787
981817
981856
981964
982002
982051
982060
982091
982092
982102
982108
982191
982192
982242
982243
982299
982300
982301
982306
982357
982363
982364
982365
982366
982370
982415
982417
982425
982671
982681
982732
982737
982741
982804
982805
982808
982863
982867
982874
982923
982935
982942
982958
982995
982998
983054
983055
983060
983067
983112
983113
983175
983179
983230
983295
983305
983364
983422
983558
983710
983729
983871
983887
983949
983955
984012
984231
988669
988705
988718
988740
988773
988790
988791
988804
988811
988840
988859
988864
988865
988885
988902
988903
988907
988922
988945
988946
988955
988956
988991
989044
989143
989153
989155
989313
989529
989538
989602
989609
989664
989669
989674
989675
989735
989772
989784
989785
989807
989839
989843
989844
989847
989871
989902
989942
989947
989948
989954
990000
990003
990006
990008
990009
990032
990057
990063
990066
990230
990243
990247
990295
990296
990361
990362
990439
990455
990508
990509
990582
990596
990708
995478
995484
995509
995510
995514
995544
995571
995575
995579
995618
995619
995663
995664
995668
995711
995735
995740
995761
995766
995813
995819
995856
995880
996045
996096
996098
996105
996116
996155
996203
996209
996212
996217
996268
996269
996270
996322
996326
996332
996388
996390
996391
996449
996450
996495
996498
996572
996592
996595
996597
996601
996608
996646
996649
996654
996655
996683
996764
996767
996813
996818
996821
996869
996872
996876
996878
996928
996929
996930
996932
996933
996936
996987
996988
996989
996990
996991
997048
997119
1.00203e+06
1.00205e+06
1.00208e+06
1.00208e+06
1.00208e+06
1.00211e+06
1.00211e+06
1.00212e+06
1.00216e+06
1.00216e+06
1.00216e+06
1.00219e+06
1.00219e+06
1.00224e+06
1.00224e+06
1.00225e+06
1.00225e+06
1.00231e+06
1.00233e+06
1.00238e+06
1.00255e+06
1.00256e+06
1.00257e+06
1.0026e+06
1.00265e+06
1.00266e+06
1.00271e+06
1.00276e+06
1.00276e+06
1.00276e+06
1.00276e+06
1.00277e+06
1.00277e+06
1.00277e+06
1.00278e+06
1.00281e+06
1.00281e+06
1.00281e+06
1.00282e+06
1.00282e+06
1.00282e+06
1.00282e+06
1.00283e+06
1.00287e+06
1.00288e+06
1.00288e+06
1.0029e+06
1.00292e+06
1.00293e+06
1.00293e+06
1.00294e+06
1.00294e+06
1.00298e+06
1.00299e+06
1.00299e+06
1.00303e+06
1.00304e+06
1.00304e+06
1.00305e+06
1.00308e+06
1.0031e+06
1.0031e+06
1.0031e+06
1.00319e+06
1.00324e+06
1.00325e+06
1.00329e+06
1.00334e+06
1.00334e+06
1.00339e+06
1.0034e+06
1.0034e+06
1.00345e+06
1.00345e+06
1.00345e+06
1.00351e+06
1.00858e+06
1.00858e+06
1.00858e+06
1.00861e+06
1.00864e+06
1.00872e+06
1.00875e+06
1.00876e+06
1.00877e+06
1.00879e+06
1.0088e+06
1.00891e+06
1.00895e+06
1.00895e+06
1.00899e+06
1.00899e+06
1.00909e+06
1.00909e+06
1.0091e+06
1.00914e+06
1.00914e+06
1.00915e+06
1.0092e+06
1.0092e+06
1.0092e+06
1.0092e+06
1.00921e+06
1.00924e+06
1.00925e+06
1.00925e+06
1.00926e+06
1.00932e+06
1.00933e+06
1.00936e+06
1.0094e+06
1.00941e+06
1.00941e+06
1.00941e+06
1.00945e+06
1.00945e+06
1.00946e+06
1.00946e+06
1.00946e+06
1.00947e+06
1.00947e+06
1.00947e+06
1.0095e+06
1.00952e+06
1.00952e+06
1.00953e+06
1.00956e+06
1.00956e+06
1.00956e+06
1.00957e+06
1.00958e+06
1.00961e+06
1.00961e+06
1.00962e+06
1.00967e+06
1.00971e+06
1.00971e+06
1.00971e+06
1.00975e+06
1.00975e+06
1.00976e+06
1.00976e+06
1.00976e+06
1.0098e+06
1.0098e+06
1.00981e+06
1.00984e+06
1.00984e+06
1.00985e+06
1.00988e+06
1.00993e+06
1.01471e+06
1.01478e+06
1.01481e+06
1.01485e+06
1.01486e+06
1.01492e+06
1.01496e+06
1.01499e+06
1.01503e+06
1.01508e+06
1.01517e+06
1.01522e+06
1.01522e+06
1.01526e+06
1.01527e+06
1.01527e+06
1.01531e+06
1.01531e+06
1.01532e+06
1.01532e+06
1.01534e+06
1.01536e+06
1.01537e+06
1.01537e+06
1.01537e+06
1.01537e+06
1.01538e+06
1.01542e+06
1.01542e+06
1.01543e+06
1.01543e+06
1.01544e+06
1.01546e+06
1.01547e+06
1.01547e+06
1.01548e+06
1.01552e+06
1.01553e+06
1.01555e+06
1.01555e+06
1.01556e+06
1.01558e+06
1.0156e+06
1.0156e+06
1.01561e+06
1.01565e+06
1.01566e+06
1.01572e+06
1.01577e+06
1.0158e+06
1.01581e+06
1.01581e+06
1.01584e+06
1.01584e+06
1.01584e+06
1.01585e+06
1.01586e+06
1.01589e+06
1.01589e+06
1.0159e+06
1.01592e+06
1.01596e+06
1.02068e+06
1.02069e+06
1.02077e+06
1.02088e+06
1.02092e+06
1.02093e+06
1.02103e+06
1.02106e+06
1.02106e+06
1.0211e+06
1.02117e+06
1.0212e+06
1.02121e+06
1.02121e+06
1.02121e+06
1.02125e+06
1.02125e+06
1.02125e+06
1.02126e+06
1.02126e+06
1.02127e+06
1.0213e+06
1.02131e+06
1.02133e+06
1.02135e+06
1.02136e+06
1.02139e+06
1.02144e+06
1.02144e+06
1.02147e+06
1.02147e+06
1.02147e+06
1.0215e+06
1.02151e+06
1.02152e+06
1.02161e+06
1.02168e+06
1.02168e+06
1.02169e+06
1.02171e+06
1.02171e+06
1.02171e+06
1.02172e+06
1.02174e+06
1.02176e+06
1.02176e+06
1.02177e+06
1.02178e+06
1.02647e+06
1.02647e+06
1.0265e+06
1.02652e+06
1.02655e+06
1.0266e+06
1.02671e+06
1.02683e+06
1.02689e+06
1.02689e+06
1.02692e+06
1.02692e+06
1.02693e+06
1.02697e+06
1.02697e+06
1.02702e+06
1.02702e+06
1.02706e+06
1.02707e+06
1.02707e+06
1.02715e+06
1.02721e+06
1.02723e+06
1.02725e+06
1.02728e+06
1.02732e+06
1.02734e+06
1.02736e+06
1.02737e+06
1.02738e+06
1.02741e+06
1.02742e+06
1.03193e+06
1.03205e+06
1.03227e+06
1.0323e+06
1.03232e+06
1.03232e+06
1.03236e+06
1.03239e+06
1.0324e+06
1.03241e+06
1.03241e+06
1.03241e+06
1.03245e+06
1.03248e+06
1.03249e+06
1.03252e+06
1.03252e+06
1.03257e+06
1.03259e+06
1.03261e+06
1.03269e+06
1.03272e+06
1.03275e+06
1.03705e+06
1.03716e+06
1.0372e+06
1.03721e+06
1.03724e+06
1.03724e+06
1.03724e+06
1.03725e+06
1.03744e+06
1.03744e+06
1.03747e+06
1.03748e+06
1.03752e+06
1.03755e+06
1.03766e+06
1.03767e+06
1.03767e+06
1.04193e+06
1.04209e+06
1.04212e+06
1.04226e+06
1.0424e+06
1.04241e+06
1.04243e+06
1.04243e+06
1.04245e+06
1.04659e+06
1.04669e+06
1.05085e+06
1.05088e+06
