179435
190268
190273
190355
201269
201344
212530
212615
212617
224014
224178
224265
224352
235600
235670
235911
235912
235913
235917
235996
236085
236185
247812
247900
247902
247903
247983
247989
247991
247996
248073
248075
248078
248165
248166
248258
248264
248266
248267
259655
259827
259830
260092
260093
260094
260176
260179
260180
260181
260268
260270
260271
260272
260273
260274
260354
260356
260358
260363
260444
260445
260448
260451
260542
260544
260548
260549
260550
260554
261045
272005
272007
272098
272107
272201
272283
272287
272456
272545
272546
272549
272554
272630
272638
272641
272645
272719
272724
272725
272728
272732
272812
272813
272816
272827
272831
272905
272912
272913
272915
272916
272920
272923
273019
273021
273024
273025
273123
273143
284487
284492
284583
284668
284674
284679
284936
285015
285017
285018
285020
285024
285107
285108
285112
285114
285191
285200
285201
285206
285207
285290
285295
285296
285298
285299
285300
285308
285387
285390
285391
285410
285490
285491
285492
285494
285501
285592
285598
285599
285600
285605
285606
285692
285699
296997
297179
297180
297190
297272
297449
297451
297530
297531
297536
297542
297543
297627
297631
297632
297645
297724
297725
297726
297727
297728
297735
297819
297820
297822
297823
297914
297915
297917
297918
297920
298009
298011
298013
298032
298107
298109
298203
298210
298217
298309
298312
298313
298314
298316
298317
298320
298341
298419
309614
309696
309771
309778
309855
309865
309868
309949
309953
309954
310034
310049
310050
310134
310158
310323
310326
310331
310334
310336
310345
310426
310427
310429
310431
310433
310435
310518
310524
310525
310526
310528
310610
310616
310617
310637
310716
310819
310820
310821
310822
310825
310827
310829
310842
310922
310923
310928
310930
311025
311028
311030
311033
311034
311129
311130
322499
322603
322613
322691
322704
322787
322788
322790
322877
322879
322880
322881
322882
322884
322970
322971
322977
322978
322980
323065
323072
323170
323175
323274
323275
323277
323278
323374
323375
323376
323467
323471
323473
323474
323480
323483
323567
323569
323570
323572
323573
323575
323579
323670
323672
323673
323674
323675
323680
323681
323783
323784
323884
335195
335197
335288
335289
335301
335302
335377
335490
335579
335583
335675
335678
335679
335692
335774
335776
335777
335778
335875
335876
335877
336078
336169
336178
336194
336269
336270
336365
336366
336367
336368
336460
336461
336463
336464
336467
336475
336478
336559
336561
336562
336563
336565
336567
336570
336661
336664
336665
336666
336667
336668
336670
336763
336764
336765
336865
348122
348203
348204
348224
348301
348302
348303
348304
348305
348388
348393
348395
348396
348400
348402
348490
348493
348496
348583
348586
348592
348597
348599
348692
348694
348695
348696
348704
348783
348791
348792
348794
348882
348893
348983
348986
349084
349085
349086
349093
349097
349185
349195
349284
349285
349289
349380
349381
349386
349474
349478
349479
349486
349488
349572
349574
349575
349576
349578
349582
349675
349676
349677
349678
349682
349685
349708
349772
349773
349774
349776
349782
361394
361395
361396
361397
361410
361485
361488
361489
361490
361491
361503
361504
361505
361580
361582
361587
361588
361589
361590
361596
361601
361677
361678
361679
361680
361683
361684
361685
361687
361688
361689
361776
361783
361784
361791
361874
361880
361971
361972
361979
361980
362071
362078
362172
362174
362182
362273
362372
362373
362464
362465
362468
362469
362470
362563
362565
362566
362567
362569
362659
362662
362663
362664
362666
362668
362669
362670
362757
362759
362760
362761
362763
362764
362861
362863
362864
362865
362866
362867
362964
362967
374686
374687
374688
374689
374691
374697
374699
374773
374774
374775
374776
374777
374778
374786
374787
374789
374791
374867
374869
374872
374873
374874
374875
374879
374880
374968
374969
374970
375060
375067
375068
375166
375167
375168
375169
375170
375172
375173
375260
375265
375266
375267
375268
375359
375361
375362
375363
375364
375366
375458
375459
375460
375554
375555
375556
375557
375651
375653
375654
375743
375744
375745
375835
375837
375839
375844
375845
375924
375926
375930
375931
375932
375935
375937
376025
376028
376029
376035
387713
387793
387797
387799
387806
387814
387877
387892
387978
387979
388160
388163
388164
388165
388166
388182
388255
388257
388258
388262
388351
388352
388353
388354
388445
388446
388447
388544
388545
388558
388637
388638
388644
388729
388735
388740
388829
388830
388912
388914
388916
388917
388919
388920
389006
389007
389008
389009
389010
389108
400644
400646
400751
400837
400838
400839
400840
400847
400929
400930
400947
401015
401016
401017
401019
401097
401103
401104
401105
401188
401189
401279
401280
401281
401369
401370
401457
401458
401550
401824
401901
401903
401904
401905
401906
401985
401986
401987
401991
413714
413809
413815
413817
413898
413899
413901
413906
413907
413912
413987
413988
413989
413997
414073
414075
414076
414086
414091
414159
414164
414244
414333
414606
414778
414861
414864
414865
414871
414945
414947
414948
414952
425827
426207
426764
426849
426850
426941
426945
426946
427027
427034
427662
427839
427845
427931
427932
428022
428023
428028
440027
440115
440121
440216
440750
440751
440841
440842
440934
440940
441024
441025
441030
441123
441124
453917
454009
454021
454104
454105
454109
454200
454201
454202
466664
466940
467130
467136
467137
467227
479022
480101
480198
480201
480296
480396
480397
493376
493378
493379
493380
493476
493478
493479
493574
493575
506549
506641
506645
506736
506741
506749
506750
506836
506838
506936
519508
519775
519965
519969
520066
520067
520163
520166
520167
520269
520486
533301
533302
533399
533400
533501
533607
546765
546767
546860
546861
546961
547353
560339
560732
