33548
39098
44766
50877
50880
50964
56537
57254
57335
57336
57337
57338
57410
57418
57419
63445
63612
63697
64104
64105
64107
64108
64113
64191
69981
70140
70216
70292
70444
70449
71277
71279
71281
71366
71378
71456
71522
77566
77647
77731
77732
77811
77889
77969
78137
78222
78897
78899
78990
78991
79081
79158
85366
85439
85525
85603
85605
85768
85769
85934
86023
86195
86266
86274
86354
86359
86800
86896
86978
86989
93474
93549
93558
93636
93956
94045
94146
94589
95045
95246
102002
102073
102231
102237
102316
102319
102399
102573
102752
102760
102854
103031
103036
103129
103312
103406
103407
103690
103779
103874
103878
110908
111070
111165
111248
111321
111329
111398
111487
111581
111585
111675
111759
111765
111952
112233
112326
112705
112799
119492
119494
119495
120132
120204
120532
120706
120713
120801
120805
120899
120991
121090
121183
121652
121743
121931
122027
122029
122133
128930
128931
129006
129011
129673
129765
130020
130022
130029
130101
130112
130190
130279
130371
130469
130561
131035
131421
131514
131519
131608
131611
131612
138616
138695
138785
139371
139653
139746
139834
140008
140095
140099
140194
140281
140284
140287
140485
140573
140671
140860
141151
141153
141343
148186
148340
148506
148507
148508
148518
148586
148665
148667
148681
149461
149462
149740
149744
149831
149918
149921
149928
150007
150009
150099
150103
150580
150676
150966
150977
151062
151065
151163
151164
151261
151358
158551
158562
158632
158711
158712
158790
158792
160050
160052
160143
160144
160146
160233
160329
160424
160694
160791
160888
160986
161085
161087
161088
161190
161281
161282
161283
168857
168942
168943
169109
169190
169271
170166
170342
170428
170430
170522
170608
170609
170697
170699
170701
170797
170807
170891
170902
171167
171169
171270
171374
171377
171496
171583
171688
179466
179544
179545
179635
179636
179637
179724
179725
179726
179731
179815
181076
181080
181167
181168
181175
181258
181264
181265
181362
181363
181366
181457
181463
181732
182047
182256
182262
182365
190381
190473
190474
190556
190560
190565
190649
190650
191948
192040
192138
192329
192330
192334
192424
192437
192515
193060
201364
201448
201539
201994
202766
202854
202954
203045
203135
203237
203244
203245
203334
203335
203434
203435
203443
203532
203539
203742
203744
204071
204178
212720
212808
214027
214104
214323
214325
214326
214335
214418
214421
214423
214426
214517
214520
214609
214610
214611
214707
214709
214711
214719
214813
214814
214815
214818
214923
214924
214926
215025
215139
215250
224121
224220
224390
224397
224482
224483
225783
225993
226085
226186
226189
226292
226399
226401
226402
226507
226509
226616
226621
235931
236028
236213
236226
237745
237746
237752
237754
237855
237952
237954
237955
238052
238053
238056
238058
238157
238159
238160
238264
238270
248101
248197
248293
249614
249714
249834
249836
249940
249946
250044
250254
250570
260482
260484
260580
260582
260584
260686
262007
262012
262021
262111
262123
262124
262213
262214
262224
262227
262523
262633
262634
262644
262747
262752
273057
273158
273261
273364
273965
274176
274283
274375
274378
274470
274567
274569
274571
274572
274681
274779
274781
274790
274885
274886
274887
274888
274995
274996
286237
286447
286448
286549
286641
286652
286659
286835
286837
286942
286943
287051
287165
287168
287169
287276
287394
298854
299145
299246
299355
299358
299360
299573
299578
311986
311993
312103
312109
