105079
132601
150041
153416
160267
160273
160448
170371
170471
170645
170735
170736
170832
170924
179935
180019
180091
180274
180276
180372
180463
180657
180745
180839
180928
180929
181020
181203
181298
181394
181395
181400
181490
190688
190689
190778
190784
190792
190949
191031
191032
191125
191128
191130
191224
191503
191600
191603
191606
191698
191703
191788
191790
191888
191889
191976
192072
192179
201480
201855
201857
201950
202037
202115
202118
202302
202396
202688
202786
202787
202886
203166
203274
213025
213033
213036
213037
213119
213480
213577
213667
213762
213763
213857
213957
213963
214052
214258
214260
214357
214643
216747
224604
224611
224702
224709
224716
224800
224801
224811
224898
224997
226024
226121
226224
227806
227908
236445
236548
236646
236647
236749
237886
237888
237990
238087
239698
239798
250181
250183
250196
250395
250496
250626
250824
251034
252899
262566
262567
262568
262569
262793
263233
263447
275581
275592
