461618
473803
473893
486833
486840
486919
487005
487922
499839
500104
513119
513312
513396
513560
513572
514441
526941
527023
527182
539742
540771
554178
554180
554185
567541
567614
567714
568019
580427
581657
581868
594048
594297
594450
594532
594614
594854
607669
607841
607922
607924
607925
608000
608008
608072
608295
608715
621380
621466
621467
621801
635039
635040
635123
635130
635131
635294
635622
635695
648555
648635
648879
662392
675123
675204
675287
675368
675382
675450
675531
675533
675848
675931
688614
688615
688705
688713
688792
688873
688953
688954
688958
689028
689040
689184
689355
689441
689528
702815
702816
702901
702995
703393
716333
716502
716510
716589
716608
729806
729865
730030
730260
742955
743044
743132
743213
743216
743287
743296
743532
756047
756129
756215
756379
756460
756464
756473
768636
768892
768978
768979
769066
769067
769145
769146
769147
769229
769231
781061
781581
781584
781587
781662
781665
781677
781740
781742
781743
781821
793882
793966
793967
793968
793970
794049
794052
794057
794058
794125
794127
829183
