527106
567010
567095
567273
580765
580768
580850
580855
580856
580939
580940
580941
580949
580953
581026
581028
581030
581033
581109
581114
581196
594463
594531
594543
594544
594545
594695
621818
635201
635285
635363
635374
648640
648876
648951
661885
661974
661975
662059
662060
662062
662063
662146
662147
662148
662150
662232
662388
662396
662539
662562
662766
662767
662845
674950
675025
675112
675213
675283
675285
675286
675292
675363
675364
675443
675447
675528
675530
675532
675608
675609
675610
675612
675623
675687
675689
675690
675691
675692
675766
675767
675770
675835
675846
675872
675916
675928
675933
675994
676006
676007
676008
676009
676075
676092
676113
676529
688164
688253
688254
688341
688343
688344
688435
688523
689104
689105
689114
689258
689266
689267
689341
689342
689353
689442
689524
689682
689762
701639
701645
701734
701735
701736
701737
701830
701832
701841
701916
701919
702286
702294
702376
702384
702463
702464
702465
702548
702549
702558
702637
702639
702725
702804
702805
702889
702903
702908
702909
702980
702981
702992
702993
702996
703074
703081
703083
703085
703162
703163
703166
703171
703186
703316
703317
703322
703383
703402
715145
715146
715152
715232
715233
715234
715236
715240
715330
715338
715339
715610
715888
715989
716161
716165
716235
716244
716246
716321
716334
716335
716408
716417
716420
716422
716426
716490
716504
716505
716528
716577
716822
716829
716894
717087
728352
728446
728447
728456
728535
728536
728539
728540
728626
729270
729449
729451
729458
729623
729625
729699
729700
729701
729704
729711
729712
729782
729795
729864
729877
729878
729880
729966
730323
741605
741609
741694
741695
741696
741779
741877
742419
742512
742605
742609
742691
742782
742867
742868
742954
742956
742965
743049
743141
743148
743212
743591
743814
743882
743884
743948
744013
754533
754542
754627
754628
754719
754811
754906
754907
755436
755702
755791
755793
755876
755877
755882
755964
756044
756131
756212
756536
756694
767297
767396
767488
767489
767573
767754
767850
768201
768284
768369
768373
768561
768633
768719
768722
768723
768804
768805
769065
769144
769321
769391
769488
769559
779925
779926
779927
780019
780023
780030
780108
780110
780196
780281
780557
780647
780735
780898
780900
780977
781059
781140
781228
781229
781325
781334
781402
781404
781405
781491
781494
781495
781670
781889
782142
792131
792216
792217
792311
792313
792314
792411
792413
792422
792603
792778
792865
792954
793121
793124
793125
793361
793362
793441
793442
793529
793535
793619
793620
793704
793791
793879
793880
793883
794126
794355
794366
804510
804511
804524
804610
804612
804613
804712
804715
804808
804809
804900
804999
805075
805241
805245
805325
805336
805502
805660
805745
805829
805919
805996
806008
806080
806082
806402
816401
816402
816501
816503
816601
816605
816698
816702
817130
817308
817640
817641
817876
817879
818348
828052
828151
828247
828249
828251
828342
828437
828593
828607
828767
828854
829188
829189
829254
829257
829258
829259
829346
829496
829653
829729
829734
829735
829797
829873
829874
839403
839494
839496
839590
839591
839772
839849
839924
840491
840492
840726
840799
840880
840881
840953
840954
841026
850424
850528
850609
850679
850777
850866
851042
851429
851724
851728
851729
851805
852000
861235
861250
861251
861319
861320
861337
861338
861348
861411
861427
862068
862133
862147
862148
862217
863362
871627
871694
871710
871712
871798
871800
871801
871867
871880
872033
872125
872306
872444
872446
872517
881859
881860
881946
882030
882183
882203
882438
882513
882587
882660
882731
883428
891934
892025
892177
892379
892380
892456
892469
892470
892523
901140
901216
901456
901520
901526
901582
901717
910166
910250
910327
910399
910752
910766
910821
910844
927618
928091
936594
