221406
233325
234039
245188
245251
245252
245256
257217
257324
257387
257389
258230
258482
269635
269636
269688
269743
269744
269745
269801
269806
270357
270508
270585
270586
270668
282101
282104
282105
282161
282163
282164
282165
282222
282223
282224
282225
282228
282288
282290
282363
282833
282834
282914
282916
282922
282994
282995
283075
283077
283153
283154
283155
283236
294546
294547
294605
294606
294611
294667
294668
294669
294670
294671
294731
294732
294733
294735
294736
294737
294797
294798
294799
294801
294802
294803
294865
294866
294867
294869
294874
294875
294876
294941
294942
294943
294944
294946
294947
295019
295277
295283
295346
295357
295359
295426
295427
295430
295433
295434
295441
295588
295593
295667
295668
295670
295671
295674
295675
295680
295756
306407
307044
307142
307145
307202
307203
307204
307205
307221
307266
307267
307268
307269
307270
307328
307329
307330
307331
307332
307333
307336
307393
307394
307395
307396
307397
307398
307399
307401
307405
307467
307468
307469
307470
307471
307472
307473
307474
307478
307535
307536
307537
307539
307540
307545
307610
307612
307678
307962
308041
308121
308124
308210
308211
308212
308213
308214
308294
308382
308554
319381
319935
319936
319994
319995
319996
320056
320057
320058
320116
320117
320118
320119
320121
320183
320186
320188
320190
320191
320197
320255
320256
320258
320259
320260
320261
320262
320263
320325
320328
320329
320338
320394
320395
320410
320467
320764
320776
320848
320849
320930
320931
320932
320933
320939
320940
321011
321012
321016
321017
321023
321097
321098
321294
321465
321472
331934
332203
332541
332916
332990
333065
333066
333067
333134
333135
333140
333143
333209
333210
333222
333224
333286
333287
333292
333367
333377
333608
333689
333690
333691
333767
333768
333771
333775
333779
333856
333859
333943
334032
334035
334048
334127
334129
334217
334218
334219
334221
334227
334308
334311
334312
334313
334314
334415
344845
345408
345470
345536
345537
345599
345601
345668
345674
345726
345802
345943
346020
346021
346092
346093
346095
346169
346170
346172
346177
346252
346253
346254
346259
346263
346334
346342
346413
346579
346589
346591
346665
346747
346748
346755
346836
346837
347027
347109
347112
347114
347201
347214
347289
347296
358207
358616
358618
358682
358754
358824
358883
359031
359108
359109
359186
359262
359263
359271
359346
359347
359424
359426
359513
359584
359678
359756
359769
359854
359937
360113
360120
360121
360122
371088
371146
371382
371685
371745
371746
371815
371885
371950
371951
372020
372023
372229
372232
372309
372310
372323
372392
372393
372395
372475
372479
372558
372560
372561
372569
372639
372648
372722
372800
372802
384415
384826
385166
385293
385295
385302
385364
385365
385366
385383
385440
385441
385442
385522
385526
385604
385769
385932
385949
386012
386089
386446
398028
398167
398243
398310
398317
398380
398387
398452
398456
398525
398601
398694
398764
398929
410904
411047
411122
411210
411275
411278
411344
411346
411352
411353
411418
411493
411572
411650
411824
424045
424048
424125
424197
424273
424274
424355
424359
424361
424422
424425
424574
424576
424650
424658
424659
437136
437207
437437
437512
437586
437587
437605
437656
437657
437668
437735
437739
437742
437743
437744
437745
437746
437748
437814
437817
437819
437822
437896
437898
437899
437904
449991
450700
450846
450913
450919
450922
450986
450988
450993
450994
450995
451064
451065
451066
451230
463716
464042
464094
464095
464163
464245
475935
476834
477585
489580
503074
503211
515788
529705
