227738
240613
252512
264599
264600
264701
264811
264921
265018
266066
276972
277081
277082
277083
277183
277184
277284
277285
277286
277379
277380
277381
278053
278157
278236
289548
289650
289740
289741
289837
289839
289840
289948
289952
302997
315660
326873
327221
327332
327338
327548
327653
327654
327655
327752
327762
327847
327950
339775
340321
340327
340433
340542
340638
340642
340651
340750
353201
353311
353415
353516
353521
353525
353625
353626
353627
353636
366227
366334
366547
366549
379671
379673
390921
392570
405471
405477
416494
417596
418200
418422
431504
431506
432906
443927
444018
444022
444197
444401
444689
456993
457168
457170
457174
457244
457924
458030
470347
470354
470471
471134
496367
497375
497566
497567
509290
509617
509993
510702
524025
524026
