10487
13357
20374
29342
34370
34515
34519
34522
34523
39872
39873
40318
40382
40553
40555
45206
45271
45345
45419
45722
45872
46342
46345
46461
46857
51546
51549
51619
51935
52008
52076
52081
52087
52151
52225
52232
52373
52385
52440
52441
52513
52518
52569
52571
52572
52573
52574
52631
52633
52642
52694
52754
52813
53059
53218
58014
58246
58477
58478
58556
58632
58635
58636
58779
58933
58938
58995
59002
59057
59060
59061
59062
59123
59126
59127
59128
59137
59189
59190
59251
59380
59451
59639
59942
64654
64657
64885
64959
65204
65302
65361
65363
65366
65369
65444
65445
65447
65458
65521
65526
65599
65607
65673
65675
65677
65743
65745
65747
65748
65760
65813
65816
65818
65824
65875
65877
65880
65884
65885
65945
65948
65949
65950
65951
65952
65953
66015
66018
66019
66023
66024
66031
66083
66085
66086
66089
66150
66155
66215
66219
66220
66224
66370
66495
66683
66754
66820
66824
66888
66946
71702
71841
71848
72162
72334
72571
72579
72648
72650
72726
72727
72728
72740
72742
72807
72812
72816
72823
72884
72886
72894
72895
72953
72955
72957
72959
72968
73025
73028
73088
73089
73094
73095
73097
73099
73161
73162
73164
73167
73168
73170
73174
73181
73231
73234
73236
73238
73241
73244
73307
73309
73312
73377
73378
73381
73453
73454
73519
73523
73664
73734
73738
73874
73875
73945
73947
74017
74021
74152
79405
79410
79481
79576
79816
80076
80151
80153
80164
80230
80232
80305
80310
80312
80315
80318
80319
80320
80387
80389
80390
80393
80396
80483
80540
80541
80543
80545
80547
80554
80605
80611
80612
80626
80675
80680
80681
80682
80685
80749
80750
80751
80752
80829
80830
80833
80836
80896
80897
80898
80901
80903
80965
80971
80973
80977
80979
81046
81124
81198
81200
81203
81271
81276
81341
81408
81416
81489
81562
81633
81707
81778
82009
87324
87402
87403
87404
87498
87664
87666
87749
87751
87754
87936
87940
88116
88176
88182
88185
88253
88256
88257
88260
88261
88265
88266
88268
88336
88340
88350
88357
88422
88433
88437
88442
88443
88504
88506
88507
88515
88516
88578
88579
88580
88581
88648
88649
88650
88651
88653
88663
88723
88724
88727
88728
88742
88802
88806
88809
88813
88814
88889
88890
88966
88969
89042
89043
89118
89119
89199
89200
89268
89273
89412
89486
95405
95655
96007
96009
96012
96013
96020
96104
96111
96123
96199
96284
96361
96365
96370
96371
96372
96384
96444
96450
96451
96465
96472
96537
96541
96544
96550
96553
96636
96642
96646
96725
96726
96728
96729
96734
96807
96808
96809
96810
96813
96817
96818
96827
96886
96890
96891
96892
96897
96901
96911
96958
96960
96966
96977
97038
97039
97041
97044
97049
97135
97137
97139
97212
97214
97218
97302
97383
97530
97535
97608
97611
97681
97756
97910
97911
97992
98366
104150
104314
104478
104494
104577
104578
104584
104585
104673
104676
104681
104682
104769
104771
104790
104861
104873
104874
104882
104951
104958
104968
104971
105038
105043
105045
105046
105048
105120
105130
105131
105136
105137
105138
105139
105140
105221
105222
105225
105231
105232
105310
105314
105318
105320
105322
105323
105324
105338
105406
105409
105410
105411
105417
105419
105501
105502
105503
105504
105505
105507
105510
105574
105580
105583
105585
105589
105590
105592
105652
105655
105743
105751
105764
105846
105853
105916
105925
105928
105929
105934
106017
106085
106098
106099
106248
106249
106256
106401
106721
106723
106725
106926
106984
110739
113081
113455
113537
113539
113542
113547
113639
113643
113647
113736
113743
113745
113753
113836
113841
113909
113910
113913
113914
113916
113926
114000
114003
114010
114012
114015
114021
114091
114094
114095
114096
114097
114102
114104
114105
114106
114112
114187
114189
114192
114194
114196
114197
114209
114278
114281
114284
114286
114288
114289
114290
114292
114303
114377
114378
114380
114384
114387
114405
114466
114468
114471
114475
114484
114485
114542
114553
114556
114566
114629
114630
114632
114636
114642
114644
114645
114719
114720
114723
114724
114726
114730
114731
114743
114804
114813
114815
114824
114827
114828
114829
114913
115004
115321
115392
115397
115479
115645
115717
115720
115721
118035
119355
119955
119957
119958
122398
122399
122497
122675
122679
122875
122877
122885
122979
123056
123057
123058
123059
123075
123139
123142
123144
123232
123235
123239
123240
123241
123252
123314
123323
123326
123327
123329
123412
123418
123419
123420
123422
123424
123431
123432
123503
123504
123505
123507
123508
123509
123510
123513
123514
123515
123516
123520
123595
123597
123599
123600
123603
123604
123606
123607
123608
123609
123617
123686
123690
123693
123694
123701
123765
123766
123767
123769
123770
123775
123785
123786
123854
123856
123857
123862
123865
123869
123871
123947
123959
123963
123966
124056
124057
124058
124060
124145
124317
124547
124880
128625
128627
128698
128772
129495
129506
131889
131996
132277
132285
132378
132380
132388
132395
132397
132466
132477
132481
132482
132558
132561
132567
132569
132580
132581
132638
132652
132666
132732
132734
132738
132741
132746
132748
132749
132750
132834
132839
132845
132848
132851
132936
132937
132939
132941
132942
132943
132945
132948
132949
132953
133033
133034
133036
133037
133040
133042
133043
133129
133131
133133
133135
133138
133145
133221
133224
133226
133229
133233
133238
133300
133302
133304
133307
133308
133319
133320
133383
133384
133394
133397
133404
133405
133483
133486
133487
133583
133584
133594
133595
133679
133765
133925
134005
134338
138307
138386
139297
141926
141944
142030
142034
142124
142126
142132
142217
142227
142231
142234
142235
142309
142320
142323
142324
142325
142327
142328
142395
142410
142413
142414
142418
142419
142487
142488
142498
142500
142501
142503
142507
142508
142510
142594
142596
142605
142606
142607
142608
142609
142697
142698
142699
142704
142705
142707
142797
142804
142805
142807
142811
142896
142897
142900
142901
142904
142905
142906
142907
142982
142983
142996
142997
143065
143071
143073
143083
143165
143348
143349
143443
143942
143945
144039
148119
148123
148276
148354
148443
149181
151536
151549
151742
151761
151857
151947
151948
151951
151956
151960
152050
152053
152055
152059
152149
152154
152158
152162
152170
152240
152243
152249
152250
152253
152254
152264
152326
152327
152333
152339
152343
152345
152415
152419
152429
152434
152435
152438
152440
152531
152532
152534
152539
152542
152543
152550
152638
152644
152647
152649
152651
152660
152741
152742
152743
152744
152745
152746
152747
152748
152749
152750
152752
152759
152837
152842
152843
152844
152920
152937
153008
153025
153100
153193
153194
153295
153296
153391
153478
153730
153909
154084
158330
158637
158642
158882
159412
159415
161669
161873
161953
161957
161973
162075
162077
162164
162167
162169
162171
162269
162270
162273
162281
162284
162287
162288
162359
162364
162368
162449
162453
162457
162460
162461
162467
162468
162469
162561
162563
162568
162572
162662
162663
162673
162675
162683
162771
162772
162773
162774
162775
162778
162789
162867
162872
162875
162876
162877
162878
162880
162884
162963
162965
163047
163057
163137
163139
163141
163158
163166
163330
163424
163428
163521
163524
163526
163620
163625
163715
166411
167194
167539
168549
168550
168696
169122
169801
169809
171973
172054
172247
172254
172257
172346
172349
172359
172360
172452
172455
172460
172461
172478
172562
172563
172564
172565
172571
172655
172659
172661
172663
172666
172671
172673
172749
172756
172761
172768
172769
172842
172852
172853
172854
172855
172864
172867
172873
172958
172961
172962
172963
172965
172968
173046
173056
173059
173063
173065
173067
173077
173157
173164
173166
173167
173168
173171
173172
173182
173264
173269
173352
173357
173436
173441
173442
173447
173527
173533
173539
173733
173738
173739
173833
174029
174031
174122
174222
174298
174302
174313
174402
174581
177065
177479
177542
177841
179128
179129
179130
179292
179546
179649
179734
180627
182922
182936
183050
183133
183143
183144
183146
183153
183160
183241
183245
183247
183248
183254
183273
183336
183341
183352
183355
183357
183358
183359
183360
183434
183440
183446
183447
183448
183452
183453
183457
183539
183548
183554
183557
183558
183560
183644
183653
183654
183657
183659
183660
183661
183664
183667
183740
183752
183757
183758
183760
183761
183762
183763
183764
183849
183850
183852
183856
183860
183945
183956
184028
184029
184121
184129
184337
184429
184433
184533
184629
184634
184727
184731
185020
188066
188113
188117
188171
188469
189967
190039
190040
190042
190043
190046
190048
190117
190126
190203
190387
190478
190480
190481
191469
193564
193762
193855
193956
193966
194054
194055
194058
194061
194072
194073
194159
194165
194168
194183
194272
194277
194280
194281
194282
194283
194376
194377
194381
194391
194483
194488
194584
194586
194587
194588
194589
194590
194591
194679
194680
194681
194682
194683
194684
194689
194776
194779
194780
194877
194885
194962
194963
194965
194974
195057
195072
195073
195171
195263
195264
195265
195269
195365
195367
195474
195778
196056
196147
199149
201099
201105
201108
201199
201291
201636
204606
204707
204884
205009
205105
205192
205193
205200
205201
205203
205212
205304
205309
205310
205313
205320
205328
205401
205414
205417
205421
205425
205426
205427
205432
205516
205521
205526
205527
205529
205530
205531
205534
205627
205634
205635
205636
205649
205733
205739
205741
205742
205746
205755
205834
205838
205839
205842
205849
205936
205937
205954
206035
206038
206047
206126
206220
206222
206530
206541
206641
206941
207044
207229
210450
212056
212383
212385
212462
212551
212810
212903
213000
213185
213445
213832
213833
213908
214011
215254
215364
215792
215870
215892
215968
215981
215995
215998
216068
216073
216086
216183
216274
216287
216295
216390
216397
216478
216486
216498
216510
216579
216584
216585
216590
216592
216593
216595
216700
216711
216713
216794
216811
216814
216816
216817
216836
216917
216919
216924
216928
217023
217025
217027
217028
217030
217031
217044
217129
217131
217132
217143
217230
217232
217233
217326
217327
217333
217428
217521
217523
217637
217732
217743
217949
218156
218462
222350
223874
223882
224305
224765
225368
225657
226299
226408
226953
227053
227154
227253
227255
227259
227359
227362
227364
227466
227468
227469
227541
227543
227567
227568
227570
227577
227641
227647
227658
227665
227667
227669
227670
227672
227769
227772
227870
227879
227880
227969
227991
228071
228082
228091
228096
228178
228187
228188
228192
228202
228206
228303
228306
228312
228314
228316
228317
228426
228430
228514
228531
228533
228536
228537
228540
228637
228640
228642
228644
228647
228651
228744
228749
228750
228754
228847
228848
228851
228866
228944
228945
228947
229056
229154
229378
229464
229466
229469
229577
229779
229783
234579
234652
235617
235696
235762
236024
237332
237646
237756
237859
237949
237959
238055
238163
238386
238485
238601
238711
238807
238813
238904
238910
239012
239016
239116
239117
239226
239229
239332
239333
239335
239433
239440
239441
239444
239550
239551
239552
239554
239627
239650
239658
239659
239660
239661
239735
239736
239751
239761
239762
239763
239765
239766
239859
239860
239863
239872
239876
239968
239972
239974
239975
239981
239984
239986
239988
239990
240079
240082
240084
240093
240096
240103
240198
240205
240214
240296
240313
240317
240320
240323
240324
240425
240427
240428
240431
240432
240437
240447
240535
240536
240539
240540
240541
240658
240745
240750
240754
240759
240839
240954
241479
241480
241781
245660
245730
246457
246624
246694
247748
247752
247915
248006
248199
248906
249010
249105
249111
249414
249497
249506
249511
249512
249514
249517
249519
249522
249526
249600
249625
249732
249827
249847
249945
250253
250366
250703
250792
250895
250995
251001
251104
251106
251218
251220
251222
251329
251332
251333
251413
251434
251435
251438
251445
251547
251549
251552
251553
251635
251657
251659
251660
251662
251663
251739
251740
251761
251764
251767
251769
251771
251772
251774
251852
251859
251869
251876
251878
251879
251881
251883
251887
251976
251984
251988
251989
251990
251991
251992
252073
252083
252087
252088
252094
252095
252096
252100
252102
252104
252200
252201
252209
252210
252211
252212
252301
252316
252318
252320
252323
252324
252325
252326
252414
252430
252432
252433
252436
252437
252439
252440
252541
252547
252549
252550
252551
252655
252659
252660
252763
252765
252766
252768
252769
252866
252963
253068
253190
253194
253299
253302
253407
253410
253610
253711
258331
258873
258960
258970
259046
259942
259946
260017
260025
260030
260036
260106
260125
260203
260300
260387
260793
260990
261198
261594
261595
261598
261603
261700
261702
261705
261791
261817
261917
261923
262428
262432
262645
262871
262875
262977
263080
263081
263082
263189
263190
263194
263297
263299
263301
263303
263410
263412
263517
263631
263743
263749
263854
263855
263856
263935
263957
263958
263960
263961
264060
264062
264065
264066
264069
264073
264169
264170
264172
264175
264176
264178
264283
264286
264287
264289
264290
264291
264293
264294
264295
264296
264297
264392
264396
264398
264399
264401
264402
264403
264405
264406
264407
264409
264414
264416
264513
264515
264518
264519
264520
264521
264524
264530
264609
264627
264628
264629
264634
264636
264637
264639
264643
264741
264744
264745
264746
264749
264753
264849
264850
264855
264861
264949
264950
264952
265049
265158
265159
265268
265280
265386
265605
265705
265810
265911
271169
271322
271758
272213
272301
272302
272303
272304
272307
272308
272312
272314
272397
272402
272487
272668
272740
272757
272938
272940
272961
273061
273160
273263
273267
273366
273474
273670
273750
273773
273875
273878
273971
273973
273979
274074
274078
274079
274180
274189
274275
274284
274388
274391
274486
274583
274685
274897
274900
275005
275009
275113
275119
275217
275222
275327
275328
275437
275440
275544
275545
275546
275653
275766
275768
275770
275878
275879
275968
275991
275994
276106
276107
276198
276216
276217
276220
276331
276420
276439
276445
276557
276561
276665
276666
276669
276670
276671
276675
276676
276677
276762
276791
276794
276900
276902
276905
276906
276911
277012
277013
277015
277016
277017
277018
277020
277096
277118
277119
277124
277126
277127
277214
277215
277216
277217
277218
277220
277225
277226
277314
277315
277321
277413
277422
277523
277527
277529
277533
277640
277641
277865
277973
278175
278180
282436
282569
282710
283099
283667
283748
284694
284695
284696
284697
284698
284702
284708
284778
284787
284789
284790
284792
284872
284957
285044
285049
285055
285124
285145
285241
285337
285432
285508
285615
285724
285815
286146
286148
286149
286229
286249
286254
286353
286355
286436
286454
286559
286656
286658
286750
286752
286847
286958
287065
287177
287402
287501
287608
287612
287717
287718
287719
287724
287829
287933
287934
287939
288044
288051
288153
288263
288490
288701
288717
288806
288823
288913
288914
288935
289044
289045
289153
289155
289247
289258
289261
289480
289484
289581
289582
289583
289660
289661
289676
289681
289683
289684
289685
289750
289774
289782
289857
289878
289882
289883
289886
289993
289994
289995
290101
290102
290215
290218
290324
295026
295105
295301
295436
296198
296371
296372
296939
297123
297126
297208
297209
297223
297296
297297
297298
297299
297383
297386
297476
297571
297866
297929
297954
297959
298229
298230
298252
298437
298574
298657
298658
298666
298760
298762
298837
298838
298840
298861
298862
298959
299055
299056
299062
299156
299159
299261
299586
299694
299813
299912
299913
300023
300026
300027
300030
300031
300138
300140
300141
300142
300249
300250
300350
300354
300575
300578
300688
300792
300893
300900
300997
301109
301129
301243
301351
301570
301794
302232
302326
302327
302328
302332
302412
302430
302431
302432
302433
302534
302535
302536
302635
302638
302639
302736
302738
302838
307491
307623
307629
307987
308848
308853
308939
309030
309276
309278
309280
309290
309371
309376
309377
309380
309540
309631
309718
309721
309803
309805
309812
309813
309900
309992
310081
310082
310175
310180
310275
310278
310373
310633
310636
310641
310663
310737
310863
310951
310968
310970
311070
311175
311176
311253
311285
311368
311371
311458
311566
311660
311666
312219
312224
312329
312335
312336
312338
312442
312443
312445
312446
312448
312449
312555
312556
312557
312559
312560
312561
312669
312671
312672
312779
312893
312894
312999
313002
313107
313108
313216
313324
313326
313433
313535
313642
313643
313731
313752
313860
313970
314194
314305
314420
315062
315174
315371
315374
315379
320347
320412
320423
320710
320874
321574
321662
321664
321665
321756
321845
321933
321935
322005
322095
322104
322107
322187
322190
322268
322452
322537
322551
322633
322634
322729
322823
322921
322922
323019
323119
323295
323303
323320
323384
323385
323386
323387
323389
323410
323488
323494
323509
323608
323611
323616
323697
323717
323808
323821
324009
324022
324023
324123
324229
324313
324338
324438
324549
324658
324763
324765
324767
324768
324769
324872
324874
324876
324877
324879
324880
324881
324885
324986
324991
324992
324993
324999
325102
325104
325105
325107
325216
325327
325329
325331
325445
325446
325555
325556
325663
325665
325666
325776
325777
325882
325988
326088
326090
326599
326810
326812
327985
328104
333087
333171
333229
333480
333627
333712
333799
334599
334600
334601
334602
334612
334613
334698
334700
334701
334791
334860
334867
334868
334940
334945
334946
334951
334952
335042
335059
335133
335134
335138
335139
335143
335144
335151
335226
335227
335228
335234
335235
335327
335421
335518
335519
335617
335619
335716
335717
335815
335819
335916
335920
336020
336188
336190
336191
336214
336217
336405
336407
336600
336697
336702
336705
336706
336707
336795
336797
336802
336804
336906
336916
337009
337101
337114
337115
337118
337121
337220
337221
337223
337226
337227
337325
337327
337328
337332
337434
337436
337438
337439
337537
337538
337539
337540
337541
337543
337544
337545
337643
337644
337646
337647
337648
337650
337652
337653
337755
337757
337758
337759
337865
337974
337976
338078
338087
338189
338191
338194
338301
338412
338414
338521
338528
338634
338635
339809
339811
339927
341109
344967
345824
345886
346030
346118
346367
346448
346451
347420
347747
347748
347751
347775
347841
347842
347845
347847
347855
347871
347935
347936
347944
347946
347950
347952
347962
348039
348041
348042
348044
348052
348135
348142
348143
348146
348232
348233
348236
348244
348246
348247
348250
348340
348434
348532
348632
348731
348732
349010
349014
349032
349038
349113
349116
349118
349119
349120
349134
349137
349208
349216
349217
349232
349234
349311
349326
349328
349422
349423
349514
349610
349612
349613
349615
349617
349710
349711
349715
349719
349814
349815
349817
349818
349922
349923
349925
350025
350026
350032
350130
350132
350135
350232
350234
350236
350237
350240
350339
350340
350341
350344
350348
350442
350443
350446
350447
350448
350449
350450
350454
350563
350564
350666
350679
350773
350776
350782
350883
350886
350890
350995
350997
351008
351101
351102
352295
352402
352703
352705
352706
352920
353017
354101
354106
354219
354328
354912
358164
358972
359047
359053
359208
359287
359296
359613
359692
359785
360835
360836
360926
360929
360936
360945
361026
361032
361042
361045
361122
361128
361129
361130
361134
361138
361140
361222
361223
361224
361226
361227
361229
361239
361245
361322
361324
361328
361336
361338
361425
361426
361449
361537
361733
361824
361898
361921
362000
362095
362097
362099
362101
362102
362120
362197
362198
362199
362200
362204
362220
362221
362295
362306
362307
362319
362396
362402
362411
362492
362497
362501
362508
362600
362602
362605
362692
362696
362697
362698
362699
362700
362799
362800
362801
362802
362803
362806
362903
362904
362906
362907
363005
363006
363007
363008
363009
363011
363109
363110
363112
363113
363114
363115
363214
363215
363219
363314
363315
363317
363321
363322
363425
363529
363629
363630
363634
363724
363739
363741
364049
365850
366052
367248
372253
372607
372670
372671
372678
372754
372834
372921
374024
374045
374118
374119
374121
374134
374217
374218
374219
374231
374233
374234
374236
374243
374315
374316
374317
374318
374323
374324
374325
374326
374332
374333
374415
374416
374417
374418
374420
374421
374422
374426
374433
374518
374519
374522
374523
374526
374528
374530
374533
374619
374620
374621
374622
374625
374629
375085
375109
375186
375188
375190
375193
375283
375288
375289
375290
375293
375383
375385
375387
375388
375390
375391
375393
375408
375480
375481
375482
375484
375485
375486
375489
375490
375588
375593
375676
375678
375682
375684
375773
375779
375865
375866
375868
375870
375873
375965
375966
375967
375968
375970
375972
376067
376068
376069
376073
376075
376168
376173
376174
376278
376285
376372
376375
376381
376477
376478
376679
376774
378441
378849
378954
385311
385387
385642
385796
385802
385803
385883
385889
385957
385971
386042
386622
387060
387128
387135
387225
387318
387319
387324
387328
387333
387334
387336
387416
387417
387418
387420
387421
387422
387424
387425
387426
387427
387429
387432
387433
387435
387447
387513
387516
387517
387519
387520
387521
387522
387523
387524
387525
387526
387527
387532
387534
387535
387616
387619
387621
387622
387627
387634
387638
387645
387710
387711
387716
387717
387718
387815
387821
387825
387901
387904
387918
387922
388012
388013
388083
388113
388184
388281
388282
388370
388376
388377
388378
388468
388470
388471
388475
388476
388477
388478
388479
388494
388563
388566
388569
388570
388573
388575
388577
388578
388586
388659
388660
388665
388666
388668
388669
388670
388672
388748
388749
388750
388753
388757
388760
388761
388762
388849
388850
388852
388853
388860
388942
388943
388944
388945
388946
388950
389043
389047
389051
389143
389148
389149
389150
389245
389247
389250
389253
389255
389346
389355
389634
391666
393904
394205
394297
394490
394499
394676
394847
394929
398401
398467
398623
398701
398706
398709
398712
398791
398795
398796
398798
398799
398870
398872
398877
398878
398880
398959
399039
399044
399166
400182
400268
400269
400363
400368
400458
400462
400464
400465
400466
400467
400468
400469
400470
400471
400472
400474
400479
400480
400558
400559
400564
400565
400570
400572
400573
400574
400575
400577
400578
400654
400657
400658
400660
400661
400662
400664
400674
400676
400686
400750
400754
400757
400759
400771
400772
400849
400854
400855
400943
400960
400970
401032
401049
401050
401120
401143
401204
401206
401213
401232
401296
401300
401302
401319
401386
401387
401392
401406
401407
401479
401482
401483
401484
401485
401486
401496
401497
401499
401571
401576
401577
401578
401580
401589
401593
401594
401662
401663
401665
401666
401670
401674
401675
401681
401683
401758
401759
401760
401762
401763
401770
401771
401839
401841
401843
401844
401845
401852
401924
401925
401930
401934
401939
402025
402103
407538
407546
407626
407627
407629
407702
407856
407859
411511
411673
411682
411683
411755
411757
411758
411760
411764
411833
411844
411851
411912
412507
412522
412608
413257
413350
413355
413535
413536
413540
413541
413542
413543
413544
413545
413546
413547
413551
413554
413633
413636
413637
413639
413642
413643
413644
413645
413646
413647
413653
413654
413739
413742
413748
413819
413820
413821
413831
413834
413841
413913
413914
413916
413918
413932
413934
414000
414012
414024
414027
414087
414089
414093
414097
414107
414109
414110
414175
414179
414180
414194
414195
414197
414199
414260
414265
414266
414280
414287
414347
414348
414352
414367
414368
414369
414370
414371
414373
414436
414440
414441
414457
414458
414526
414527
414529
414533
414535
414536
414552
414616
414620
414622
414623
414624
414626
414641
414701
414703
414704
414705
414710
414712
414714
414721
414724
414791
414792
414795
414800
414801
414803
414810
414819
414886
414891
415435
415739
419323
419520
420199
420293
420479
420538
420539
420782
420872
424381
424439
424597
424753
424822
424823
424828
424838
425143
425482
425490
425491
425853
426216
426229
426500
426503
426506
426588
426592
426593
426595
426598
426599
426600
426602
426604
426611
426681
426684
426685
426688
426693
426694
426695
426697
426702
426769
426772
426775
426776
426787
426860
426864
426868
426881
426882
426883
426953
426954
426956
426972
426973
426974
426975
427041
427064
427065
427068
427133
427157
427216
427223
427230
427232
427310
427326
427329
427400
427403
427405
427421
427422
427424
427487
427495
427496
427497
427520
427582
427585
427589
427673
427678
427687
427698
427764
427765
427772
427774
427776
427786
427860
427872
427873
427957
428679
428878
432084
432197
432305
432417
432514
432622
432726
433116
433219
433300
433303
433476
433480
433484
433636
433639
433736
433737
433897
437676
437842
437906
437908
437998
438064
438066
438318
438419
438498
438501
438503
438587
438863
439703
439779
439789
439791
439797
439798
439980
440040
440057
440063
440223
440303
440304
440307
440308
440311
440312
440396
440411
440412
440420
440483
440485
440486
440497
440520
440578
440579
440581
440583
440599
440671
440672
440673
440677
440696
440762
440764
440766
440767
440770
440771
440862
440868
440947
440954
440958
440959
441053
441460
441465
443785
445559
445653
445771
445960
446064
446261
446456
446532
446622
446627
446633
446708
446709
446713
446980
450638
450939
451092
451247
451672
451775
451858
451866
451867
451953
452033
452123
452665
452944
452949
452956
453046
453115
453125
453126
453127
453129
453205
453222
453376
453401
453461
453465
453480
453562
453573
453654
453744
453745
453746
453752
453837
453846
453934
453937
453944
454028
459208
459295
459398
459698
464197
464886
464899
464978
464979
464983
465169
465891
465980
466137
466142
466152
466232
466338
466402
466489
466498
466505
466518
466576
466577
466580
466583
466598
466670
466673
466768
466861
466958
467558
467559
472585
472589
472683
472693
473130
473146
473216
477078
477708
478079
478593
478594
478595
478686
478858
478930
478955
479047
479137
479299
479314
479375
479384
479387
479406
479474
479496
479561
479590
479925
480421
480514
485314
485814
486252
490762
491809
491886
491888
492303
492312
492482
492483
492484
492648
492649
492653
492654
492658
492740
492744
492831
492918
492920
493008
493099
493100
493593
493688
494004
494215
496213
499089
499164
499357
503095
504480
504745
504917
505004
505241
505249
505322
505570
505663
505674
505842
505855
505937
506285
506287
506372
506463
506467
507152
507156
507256
507257
516557
518562
518564
518642
518984
518989
519078
519161
519243
519352
519686
519898
520180
520281
520387
520475
531257
532072
532083
532092
532093
532154
532244
532423
532505
532506
532511
532512
532521
532953
533046
533314
544834
545560
545640
545658
546068
546070
546071
546161
546244
546506
546510
546520
547072
547545
559213
559222
559285
559544
559722
559723
559806
560354
560545
572679
572751
573109
573180
573189
573354
573711
573717
585539
586109
586120
586443
586449
586546
586634
586716
586815
587063
587171
599442
599696
599785
599786
599951
599965
600225
613278
613797
614382
626591
626595
626599
626684
626766
640247
640407
640412
640414
641744
653901
653985
653997
654066
667447
667591
668204
668285
681131
