10039
19411
28918
33844
33904
38948
38955
39251
39252
44368
44696
44697
44780
44857
45007
45008
50726
50809
50810
50811
50892
51049
51128
57183
57184
57266
57267
57268
63618
63620
63704
63708
63954
63955
64032
64034
64203
70615
70693
70875
70953
71123
71124
71203
71205
71291
71356
71710
78305
78384
78391
78475
78477
78568
78578
78655
78656
78657
78823
79173
79344
86114
86279
86280
86282
86372
86460
86462
86549
86550
86806
86907
87000
87176
87260
94507
94591
94599
94786
94872
94873
95243
95332
95505
103136
103224
103325
103409
103417
103423
103513
103793
103886
103976
103977
104067
104156
111956
112238
112246
112247
112620
112712
112808
112907
112908
113002
113092
121092
121186
121569
121660
121851
122034
122231
122321
130956
130958
131046
131146
131245
131246
131426
131521
131614
131711
131714
140682
140774
140861
140869
140973
141252
141351
141451
150298
150300
150492
150588
150589
150687
150693
150776
150882
151071
151267
151270
160331
160517
160604
160605
160703
160705
160707
160794
160897
160996
161090
161195
161290
162575
170994
171084
171177
171185
171287
171388
171490
171592
171593
171694
181647
181741
181742
181748
181845
181850
182057
182168
182265
192527
192624
192728
192838
192944
