91699
109195
118277
127233
127293
127738
136980
137421
137576
137657
137658
137735
137736
137739
137745
137746
137818
137819
146843
146844
146845
146846
146849
146851
146899
146901
146906
146907
147385
147386
147466
147552
147554
147562
147627
147629
147630
147632
147633
147701
147702
147703
147705
147707
147712
147713
147780
147781
147790
157015
157017
157021
157079
157224
157297
157303
157369
157438
157511
157512
157513
157675
157682
157740
157741
157747
157748
157749
157758
157824
157825
157827
157828
157829
157845
157847
157908
157910
157990
157991
157992
167322
167432
167433
167442
167445
167589
167596
167661
167663
167739
167876
167877
167954
167956
168031
168034
168115
168195
168198
168200
168207
168208
168283
168285
168291
168294
168369
168447
177961
178017
178019
178020
178022
178030
178031
178040
178044
178098
178100
178101
178102
178173
178176
178248
178251
178458
178538
178616
178620
178698
178784
178798
178862
178863
178864
178866
179022
179276
188798
188861
188862
188863
188874
188875
188893
188939
188941
189011
189012
189013
189015
189017
189020
189082
189083
189084
189087
189088
189089
189091
189099
189154
189158
189162
189163
189176
189237
189250
189303
189305
189309
189319
189384
189392
189393
189462
189463
189464
189533
189537
189546
189602
189607
189616
189675
189676
189677
189678
189759
189846
189932
199965
199966
199977
199982
200042
200046
200054
200055
200056
200117
200123
200124
200125
200126
200127
200128
200130
200131
200132
200134
200198
200202
200203
200204
200205
200210
200211
200212
200214
200215
200216
200231
200277
200282
200284
200293
200296
200353
200354
200368
200432
200433
200436
200437
200444
200511
200513
200515
200586
200588
200589
200661
200734
200735
200736
200739
201174
210387
210871
210879
210942
210952
211015
211142
211215
211309
211367
211384
211445
211450
211451
211452
211455
211456
211527
211530
211531
211532
211533
211534
211535
211604
211605
211611
211615
211622
211687
211689
211690
211692
211769
211771
211774
211778
211851
211853
211859
211933
211934
211939
212013
212014
222251
222255
222324
222476
222676
222766
222828
222829
222832
222907
222911
222913
222916
222987
222988
222989
222990
222991
222992
222994
222995
223064
223065
223066
223069
223071
223072
223074
223076
223078
223154
223157
223158
223241
223242
223247
223328
223330
223332
223333
223334
223337
223341
223416
223417
223418
223430
223503
223514
223589
233835
233964
233967
234031
234048
234103
234111
234126
234186
234265
234266
234267
234341
234474
234561
234623
234787
234795
234798
234880
234881
234882
234883
234963
234965
234966
234967
234969
234971
235051
235052
235053
235058
235143
235234
235238
235319
245924
245937
246154
246219
246222
246300
246379
246934
246935
247018
247019
247020
247021
247022
247109
247111
247112
247118
247200
247203
247282
247283
247284
247285
247286
247299
257325
258306
258382
258383
258384
258467
258627
258628
258629
259191
259194
259281
270743
270825
270901
270992
283063
283136
283140
283141
283142
283147
283217
283302
283306
283307
283314
283391
283395
283736
295579
295659
295669
295739
295744
295825
308201
308282
308366
308372
308462
308821
320924
321007
