792400
793289
793787
804117
804896
805157
805233
805321
805406
805742
805990
806076
806242
815284
815390
816193
816395
816591
816606
816703
816795
816874
816959
817039
817040
817119
817122
817208
817223
817555
817873
818036
818117
818199
818210
826943
827253
827360
827461
827560
827568
827852
828329
828425
828514
828594
828677
828759
828763
828847
829245
829324
829733
829795
829877
837908
838317
838414
838426
838516
838521
838534
838617
838618
838628
838713
838716
838717
838731
838807
838913
838914
839013
839301
839393
839487
839497
839582
839584
839597
839673
839674
839760
839846
840021
840090
840096
840169
840175
840337
840486
840630
840714
840797
840879
841015
848737
848840
848844
849252
849340
849343
849344
849350
849440
849535
849536
849542
849543
849637
849639
849640
849735
849744
849840
850039
850136
850137
850319
850320
850323
850324
850411
850506
850596
850597
850598
850697
850767
850769
850770
850855
850858
850859
850949
851037
851202
851361
851363
851364
851417
851426
851492
851801
851802
851808
851872
851874
851933
852002
859408
859507
859518
859718
859722
859820
859823
859824
859921
859922
859924
859925
860023
860026
860028
860029
860030
860123
860126
860128
860220
860221
860223
860224
860227
860318
860321
860323
860324
860513
860603
860701
860715
860794
860797
860884
860970
860971
860972
861057
861069
861148
861149
861150
861248
861325
861326
861417
861430
861502
861592
861594
861686
861761
861774
861842
861849
861851
861853
861926
861933
862140
862149
862358
862431
862436
862503
862508
862565
862568
862664
869656
869742
869745
869849
869933
869936
870024
870025
870120
870121
870123
870124
870216
870219
870220
870223
870225
870316
870318
870319
870322
870323
870415
870417
870421
870423
870433
870512
870514
870515
870516
870606
870608
870609
870715
870808
871087
871091
871098
871103
871180
871189
871266
871268
871270
871354
871441
871445
871530
871531
871532
871613
871615
871616
871700
871789
871790
871875
871886
871953
871956
872041
872129
872131
872212
872216
872285
872291
872292
872296
872363
872431
872658
872723
872798
872800
879880
879963
880056
880149
880152
880154
880246
880247
880250
880251
880440
880443
880454
880538
880541
880542
880648
880924
881308
881409
881588
881592
881593
881678
881679
881761
881763
881847
881933
881934
882018
882019
882105
882106
882187
882188
882191
882265
882346
882348
882353
882426
882427
882428
882501
882646
882930
882931
889144
889342
889440
889631
889720
889732
889916
889923
889998
889999
890001
890094
890095
890373
891122
891215
891217
891495
891581
891582
891583
891671
891678
891753
891836
891922
892007
892084
892085
892095
892161
892162
892163
892229
892230
892233
892242
892295
892297
892298
892364
892366
892375
892382
892437
892504
892575
892647
892793
898436
898538
898632
898634
898637
898726
898729
898826
898827
898831
898842
899025
899026
899120
899313
899314
899395
899396
899492
900775
900951
901037
901285
901364
901436
901437
901518
901568
901569
907203
907390
907487
907664
907665
907753
907852
907853
907944
907948
907950
908047
909550
909647
909658
910516
910517
910665
910754
910870
911462
916127
916142
916143
916250
916411
916412
916438
916498
916499
916517
916700
918829
918915
919013
919154
919468
919531
919538
919657
924563
924666
924748
924959
925125
925137
928271
932942
933022
933120
933204
933205
933230
933296
933298
933506
935243
941201
941272
941356
941521
941522
941523
941604
941673
