314895
314990
314994
315294
315299
315300
315303
315304
327514
327620
327622
327718
327811
327813
327912
328018
328019
328124
328126
328234
328237
340396
340703
340704
340810
340919
341026
341139
341246
353277
353280
353382
353383
353480
353693
353694
353910
354020
354131
354138
354245
354255
354359
366301
366400
366732
366945
366947
367055
367165
367172
367173
367278
367279
379189
379191
379405
380074
380076
380189
380190
380305
380306
380414
380416
380417
380522
380524
380620
380729
380731
393082
393085
393195
393202
393301
393307
393308
393309
393408
393409
393514
393617
393624
393725
405873
405978
406087
406092
406194
406195
406196
406197
406298
406302
406508
418613
418724
418828
418933
419139
445382
445590
