84889
93089
93151
93152
93224
101527
101673
101674
101748
101750
101825
101900
101902
101903
101983
101985
102061
102139
102728
110369
110496
110573
110574
110576
110653
110654
110655
110735
110737
110811
110812
110816
110817
110822
110895
110975
111058
111142
119490
119562
119629
119632
119700
119701
119705
119780
119859
119864
119945
119947
120029
120031
120201
120285
120310
120366
120444
120522
128926
129001
129159
129227
129230
129235
129314
129318
129568
129572
129579
129664
129665
129747
129753
129764
129836
129839
129843
129863
129931
130007
130014
138688
138690
138848
138849
138850
138851
138925
138927
139005
139006
139009
139090
139091
139183
139262
139270
139351
139359
139361
139448
139450
139451
139538
139539
139541
139542
139543
139636
139642
139727
139728
139819
148577
148578
148659
148670
148743
148745
148826
148831
148906
148990
148993
149079
149080
149090
149165
149175
149176
149256
149267
149281
149354
149358
149360
149364
149444
149446
149537
149539
149541
149545
149546
149632
158783
158871
158889
158958
158961
159040
159042
159126
159127
159129
159130
159133
159134
159215
159224
159300
159302
159311
159387
159393
159397
159400
159402
159478
159479
159489
159490
159568
159581
159595
159673
159676
159678
159680
159765
159766
160029
169110
169262
169263
169348
169423
169426
169427
169429
169431
169432
169505
169508
169509
169512
169513
169514
169597
169598
169599
169607
169609
169687
169689
169691
169697
169776
169781
169785
169872
169876
169877
169951
169961
169968
170045
170050
170051
170058
170239
170327
170402
179439
179441
179524
179529
179620
179621
179648
179713
179718
179806
179887
179967
179969
180128
180135
180217
180220
180222
180223
180226
180307
180309
180310
180311
180313
180318
180321
180400
180402
180403
180404
180405
180406
180408
180414
180488
180491
180493
180495
180497
180499
180504
180510
180581
180582
180597
180670
180672
180675
180676
180683
180686
180689
180780
180784
180880
180967
181142
190197
190361
190363
190450
190452
190454
190543
190629
190725
190814
190815
190903
190973
190981
191067
191155
191159
191162
191166
191250
191251
191252
191253
191342
191348
191350
191352
191355
191434
191435
191436
191437
191441
191445
191451
191457
191460
191534
191539
191547
191552
191637
191642
191735
201265
201348
201427
201434
201607
201609
201701
201702
201704
201705
201707
201799
201980
202078
202182
202237
202245
202331
202334
202339
202345
202432
202438
202442
202443
202444
202519
202520
202523
202524
202529
202530
202532
202539
202615
202616
202617
202618
202620
202624
202626
202627
202628
202629
202633
202711
202717
202724
202728
202735
212536
212548
212619
212699
212704
212784
212875
212878
212881
212883
212885
212971
212972
213061
213062
213070
213160
213161
213166
213443
213604
213605
213702
213704
213707
213708
213710
213711
213798
213799
213800
213802
213815
213882
213883
213884
213886
213890
213892
213893
213894
213895
213897
213901
213904
213978
213981
213983
213986
213990
213991
213994
214312
214313
214397
224021
224023
224105
224186
224187
224272
224356
224359
224360
224448
224455
224548
224551
224552
224553
224556
224646
224649
224651
224745
224845
224846
224943
225232
225235
225236
225240
225325
225331
225332
225333
225335
225337
225338
225341
225430
225431
225436
225438
225443
225522
225523
225524
225526
225533
225534
225543
225636
225854
235843
235918
236000
236001
236008
236092
236093
236094
236096
236189
236196
236283
236288
236294
236297
236382
236384
236387
236392
236393
236479
236483
236484
236486
236488
236492
236584
236588
236589
236594
236683
236685
236689
236790
236891
236894
236989
236992
236994
237084
237085
237086
237087
237093
237103
237175
237180
237187
237193
237194
237200
237206
237277
237284
237287
237288
237292
237293
237294
237381
237384
237386
237388
237391
237392
237492
237495
237502
247818
247904
247905
247906
247907
247911
247993
247994
247995
247997
247999
248004
248081
248084
248085
248086
248088
248089
248170
248171
248175
248268
248366
248370
248459
248462
248464
248465
248468
248564
248656
248661
248663
248665
248666
248667
248670
248673
248760
248765
248778
248869
248972
248976
249075
249089
249168
249263
249264
249269
249270
249271
249272
249275
249277
249282
249364
249369
249370
249473
249477
249493
249575
249576
260096
260281
260361
260364
260460
260555
260653
260654
260661
260663
260751
260753
260853
260855
260962
261049
261052
261054
261055
261057
261059
261149
261150
261152
261158
261159
261160
261163
261164
261259
261260
261263
261265
261267
261352
261358
261360
261361
261363
261364
261366
261369
261451
261452
261453
261458
261460
261463
261469
261553
261554
261558
261559
261560
261561
261562
261760
261763
272548
272644
272735
272823
273125
273131
273225
273226
273227
273228
273229
273230
273316
273321
273325
273326
273327
273328
273329
273330
273420
273421
273422
273423
273424
273436
273522
273525
273536
273537
273540
273626
273627
273631
273632
273638
273724
273733
273734
273736
273828
273829
273831
273832
273834
273835
273836
273930
273931
273933
273934
273950
274034
274035
285030
285216
285312
285601
285683
285684
285702
285792
285803
285804
285895
285897
285898
285899
285901
285905
285906
285914
285916
285997
285999
286000
286002
286008
286104
286107
286112
286211
286310
286313
286317
297541
297545
297637
297639
297640
297732
298019
298220
298304
298305
298321
298336
298409
298420
298424
298516
298517
298519
298524
298612
298616
298621
298717
298718
298817
299111
310250
310346
310830
310917
310932
310935
311035
311039
311136
311231
311236
311237
311240
311329
311334
311336
311433
311440
311444
323087
323663
323682
323770
323785
323877
323904
323989
324081
324107
324180
336277
336771
349583
349684
