707922
708327
708406
721517
722386
734485
734840
747295
748013
748338
748515
748700
748806
748884
748904
749078
749363
759918
760123
760191
760394
760849
760855
760936
760945
760946
761035
761036
761121
761122
761123
761293
761385
761462
761478
761480
761572
761577
761579
761664
761668
761671
761747
761748
761755
761756
761759
761847
761848
761849
761943
762031
762032
773431
773509
773591
773592
773594
773596
773674
773679
773771
773772
773853
773864
773948
773960
774031
774112
774118
774119
774120
774121
774201
774207
774208
774219
774298
774299
774302
774307
774390
774391
774394
774489
774568
774571
774572
774573
774658
774661
774662
774669
774747
774752
774753
774756
774848
774851
774852
774949
775036
775045
785931
785998
786001
786095
786177
786178
786180
786184
786185
786265
786267
786272
786279
786359
786360
786365
786371
786378
786436
786445
786449
786451
786459
786532
786533
786535
786616
786619
786633
786695
786697
786701
786769
786772
786786
786855
787050
787142
787146
787149
787221
787223
787225
787226
787240
787241
787245
787247
787324
787329
787331
787332
787333
787334
787339
787422
787423
787426
787427
787428
787429
787435
787526
787628
787637
798272
798273
798275
798357
798358
798359
798363
798364
798368
798369
798372
798442
798445
798449
798450
798452
798453
798455
798540
798541
798543
798544
798549
798629
798630
798631
798634
798636
798644
798715
798717
798718
798720
798721
798722
798792
798793
798794
798799
798800
798801
798867
798872
798874
798884
798943
799099
799185
799186
799277
799292
799374
799385
799392
799483
799485
799487
799576
799580
799581
799583
799876
810243
810319
810326
810402
810406
810407
810419
810420
810492
810493
810494
810499
810500
810573
810574
810576
810581
810654
810655
810656
810665
810728
810732
810734
810735
810736
810805
810815
810874
810883
810948
811029
811033
811297
811318
811406
811407
811493
811497
811590
811683
821594
821917
821919
821926
821992
822000
822090
822164
822167
822169
822170
822240
822242
822243
822245
822317
822321
822390
822393
822394
822474
822587
822733
822823
822911
823007
823009
823106
823201
833065
833322
833467
833468
833541
833542
833618
833620
833626
833696
834053
834139
834225
834234
834237
834327
834334
834505
834682
844227
844307
844388
844390
844467
844468
844474
844531
844532
844536
844546
844598
844749
845144
845243
845244
845416
855190
855191
855260
855332
855341
855697
855798
855874
855875
855876
856121
865715
865804
865805
865873
865874
866161
866225
866228
866229
866442
875361
875984
875993
876055
876130
876198
876199
876201
876272
876274
876275
876278
876289
876498
884932
885889
885950
885951
885952
886026
886102
886175
886255
886338
895299
895300
895301
895372
895374
895375
895449
895531
895611
895613
903898
903961
904029
904195
904200
904201
904272
904273
904339
904411
904414
904420
904491
912691
912739
912800
912857
912858
912860
912924
912998
913072
913146
920926
921014
921140
921225
921227
921266
921268
921308
921316
921355
921357
921404
921406
921467
921590
921654
921730
929631
929744
929841
929848
929891
929948
930072
937830
937908
937993
937995
938043
938045
938192
938200
945549
945550
945587
945762
953124
953165
953173
960430
960519
974699
974782
974855
974867
981864
981870
981898
982391
