221214
221299
221300
232294
232942
257263
257272
269630
269631
269686
282045
282156
282158
294728
294935
307337
318848
320114
331974
332024
332077
332192
332194
332204
332254
332356
332781
333060
344937
345275
345335
357833
357877
358087
358144
358200
358258
358310
358313
358424
358425
358480
359278
359427
371081
371195
371316
371318
371375
371376
371431
371435
371484
371485
371544
372156
384402
384408
384464
384527
384528
384529
384583
384585
384588
384640
384641
384694
384695
384746
384748
384749
384807
384873
384874
385225
385296
397708
397759
397760
397761
397815
397940
410116
410174
410346
410410
410528
410766
410834
423020
423130
423133
423195
423200
423255
423258
423260
423320
423321
423385
423388
423514
423517
423582
423851
423896
423977
424050
436270
436332
436333
436393
436394
436396
436397
436460
436461
436463
436523
436525
436530
436596
436599
436660
436661
436725
436786
436917
436919
436988
437058
437060
437130
437141
437201
437202
437287
437289
449408
449527
449589
449591
449658
449659
449723
449724
449788
449851
449852
449853
449856
449916
449918
449921
449984
450037
450103
450386
450551
462789
462857
462918
462928
462982
462983
462984
462989
463048
463108
463109
463110
463166
463168
463231
463291
463494
475870
475924
475986
475988
476117
476241
476299
476300
476428
476499
489652
490051
503218
516390
516459
516609
529284
529985
530059
556727
556874
557087
570675
583899
