72578
72730
72874
80155
80224
80297
80301
80382
88168
88247
88249
88420
96435
96529
96713
96877
104853
105302
105392
105486
114267
123044
123301
131774
142010
152715
161160
161355
161454
162428
171459
171559
171668
171856
172039
172133
172137
172334
182128
182129
182526
182912
182913
183430
183833
183928
192214
192691
192693
193023
193242
193342
193437
193445
193628
193834
193937
203210
203308
203410
203815
203816
203819
203824
203926
203927
203933
204035
204153
204468
204475
204966
204971
205190
205286
205289
206097
214400
214606
214683
215101
215104
215107
215123
215214
215222
215333
215445
215550
215657
216062
216463
216568
225960
226165
226271
226366
226367
226473
226579
226588
226687
226800
226801
226805
226808
226912
227232
227733
237827
238027
238034
238126
238146
238343
238344
238346
238347
238349
238450
238455
238558
238559
238560
238561
238562
238563
238669
238672
238674
238675
238677
238990
239525
240722
249808
250226
250242
250330
250428
250429
250432
250433
250554
250648
250650
250651
250759
250760
250869
250870
251078
251083
251188
251301
252831
262290
262297
262389
262501
262503
262716
262720
262830
262838
263052
263068
263151
263165
263171
265015
274162
274974
275295
275296
275395
275398
275401
275403
275404
275407
275408
275409
275504
275506
275508
275516
275517
275522
275525
275529
275625
275633
275743
275853
275857
275964
276079
287596
287681
287682
287683
287686
287687
287786
287789
287794
287795
287891
287892
287895
287900
287902
288010
288012
288031
288123
288128
288129
288130
288578
299119
299552
299983
299988
300007
300096
300100
300101
300104
300206
300208
300214
300215
300317
300321
300322
300323
300332
300427
300431
300432
300439
300534
300539
300540
300550
300657
300660
300663
311243
311730
311737
311842
312064
312175
312288
312290
312298
312401
312512
312515
312517
312526
312626
312627
312632
312633
312737
312743
312746
312747
312856
312858
312963
313177
313192
313292
313299
313305
313405
324503
324504
324609
324610
324612
324720
324722
324831
324832
324835
324944
324945
324952
325062
325171
325177
325181
325287
325289
325290
325291
325293
325401
325403
325404
325513
325517
325518
325519
325734
325842
325844
325849
325852
325858
325872
325881
325946
326064
326068
326072
337293
337715
337717
337822
337831
337927
337932
337933
337945
338041
338042
338043
338144
338150
338151
338253
338254
338275
338370
338392
338711
338825
338826
338831
338936
338938
338944
338946
338947
349889
350195
350198
350223
350300
350407
350413
350511
350515
350620
350621
350624
350626
350729
350749
350842
350845
350848
350851
350861
350946
350950
350952
350967
350968
351060
351165
351389
351583
351808
351820
351940
351941
352152
363182
363276
363380
363382
363486
363586
363587
363691
363692
363695
363696
363698
363797
363803
363907
363908
363910
363911
364016
364121
364124
364643
364980
376038
376137
376138
376238
376249
376333
376433
376435
376438
376439
376440
376537
376540
376541
376554
376637
376639
376737
376740
376741
376844
376845
376944
376946
376947
377050
377051
377682
377996
389115
389116
389305
389306
389403
389404
389413
389418
389503
389506
389508
389509
389511
389516
389604
389607
389608
389611
389704
389705
389706
389804
389906
389907
390006
390007
390008
390103
391023
391129
401394
401471
401997
402086
402177
402183
402184
402188
402269
402273
402275
402280
402282
402286
402368
402371
402373
402374
402380
402381
402467
402470
402479
402480
402568
402570
402574
402666
402669
402761
402762
402861
402862
402957
402975
403062
403652
403749
403753
403843
403942
403944
414711
414799
414958
415037
415045
415128
415129
415221
415222
415225
415236
415305
415309
415310
415401
415403
415404
415409
415410
415431
415502
415505
415513
415515
415604
415605
415606
415703
415796
415897
416098
416672
416754
416841
416927
427769
427850
428125
428138
428217
428227
428318
428321
428324
428325
428417
428419
428421
428424
428526
428537
428540
428632
428640
428649
428741
428851
428871
428950
428954
428956
429056
429057
429058
429832
429987
440387
440942
440950
441031
441133
441224
441225
441328
441338
441429
441432
441439
441539
441541
441547
441551
441647
441651
441757
441758
441769
441867
441883
441885
441889
441987
442092
442093
442103
442198
442211
454207
454312
454424
454517
454520
454523
454532
454629
454735
454737
454744
454746
454753
454761
454845
454864
454964
454965
454966
454982
455071
455072
455074
455075
455173
455179
455180
455285
455286
455384
455386
467132
467135
467232
467335
467544
467648
467657
467751
467753
467754
467757
467761
467780
467865
467972
467980
467983
467986
468090
468092
468094
468194
468195
468289
468293
468295
468297
468298
468388
468401
468402
468497
468514
479915
480300
480312
480399
480404
480599
480610
480702
480809
480816
480923
481032
481142
481248
481250
481252
481352
481353
481356
481361
481454
481456
481557
481558
481560
481644
481653
481734
481737
481826
481828
493878
493881
493983
494089
494091
494093
494096
494098
494202
494290
494400
494403
494504
494516
494517
494535
494609
494618
494619
494620
494624
494719
494730
494732
494806
494810
494823
494891
494898
494909
494979
494988
506363
507141
507144
507338
507351
507451
507556
507636
507643
507651
507736
507737
507830
507832
507838
507929
507932
507944
508016
508019
508022
508025
508028
508105
508108
508122
508123
508199
520365
520465
520566
520568
520771
520864
520941
520955
521034
521038
521043
521045
521132
521134
521216
521220
521221
521222
521301
521304
521308
521310
533406
533504
533804
533903
534003
534448
534542
547344
547448
547803
547991
560151
560913
560920
561007
573426
574087
588084
588187
601199
601395
