71839
71919
71994
72410
72427
72664
79471
79556
79747
79820
79920
86877
86879
87842
94672
95042
95119
95125
95225
95398
95639
95644
95732
96103
96204
96452
103862
104391
104580
104589
104677
104770
104773
105223
112507
112882
112885
112980
113162
113453
113552
113651
113746
122104
122113
122390
122587
122589
122785
122787
122800
122883
122884
123155
131401
131402
131493
131495
131590
131603
131975
132074
132280
132282
132284
132386
132744
141039
141044
141131
141134
141139
141237
141321
141330
141420
141627
141724
141819
142036
142040
142130
142138
142142
142233
142601
150568
150967
151044
151045
151143
151148
151149
151241
151242
151339
151340
151438
151632
151634
151635
151741
151967
152052
152151
152428
159870
160216
161074
161179
161263
161264
161265
161360
161361
161563
161754
161756
161763
161965
162271
162282
162665
170777
170987
171062
171467
171563
171565
171570
171666
171667
171673
171766
171769
171867
171868
171955
171956
171961
172144
172351
172558
172559
172560
172561
173062
182142
182235
182245
182251
182344
182348
182349
182351
182360
182445
182447
182449
182452
182465
182539
182725
183251
183349
192223
192704
192923
193031
193036
193037
193137
193141
193142
193144
193243
193252
193348
193349
193355
193457
193470
193560
193642
193842
193852
194062
202746
202942
203029
203221
203228
203321
203729
203943
204056
204059
204067
204163
204273
204372
204483
204585
204586
204984
205315
205316
205318
205319
205424
205628
205631
205735
213905
214107
214110
214599
214602
214695
215113
215348
215465
215474
215563
215566
215669
215671
215677
215770
215871
215877
215977
215983
216271
216275
216603
216916
217024
226820
226938
227040
227246
227351
227457
227556
227757
227758
237303
237304
237839
237943
238047
238586
238799
239003
239107
239208
239324
239325
239427
239431
249599
249919
250027
250033
250996
251212
251325
251540
251751
251752
251755
251758
261898
262106
262110
262206
262207
262521
262636
262735
263067
263179
263734
274373
274467
274568
274577
275003
275765
276213
286124
286834
287510
287594
299468
299576
299918
311982
312002
312984
324545
324657
324754
325101
325213
325870
336286
336704
336805
336904
337096
337430
337536
337640
337957
337973
338610
349114
349117
349209
349211
349219
349302
349306
349307
349312
349399
349714
350441
350554
350555
350765
350767
350769
350873
350878
351075
351082
351086
362001
362201
362202
362203
362303
362304
362305
362401
362599
363092
363316
363414
363511
363518
363621
363623
364145
374618
375287
375294
375488
375493
375677
376065
376166
376267
376270
376273
376370
376476
388205
388562
388663
389045
389142
389238
389239
389248
389339
389442
389542
389936
390227
401391
401846
401926
401927
401935
402018
402021
402110
402115
402211
402212
402400
402401
413531
413823
413910
414002
414173
414261
414262
414346
414889
414890
414966
414968
414969
426871
427215
427221
427222
427491
427947
427948
427951
427958
428251
428552
428554
428667
429500
439870
440768
440858
440957
441041
441043
441044
441051
441355
441780
453649
453747
453842
453932
453935
454026
454030
454035
454126
454324
466222
466579
466671
467053
467892
479289
479566
479829
480523
493009
493015
494205
494315
494332
506387
506559
507271
507656
507658
507748
507841
519692
519779
519780
520375
520967
520968
547461
574477
588016
