99191
107928
107931
116871
116902
117082
126268
126295
126448
126527
126562
126563
126610
136096
136134
136135
136138
136172
136219
136222
136225
136231
136267
145630
145692
145814
145850
145861
145890
145892
145938
145982
145985
146022
146034
146118
146119
146120
146171
146172
146188
155712
155719
155750
155775
155778
155779
155783
155814
155815
155816
155817
155819
155829
155861
155863
155864
155866
155904
155906
155907
155908
155949
155952
155995
155997
156039
156078
156079
156124
156125
156133
156140
156172
156173
156177
156182
156224
156225
166019
166040
166041
166042
166050
166076
166078
166080
166081
166082
166118
166119
166120
166121
166122
166123
166124
166125
166164
166168
166169
166170
166171
166173
166175
166212
166213
166215
166218
166262
166263
166267
166313
166315
166316
166355
166359
166363
166403
166404
166405
166408
166450
166451
166454
166457
166498
166499
166501
166555
166557
166558
166611
166623
176554
176585
176586
176592
176624
176628
176630
176631
176664
176666
176667
176668
176670
176671
176672
176674
176710
176711
176713
176714
176715
176721
176724
176761
176762
176764
176766
176768
176807
176809
176811
176813
176815
176816
176818
176822
176861
176862
176865
176866
176907
176909
176914
176916
176963
176965
176967
177016
177018
177029
177063
177069
177114
177115
177117
177173
177175
177177
187388
187421
187424
187425
187427
187462
187465
187467
187473
187515
187517
187518
187567
187569
187570
187571
187573
187618
187622
187623
187624
187625
187626
187676
187677
187678
187680
187681
187690
187732
187733
187734
187735
187737
187738
187739
187787
187788
187792
187842
187843
187846
187847
187892
187893
187943
187945
187997
198452
198455
198456
198488
198491
198492
198493
198494
198495
198497
198536
198537
198539
198540
198541
198544
198594
198596
198597
198598
198600
198604
198606
198654
198655
198656
198657
198660
198707
198709
198714
198721
198769
198772
198773
198776
198829
198831
198832
198833
198834
198889
198891
198894
198943
198944
198945
198990
198991
198994
198996
199042
199046
209735
209740
209774
209779
209780
209781
209782
209836
209846
209891
209895
209896
209948
209949
209951
209954
209963
210011
210013
210014
210015
210016
210074
210075
210076
210127
210128
210129
210139
210180
210185
210186
210229
210230
210280
210283
210336
210337
221208
221209
221253
221254
221256
221257
221307
221308
221310
221363
221370
221410
221419
221428
221472
221473
221474
221475
221476
221478
221529
221530
221531
221532
221533
221589
221590
221591
221599
221658
221659
221706
221709
221710
221757
221760
221816
232850
232949
232997
233000
233002
233004
233048
233050
233051
233100
233101
233102
233156
233208
233210
233211
233212
233214
233215
233269
233272
233273
233274
233275
233280
233335
233336
233337
233339
233340
233341
233342
233398
233400
233401
233402
233461
233521
233579
233580
233581
233646
244329
244808
244862
244863
244974
244981
245028
245030
245139
245143
245191
245196
245204
245206
245260
245263
245264
245265
245266
245267
245269
245270
245328
245330
245331
245332
245334
245336
245339
245387
245388
245397
245398
245399
245400
245401
245464
245471
245526
245530
245539
245592
245669
256572
256619
256716
256873
256994
257000
257168
257171
257224
257277
257278
257331
257332
257340
257396
257397
257400
257401
257403
257466
257468
257471
257472
257474
257537
257539
257542
257543
257546
257609
257610
257611
257614
257673
257678
257741
257808
257951
257952
257963
268591
269174
269289
269290
269349
269412
269413
269414
269415
269464
269479
269532
269534
269702
269706
269759
269768
269813
269818
269820
269821
269822
269825
269826
269828
269829
269888
269889
269890
269892
269893
269894
269947
269954
269955
269959
269961
270026
270027
270029
270089
270090
270091
270093
270155
270299
270303
270376
270529
270610
281766
281825
281949
281998
281999
282005
282009
282012
282063
282065
282109
282120
282177
282233
282242
282244
282251
282312
282375
282376
282379
282384
282445
282446
282453
282515
282516
282518
282580
282582
282584
282640
282644
282705
282706
282764
282937
283176
283237
293564
293721
293804
293891
293985
293986
294030
294074
294387
294452
294506
294608
294610
294618
294622
294686
294687
294752
294753
294808
294821
294895
294961
294964
294965
294966
294968
295035
295041
295102
295104
295164
295167
295228
295232
295303
295389
295456
295619
296014
296015
296096
306231
306278
306411
306412
306457
306505
306506
306555
306604
306761
306872
307102
307211
307477
307494
307564
307565
307566
307633
307634
307635
307636
307701
307706
307773
307774
307920
308247
308559
308560
308561
308741
308742
308844
319144
319187
319193
319295
319395
319449
319501
319560
319609
319658
319665
319671
319721
319822
319891
319938
320080
320126
320140
320283
320292
320352
320354
320355
320357
320421
320424
320430
320565
320566
320567
320642
320720
320721
320796
321108
321109
321121
321199
321201
321202
321214
321289
321290
321291
321383
321384
321385
321473
321481
321562
331995
332047
332103
332105
332109
332164
332205
332424
332425
332486
332546
332548
332604
332618
332669
332676
332730
332742
332873
332926
333090
333091
333168
333169
333240
333244
333252
333323
333401
333482
333483
333645
333964
333965
333967
334050
334054
334058
334059
334060
334061
334062
334063
334064
334065
334073
334139
334140
334141
334143
334144
334161
334231
334232
334233
334235
334237
334321
334324
334325
334326
334411
334499
344759
344955
345187
345430
345480
345544
345608
345623
345669
345687
345742
346129
346207
346208
346288
346291
346368
346369
346371
346452
346457
346541
346619
346700
346861
346880
346945
346950
347040
347129
347130
347133
347134
347136
347137
347138
347140
347141
347142
347143
347145
347218
347219
347220
347221
347222
347225
347227
347228
347229
347231
347232
347233
347234
347235
347236
347237
347238
347240
347310
347311
347312
347313
347314
347315
347396
347397
357889
357945
357985
357990
358047
358757
358772
358839
358911
359146
359298
359299
359303
359308
359379
359380
359381
359382
359383
359458
359463
359541
359543
359548
359624
359625
359710
359711
359884
359950
359951
360226
360228
360229
360234
360235
360311
360314
360315
360316
360317
360318
360319
360325
360329
360392
360400
360401
360402
360403
360404
360405
360407
360411
360413
360478
360491
371094
371103
371275
371279
371341
371514
371566
371830
371899
371900
372192
372257
372271
372340
372344
372352
372514
372515
372599
372675
372677
372755
372761
372835
372915
372916
373344
373491
373573
373575
373585
373676
373679
373680
373681
373682
373769
384487
384614
384713
384835
385179
385381
385397
385402
385470
385645
385728
385809
385814
385886
385890
385967
385968
386045
386115
386686
386879
397326
397418
397533
397726
397902
398043
398044
398110
398117
398267
398434
398485
398544
398624
398640
398642
398722
398809
398884
398963
399105
399506
399568
399633
399637
399638
399714
399719
399720
399726
399897
399994
399995
399996
399997
400093
400099
410300
410727
411164
411303
411313
411379
411453
411528
411531
411690
412063
412140
412203
412212
412289
412365
412442
412519
412604
412605
412699
412771
412776
412871
412872
412873
412984
412987
412991
413069
413075
413076
413079
413081
413082
413084
413171
413172
413173
413174
423142
423206
423279
423344
423402
423407
423466
423718
423790
423858
424075
424231
424616
424687
424916
424984
424985
425047
425062
425122
425146
425205
425233
425315
425406
425480
425562
425571
425744
425745
425765
425948
425957
426026
426035
426041
426044
426045
426051
426129
426131
426132
426133
426138
426139
426140
426141
426225
426226
426227
426230
426235
426236
426330
436111
436159
436160
436225
436288
436403
436472
436476
436544
436679
436680
436748
437022
437088
437238
437317
437473
437614
437616
437692
437851
437925
438063
438141
438158
438221
438301
438320
438324
438395
438396
438420
438488
438511
438582
438583
438603
438673
438674
438675
438763
438765
438780
438781
438856
438865
438872
438957
438961
439035
439051
439053
439127
439132
439145
439149
439230
439231
439234
439235
439236
439238
439239
439242
439243
439326
439327
439328
439330
439332
439337
439422
439423
439424
439425
449418
449549
449613
449672
449745
449813
449933
450062
450131
450135
450210
450274
450277
450280
450945
450947
451019
451234
451311
451392
451400
451403
451410
451412
451501
451502
451594
451595
451663
451667
451688
451689
451690
451760
451762
451765
451766
451779
451780
451781
451782
451853
451854
451855
451859
451870
451874
451875
451878
451941
451943
451952
451954
451955
451956
451957
451959
452029
452035
452036
452038
452039
452042
452113
452116
452125
452126
452128
452131
452132
452200
452216
452220
452223
452291
452298
452299
452306
452307
452313
452393
452394
452395
452396
452398
452406
452407
452487
452489
452490
452491
452494
462627
462741
462802
462808
462935
462999
463005
463068
463132
463194
463318
463383
463387
463665
463936
463991
464051
464118
464337
464339
464340
464420
464421
464429
464433
464440
464511
464512
464518
464524
464531
464606
464618
464696
464698
464790
464791
464792
464793
464794
464796
464807
464810
464881
464882
464883
464903
464904
464905
464968
464969
464970
464971
464973
464975
464977
464981
464985
464986
464987
464988
464989
464990
465058
465059
465060
465061
465063
465065
465067
465068
465069
465070
465071
465074
465075
465076
465077
465078
465079
465080
465083
465084
465151
465156
465157
465159
465160
465161
465162
465163
465164
465165
465168
465234
465239
465241
465243
465244
465245
465246
465247
465248
465250
465334
465336
465338
465340
465415
465425
465432
465437
465517
465518
465519
465520
465526
476003
476004
476139
476268
476377
476381
476510
477519
477529
477596
477598
477600
477620
477695
477696
477698
477701
477787
477788
477789
477790
477879
477885
477971
477973
477974
477975
477977
477978
477983
477984
477985
477986
478060
478061
478062
478063
478064
478066
478072
478073
478074
478075
478076
478077
478078
478149
478150
478154
478156
478157
478158
478160
478161
478162
478163
478164
478165
478166
478167
478168
478231
478233
478234
478239
478243
478247
478249
478250
478251
478252
478253
478254
478255
478256
478330
478331
478332
478333
478334
478335
478336
478337
478338
478344
478414
478416
478417
478418
478419
478420
478423
478491
478499
478502
478507
478586
478684
489260
489326
489460
489518
489526
489730
489859
490513
490683
490755
490759
490763
490850
490861
490934
490935
490937
490942
490951
490954
491027
491028
491113
491118
491119
491121
491122
491127
491132
491210
491211
491212
491213
491216
491218
491220
491223
491298
491299
491300
491302
491305
491306
491307
491310
491311
491382
491383
491386
491387
491388
491389
491390
491392
491393
491394
491395
491396
491397
491398
491399
491401
491403
491469
491470
491471
491473
491474
491475
491476
491480
491481
491482
491483
491484
491485
491486
491488
491492
491493
491554
491555
491556
491559
491562
491566
491567
491568
491569
491570
491572
491574
491579
491633
491636
491645
491646
491648
491649
491650
491653
491659
491717
491718
491724
491725
491726
491727
491728
491729
491799
491805
491807
491808
491885
491968
492055
492056
502375
502422
502549
502555
502684
502743
502758
502813
503169
503240
503696
503697
503921
503936
504014
504023
504024
504091
504096
504186
504211
504281
504369
504374
504375
504389
504470
504471
504546
504554
504556
504557
504558
504563
504632
504634
504639
504640
504641
504643
504644
504647
504648
504718
504719
504721
504722
504725
504726
504727
504728
504729
504730
504731
504732
504736
504742
504743
504807
504808
504809
504810
504811
504812
504813
504814
504815
504816
504817
504818
504819
504820
504823
504824
504890
504892
504893
504896
504898
504899
504902
504903
504904
504905
504906
504907
504908
504916
504977
504989
504990
504991
504992
504993
504995
504998
505002
505063
505064
505065
505072
505073
505076
505077
505154
505155
505156
505157
505239
505325
515626
515930
515998
516057
516058
516123
516124
516141
516196
516940
517161
517162
517246
517258
517259
517345
517415
517507
517510
517514
517515
517600
517603
517787
517952
518044
518046
518048
518050
518052
518127
518131
518132
518133
518134
518135
518136
518137
518139
518214
518215
518216
518217
518218
518219
518220
518221
518222
518223
518224
518225
518298
518299
518300
518301
518302
518303
518306
518307
518308
518309
518310
518311
518312
518315
518382
518384
518385
518387
518393
518394
518397
518399
518407
518408
518467
518468
518476
518478
518558
518560
518651
518731
529054
529110
529360
529439
529507
529513
529572
529573
529575
529579
529583
529590
529643
529648
529651
529655
529657
529714
529725
529861
530000
530082
530558
530643
530712
530791
530807
530882
530883
530974
530985
531058
531061
531067
531068
531162
531406
531572
531576
531578
531579
531583
531661
531662
531663
531665
531666
531667
531668
531669
531671
531674
531743
531745
531746
531747
531748
531749
531750
531751
531752
531756
531758
531827
531828
531829
531830
531831
531834
531836
531837
531843
531907
531908
531909
531915
531916
531920
531999
532000
532003
532007
542949
543016
543020
543028
543088
543089
543164
543165
543169
543237
543240
543246
543311
543316
543320
543385
543394
543457
543524
543597
544139
544153
544233
544234
544312
544313
544314
544315
544320
544321
544383
544384
544388
544390
544393
544395
544396
544470
544471
544473
544478
544487
544564
544567
544568
544642
544993
545055
545056
545057
545058
545059
545060
545139
545140
545141
545143
545145
545148
545225
545227
545228
545231
545234
545236
545314
545315
545316
545317
545318
545319
545320
545322
545395
545396
545397
545399
545401
545402
545403
545404
545406
545410
545478
545479
545483
545485
545486
545488
545577
556589
556813
556886
556887
556889
556958
556960
557039
557113
557793
557873
557874
557951
558537
558610
558612
558613
558614
558615
558698
558699
558700
558703
558778
558779
558782
558865
558866
558867
558868
558869
558870
558876
558955
558956
558957
558958
558959
558960
558964
559038
559040
559041
559043
559046
559047
559142
569861
571340
571505
571760
572004
572076
572078
572080
572081
572082
572163
572164
572244
572246
572247
572253
572330
572331
572332
572333
572334
572335
572336
572338
572414
572416
572417
572418
572420
572422
572499
572501
572503
572504
572505
572506
572508
572510
583552
585600
585673
585676
585678
585683
585763
585764
585768
585845
585846
585847
585851
585853
585933
585934
585935
585943
586021
586022
586023
586025
586031
597772
599259
599342
599424
599425
599429
599510
599511
599516
599517
599528
599596
612925
612931
613010
613099
613103
613106
613187
626673
626680
626759
640250
640324
667439
