67838
75398
99576
99679
108434
127060
127122
127235
136811
136812
146567
156799
167199
177484
177540
177541
177775
188675
199456
199651
199652
199719
200151
210005
210070
210975
221250
221251
221407
222059
233010
233044
233096
233097
233265
233636
245076
245140
256986
257105
257166
257218
257223
257275
258243
269285
269350
269583
269639
269693
269823
270292
281819
282003
282172
282634
282697
282698
282847
294742
294818
294891
294893
294956
295099
295103
306553
307281
307342
307347
307348
307349
307351
307421
307422
307568
307627
307628
307697
307991
320005
320009
320067
320069
320070
320071
320072
320135
320136
320208
320209
320275
320285
320351
320563
332871
332934
332944
333016
333312
333397
345185
345813
345897
345899
345966
345968
345975
345977
346043
358165
358752
358986
359063
359065
359066
359135
359149
359215
359219
359297
371453
371501
371506
371630
371698
371762
372032
384714
385105
385243
385316
385322
385329
385640
397838
397901
397972
398040
398190
398261
398264
398265
398402
398408
411073
411075
411149
411150
411151
411158
411224
411225
411227
411234
411235
411298
411299
411373
424000
424073
424150
424227
424228
437244
