305754
305798
344250
356609
370092
382908
383178
396097
396639
396683
408676
409504
409505
409543
409544
409552
409555
409556
409562
421806
422365
422403
422456
422461
422476
422478
422491
422493
422504
422505
422506
422508
422510
434729
434797
435550
435584
435611
435612
435615
435616
435620
435642
435643
435644
435660
435662
435665
435666
435667
435668
435679
435680
435681
435683
435687
435688
435689
448147
448530
448584
448633
448682
448683
448720
448724
448758
448800
448806
448833
448834
448835
448838
448862
448863
448864
448866
448867
448871
448890
448891
448892
448895
448909
448910
448916
448917
448919
448921
448922
460957
461812
461899
461906
461945
461984
461991
462021
462023
462025
462029
462054
462057
462059
462064
462083
462089
462108
462117
462118
462119
462126
474184
474925
474973
474983
475032
475064
475065
475073
475101
475111
475112
475136
475138
475142
475145
475168
475172
475174
475195
475196
475207
487144
488065
488118
488168
488177
488217
488218
488219
488228
488264
488266
488267
488275
488308
488317
488318
488348
488349
488381
488385
488386
488414
500575
501348
501410
501453
501461
501462
501463
501507
501513
501551
501556
501557
501591
501592
501598
501625
501626
501633
501657
501661
501688
501708
501720
501728
513790
513947
514640
514698
514700
514754
514756
514799
514808
514841
514842
514847
514848
514852
514886
514914
514919
514950
514976
514996
515010
526637
526816
527237
527521
527593
527961
528020
528023
528025
528075
528076
528083
528086
528132
528139
528140
528141
528190
528191
528228
528334
528336
528367
528368
528384
528403
540256
540836
540904
540978
541512
541513
541566
541569
541617
541622
541623
541672
541677
541678
541679
541722
541723
541738
541775
541779
541854
541863
541891
541925
553636
553730
553731
553734
554386
555065
555069
555115
555117
555122
555123
555173
555174
555175
555177
555180
555190
555227
555234
555235
555279
555287
555334
555335
555415
567158
567923
568538
568539
568596
568647
568650
568654
568703
568710
568711
568760
568766
568767
568815
568816
568817
568819
568983
580407
580485
580488
581329
581335
581400
581404
581893
582010
582012
582013
582020
582068
582070
582071
582124
582126
582127
582130
582178
582182
582183
582184
582196
582234
582236
582237
582282
582284
582336
582380
593748
593842
593843
593844
594758
594760
594832
594902
594903
594977
595127
595457
595514
595516
595570
595571
595572
595631
595632
595637
595690
595739
595741
595743
595784
595786
595788
595874
607363
607364
607365
607366
607367
607368
607456
607459
607552
608421
608485
608552
608622
608961
609143
609146
609203
609207
609263
609265
609266
609313
609317
609318
609369
609406
620713
620805
620896
622019
622020
622168
622170
622247
622633
622636
622811
622861
622867
622911
622914
622915
622918
622919
622960
622961
622962
622963
623008
623010
623011
623058
635589
635591
635665
635666
635667
635743
636224
636225
636226
636230
636290
636419
636420
636421
636530
636531
636534
636581
636583
636584
636633
636677
636688
649162
649164
649237
649242
649309
649314
649794
649864
649987
649988
650101
650102
650103
650104
650156
650157
650212
662294
662366
662367
662439
662510
662659
662734
663331
663389
663390
663444
663449
663450
663501
663554
663555
663609
663610
663670
663671
675276
675746
675818
675827
675903
675968
676052
676131
676138
676367
676635
676637
676695
676884
676886
676887
676948
676950
677070
677071
677072
677131
677132
677133
677191
688677
689237
689317
689321
689403
689410
689411
689575
689576
689652
689653
689887
689888
689963
690027
690094
690413
690419
690422
690484
690551
690609
690610
690615
690672
690733
701988
702074
702076
702432
702612
702694
702698
702781
702782
702783
702786
702869
702870
702878
702955
702957
702958
702960
702962
702970
703043
703046
703047
703050
703051
703053
703059
703137
703139
703140
703145
703212
703214
703215
703218
703219
703220
703221
703286
703293
703294
703296
703363
703438
703509
703510
703583
703646
703712
704025
704028
704030
704031
704086
704088
704089
704152
704155
704161
704218
704223
704224
704225
704280
704281
704283
704339
704340
704341
704342
704344
704400
715214
715306
715503
716047
716048
716130
716131
716138
716214
716217
716218
716219
716220
716302
716303
716304
716305
716307
716310
716384
716385
716386
716388
716389
716390
716392
716393
716470
716471
716473
716474
716475
716477
716479
716480
716550
716554
716556
716557
716559
716562
716635
716638
716639
716641
716642
716643
716644
716645
716646
716714
716718
716719
716720
716721
716723
716724
716794
716798
716800
716801
716932
717060
717133
717195
717325
717443
717502
717504
717505
717507
717508
717509
717566
717568
717572
717633
717637
717638
717640
717696
717700
717754
717762
717814
717815
717872
717878
717879
717933
728614
728706
728793
728794
729249
729345
729346
729429
729430
729431
729435
729511
729512
729514
729516
729517
729519
729521
729522
729587
729593
729595
729597
729598
729680
729681
729682
729683
729685
729691
729760
729761
729762
729769
729837
729847
729921
729925
729929
729932
729933
730008
730010
730012
730013
730014
730086
730163
730232
730233
730236
730296
730304
730511
730578
730580
730648
730892
730893
730899
731023
731025
731028
731029
731032
731088
731202
731208
731209
731256
731257
731259
731314
731362
741945
741946
741947
742045
742050
742138
742143
742223
742314
742315
742317
742321
742402
742408
742409
742489
742493
742495
742496
742503
742580
742581
742582
742585
742587
742590
742591
742669
742670
742671
742672
742674
742675
742678
742683
742758
742760
742761
742765
742766
742767
742842
742843
742846
742847
742848
742849
742850
742851
742852
742854
742932
742933
742935
742937
742941
742943
743019
743021
743024
743027
743113
743114
743183
743188
743189
743194
743262
743265
743343
743417
743421
743496
743498
743565
743646
743723
743796
743862
744105
744107
744109
744170
744172
744226
744229
744233
744234
744235
744236
744237
744238
744292
744298
744299
744301
744307
744360
744465
744468
744478
744518
744519
744520
744521
744568
744616
744618
755071
755072
755074
755162
755164
755165
755248
755249
755251
755256
755329
755330
755332
755334
755335
755336
755412
755414
755415
755416
755419
755500
755501
755502
755506
755590
755591
755592
755594
755682
755765
755766
755855
756024
756272
756352
756353
756431
756439
756518
756594
756676
756756
756757
756830
756904
757141
757145
757148
757202
757205
757209
757210
757211
757254
757255
757260
757261
757263
757264
757265
757307
757308
757309
757310
757312
757315
757361
757467
757515
757516
757565
757604
757605
757607
757647
757649
768179
768263
768268
768350
768352
768353
768440
768441
768448
768612
768614
768699
769044
769122
769125
769286
769368
769950
770006
770012
770013
770015
770075
770078
770080
770085
770137
770138
770139
770140
770145
770149
770150
770213
770312
770405
770406
770408
770452
770453
770480
780529
780622
780873
780879
781206
781295
781299
781376
781560
781640
781646
781719
781798
782490
782545
782596
782603
782604
782606
782666
782668
782669
782673
782735
782792
782793
782854
783129
783163
792929
792930
793012
793101
793265
793594
793595
793600
793681
793682
793684
793766
793768
793769
793770
793854
793855
793863
793939
793941
794025
794026
794109
794179
794181
794182
794803
794867
794929
794991
794992
795046
795054
795055
795180
795545
805050
805132
805722
805807
805808
805809
805812
805887
805889
805970
805974
806058
806142
806143
806222
806223
806224
806298
806299
806388
806389
806537
806617
807067
807129
807130
807201
807260
807267
807779
817617
817700
818252
818483
818484
819072
819133
819142
819198
819199
819330
829079
830518
830713
830833
841000
841076
841906
841961
842072
852842
862486
872641
872715
893401
