160911
160921
161008
161010
161109
161111
171192
171296
171305
171403
171404
171507
171508
171514
171606
171610
171611
181861
181869
182073
182075
192861
192864
193074
193075
193198
203673
203765
203982
203986
203992
204093
204094
204095
204096
204202
204417
214838
214943
214945
215055
215167
215272
215383
215496
215599
216111
224327
224408
224501
224514
224598
226423
226531
226545
226638
226639
226859
226971
227275
235798
235866
235881
235950
235962
236060
236139
236237
236535
236638
236737
236839
236941
237141
237143
237245
237558
237663
238073
238183
238289
238402
238502
238629
238729
238830
238931
239572
239574
245961
245964
247517
247596
247685
247771
247853
247854
247949
249122
249641
249853
249961
249973
250064
250176
250270
250378
250379
250380
250391
250482
250483
250593
250709
250712
250816
251466
258187
258268
259340
259425
259515
259602
259692
259785
259878
259965
260051
260137
260231
260327
260504
260514
260715
261518
261621
261723
262041
262256
262446
263323
263330
263659
270542
270958
271878
272418
272425
272426
272596
272598
272683
272778
273595
274201
275357
275463
275573
275580
275799
276020
276250
283109
283110
283189
283848
284019
284362
284447
284449
284450
284543
284628
284979
285164
285453
285657
286384
287088
287750
287853
287962
287964
288180
288405
295118
295243
295633
295716
295800
296055
296133
296142
296477
296720
296723
296800
297054
300389
300497
307721
307784
307862
308093
308252
308253
308506
308688
308870
309133
309221
309397
320437
320439
320440
320733
320896
321148
321243
321603
321777
333181
333184
333335
333423
333820
333821
334089
334271
334275
334452
346063
346066
346078
346154
346226
346229
346307
346309
346386
346394
346469
346470
346630
346727
346982
346984
347255
359086
359160
359235
359314
359315
359393
359400
359408
359473
359476
359723
359808
359992
360090
360174
372688
372847
379850
384921
385134
385269
385276
385343
385496
398138
398357
398501
411251
437490
