777982
790304
790305
791553
792229
792328
792434
792516
792521
792525
792613
802597
802599
802704
802890
802894
803098
803420
803529
803636
803741
803743
803844
803845
803846
803940
803948
804326
804424
804425
804525
804530
804531
804626
804627
804636
804725
804732
804733
804818
804833
814587
814683
814880
815086
815092
815196
815197
815303
815310
815409
815410
815516
815622
815725
815827
815829
816319
816322
816416
816417
816418
816420
816515
816518
816519
816615
816616
816617
816618
816712
816714
816804
816806
826060
826148
826150
826241
826264
826334
826433
826441
826535
826643
826859
826966
827071
827170
827171
827173
827275
827276
827379
827387
827477
827481
827482
827584
827595
827676
827677
827682
827776
827783
827875
827884
827976
827977
828064
828067
828163
828166
828167
828260
828261
828262
828264
828352
828362
828446
828534
836317
836420
837162
837266
837267
837365
837366
837526
837527
837617
837715
837917
838231
838335
838354
838434
838531
838634
838726
838729
838828
838829
838830
838833
838926
838927
838933
839026
839030
839031
839035
839036
839131
839134
839135
839136
839137
839139
839232
839233
839238
839323
839324
839325
839416
839515
839689
839690
839945
847894
848000
848009
848204
848294
848295
848460
848549
848553
848647
848752
848865
849066
849168
849263
849272
849359
849460
849559
849665
849767
849853
849955
849958
849959
849963
850054
850055
850057
850061
850062
850153
850154
850155
850156
850251
850255
850342
850344
850345
850435
850436
850450
850538
850619
850698
850699
857078
858487
858597
858700
858799
858896
859244
859429
859528
859738
859839
859840
859941
859942
860041
860042
860149
860239
860339
860432
860433
860434
860436
860526
860619
860628
860721
860809
860816
860817
860898
860900
860905
860987
860989
860992
860994
861081
861083
861170
861171
868795
868902
869007
869110
869202
869304
869307
869480
869577
869582
869669
869753
869844
870046
870047
870327
870342
870436
870439
870531
870637
870721
870722
870819
871006
871009
871110
871113
871194
871195
871282
871284
871472
871559
872056
872146
877639
878633
878826
878931
878933
878934
879024
879029
879127
879128
879236
879324
879343
879433
879541
879613
879614
879639
879711
879720
879722
879723
879802
879812
880074
880168
880549
880560
880655
880658
880749
880750
880844
880848
880943
881042
881138
881232
881331
881415
881511
881620
881695
881697
881779
881780
881862
881863
881870
881955
882200
882206
882283
882364
882379
888180
888276
888377
888379
888468
888470
888474
888559
888560
888562
888568
888569
888571
888655
888656
888658
888659
888666
888667
888668
888752
888754
888755
888756
888757
888758
888766
888767
888851
888853
888854
888871
888954
888955
888956
889053
889054
889150
889151
889248
889252
889271
889477
889548
889549
889554
889560
889562
889645
889647
889659
889664
889746
889749
889835
889842
890019
890026
890115
890119
890568
891422
891686
891773
891854
891939
891946
892111
892247
892325
897485
897587
897590
897686
897687
897783
897784
897788
897871
897872
897875
897878
897963
897964
897966
897967
897970
898054
898055
898056
898057
898058
898059
898063
898146
898147
898150
898153
898155
898156
898158
898159
898170
898242
898245
898246
898248
898253
898254
898342
898344
898353
898354
898355
898356
898357
898361
898445
898448
898454
898455
898545
898561
898646
898660
898744
898848
898849
898940
898941
898948
899038
899062
899133
899134
899139
899226
899232
899318
899320
899416
899510
899758
899777
900046
900140
900329
900421
900511
900797
900972
901303
901308
901457
901464
906644
906654
906737
906739
906742
906825
906826
906827
906828
906829
906831
906835
906917
906918
906919
906920
906922
906923
906924
906925
906927
906929
907012
907013
907015
907016
907018
907019
907021
907022
907024
907033
907034
907035
907106
907107
907109
907112
907113
907117
907119
907122
907205
907206
907208
907209
907218
907297
907298
907299
907300
907301
907307
907310
907311
907314
907317
907318
907391
907392
907393
907394
907395
907396
907404
907405
907406
907483
907485
907488
907489
907490
907497
907498
907499
907507
907508
907581
907583
907584
907585
907592
907598
907681
907687
907860
907870
907967
908155
908158
908159
908753
908765
908846
909025
909117
909204
909301
909384
910260
910263
910405
910469
913729
914881
914972
915163
915167
915168
915263
915266
915268
915362
915363
915364
915365
915454
915455
915456
915458
915459
915470
915546
915547
915549
915550
915551
915553
915554
915555
915556
915644
915645
915646
915647
915648
915663
915664
915739
915741
915742
915743
915744
915745
915749
915750
915751
915837
915838
915839
915840
915841
915842
915843
915847
915848
915849
915850
915860
915932
915933
915934
915935
915936
915939
915940
915942
915944
915945
915946
915947
915948
915953
916028
916029
916030
916031
916032
916033
916034
916035
916039
916042
916043
916045
916046
916047
916129
916131
916132
916133
916134
916135
916144
916145
916146
916149
916156
916157
916227
916228
916230
916231
916238
916240
916241
916242
916243
916244
916246
916249
916326
916328
916329
916336
916339
916341
916342
916356
916427
916429
916432
916433
916437
916446
916515
916520
916521
916523
916524
916526
916533
916534
916604
916608
916610
916616
916617
916712
916713
916888
916982
917061
918511
919094
922702
923320
923614
923627
923709
923710
923711
923712
923714
923809
923811
923818
923823
923906
923911
924003
924005
924008
924096
924097
924100
924102
924103
924105
924197
924198
924202
924205
924294
924295
924300
924301
924302
924304
924316
924388
924389
924391
924393
924405
924475
924476
924477
924480
924482
924484
924485
924488
924498
924570
924573
924575
924576
924578
924582
924589
924662
924663
924664
924665
924668
924673
924675
924678
924686
924755
924756
924757
924759
924765
924766
924767
924768
924769
924770
924780
924781
924851
924853
924854
924856
924862
924864
924865
924866
924867
924871
924878
924951
924952
924953
924954
924960
924962
924963
924964
924966
924967
924968
924974
925050
925052
925053
925054
925055
925056
925135
925138
925140
925141
925218
925219
925221
925223
925226
925308
925311
925316
925320
925399
925560
925642
926689
927380
927696
927713
931026
931899
931996
931997
932002
932003
932098
932100
932101
932103
932104
932109
932195
932199
932201
932214
932296
932297
932298
932398
932400
932410
932497
932498
932591
932592
932593
932688
932689
932695
932777
932778
932779
932863
932864
932943
932944
932945
932946
932949
932950
932951
933028
933029
933031
933032
933035
933036
933115
933118
933119
933123
933131
933208
933209
933210
933220
933223
933303
933312
933315
933399
933400
933401
933402
933404
933406
933413
933491
933492
933494
933496
933497
933580
933581
933657
933663
933732
933735
933809
933962
934039
934049
934118
934123
934210
934379
934383
939702
939987
939988
939998
940093
940186
940192
940193
940194
940290
940292
940388
940392
940399
940872
941204
941280
941283
941284
941365
941366
941367
941368
941449
941531
941540
941610
941611
941682
941683
941747
942111
942112
942286
942457
943377
947073
947746
947747
947940
947944
948039
948041
948042
948134
948135
948221
948222
948223
948229
948311
948313
948316
949852
950008
950094
950916
954594
954661
954662
954879
955137
955324
955327
955329
955414
955417
955418
955436
955501
955514
955515
955517
955693
957346
961584
961862
962004
962069
962070
962138
962496
962585
962587
962667
962670
962683
962757
962760
962761
962839
962844
962845
962929
969816
969899
969902
969979
969981
969982
977079
977087
977143
983278
990560
996797
997253
1.00973e+06
