488481
488605
515289
515675
516448
528637
528638
529811
530108
543476
556013
556772
557216
558334
558421
569256
569568
569570
570777
570844
571537
572458
582886
582888
583054
583123
583188
583240
584019
584316
584633
585041
586237
596488
596603
596661
596850
596991
597258
597396
597628
597710
597974
598042
598052
598119
598364
598448
598534
599640
599819
609770
609801
609811
609994
610000
610227
610229
611480
611650
611730
612209
613219
623336
623420
623609
623657
623996
624059
625142
626402
626708
627491
637007
637015
637060
637179
637333
637559
637680
638002
638335
639067
639158
641474
650652
650653
650688
650750
650752
650799
650856
650905
651018
653292
653941
655040
655139
664153
664159
664162
664196
664218
664260
664292
664294
664301
664352
665095
665340
666614
666998
667546
667719
668798
677681
677687
677700
677722
677730
677757
677826
677827
677914
677918
678027
678084
678147
679556
679787
680091
680167
680172
680244
680253
680401
680482
680632
680804
691232
691234
691241
691253
691267
691276
691308
691344
691347
691349
691381
691428
691470
691520
691521
691574
691618
691638
691735
691852
691908
692036
692173
692464
692992
692993
693068
693069
693152
693153
693226
693249
693300
693375
693452
693531
693613
693618
693691
693692
693693
693769
693770
693841
693924
693997
693998
694000
694076
694091
694093
694244
694323
694831
704892
704911
704914
704921
705018
705063
705100
705102
705112
705114
705149
705159
705160
705194
705202
705204
705206
705208
705303
705366
705427
705539
705604
705657
705725
705936
706004
706006
706215
706292
706367
706368
706369
706441
706448
706592
706594
706663
706740
706745
706813
706817
706885
706890
706898
706967
706971
707038
707046
707115
707116
707120
707131
707195
707196
707197
707199
707277
707278
707282
707285
707354
707357
707362
707431
707435
707438
707440
707515
707517
707518
707593
707598
707601
707680
707757
707758
707833
708103
708484
708939
718357
718376
718384
718389
718413
718420
718422
718442
718444
718451
718479
718487
718525
718589
718593
718596
718598
718600
718636
718639
718642
718644
718690
718729
718733
718775
718782
718829
718832
718874
718880
718894
718931
718934
718938
718986
719043
719044
719048
719050
719106
719109
719167
719296
719300
719379
719436
719438
719507
719508
719576
719578
719650
719651
719652
719721
719722
719733
719800
719801
719875
719952
719954
720029
720033
720103
720110
720113
720176
720177
720178
720180
720253
720254
720257
720258
720328
720329
720332
720333
720340
720405
720406
720407
720408
720477
720478
720481
720488
720558
720559
720563
720565
720641
720644
720645
720719
720720
720724
720802
720803
720805
720882
720883
720887
720889
720964
720965
720966
720968
720978
721047
721129
721208
721210
721282
721303
721355
721356
721564
721611
721936
722198
722200
722289
722293
731711
731716
731731
731752
731756
731765
731795
731797
731830
731864
731926
731929
731953
731968
731975
731992
731993
731995
732018
732033
732034
732039
732041
732044
732045
732081
732091
732117
732123
732126
732152
732158
732165
732177
732201
732203
732205
732206
732210
732246
732249
732250
732252
732253
732254
732256
732264
732266
732295
732297
732300
732301
732302
732303
732304
732306
732307
732356
732360
732364
732423
732479
732491
732542
732543
732556
732608
732610
732670
732673
732737
732740
732805
732806
732862
732878
732879
732938
732940
732946
733015
733016
733017
733088
733090
733091
733092
733162
733165
733169
733171
733240
733241
733244
733255
733315
733316
733318
733327
733389
733397
733400
733463
733464
733466
733467
733477
733536
733540
733541
733547
733610
733613
733615
733617
733618
733685
733687
733689
733759
733760
733762
733766
733833
733836
733840
733841
733842
733914
733915
733916
733929
733930
733993
733995
733997
733998
733999
734071
734074
734075
734077
734078
734154
734155
734167
734169
734229
734230
734232
734233
734234
734236
734311
734315
734319
734391
734396
734401
734532
734533
734598
734599
734668
734672
734738
734901
735143
735378
735457
735563
736033
737120
744954
744955
744963
744968
744983
745070
745072
745075
745127
745129
745132
745139
745146
745152
745154
745155
745160
745161
745162
745185
745186
745206
745220
745227
745231
745232
745257
745262
745266
745271
745294
745300
745307
745339
745340
745341
745344
745348
745361
745381
745382
745383
745385
745386
745387
745389
745412
745417
745422
745424
745427
745428
745429
745506
745516
745558
745559
745565
745571
745615
745621
745670
745671
745677
745730
745731
745739
745786
745791
745794
745795
745847
745849
745857
745914
745915
745972
745974
745975
746040
746043
746044
746046
746114
746115
746116
746118
746183
746184
746185
746187
746188
746253
746256
746257
746274
746326
746328
746331
746395
746396
746406
746463
746467
746480
746539
746546
746550
746551
746610
746611
746614
746682
746683
746685
746750
746751
746753
746824
746835
746896
746901
746970
746994
747044
747046
747047
747067
747122
747123
747124
747127
747130
747135
747193
747195
747197
747198
747199
747276
747277
747280
747350
747352
747354
747358
747420
747421
747423
747424
747485
747486
747490
747492
747548
747549
747564
747610
747689
747690
747702
747757
747768
747841
748017
748086
748097
748687
750144
750254
757933
757953
757960
757977
757983
757985
757991
757992
758021
758036
758076
758077
758080
758100
758106
758133
758162
758163
758169
758205
758212
758216
758240
758243
758244
758253
758271
758282
758284
758287
758288
758295
758319
758324
758327
758333
758360
758363
758368
758371
758383
758396
758400
758402
758403
758405
758430
758443
758444
758450
758452
758485
758491
758497
758504
758540
758541
758542
758596
758598
758600
758652
758654
758655
758661
758716
758718
758775
758776
758793
758842
758853
758907
758914
758979
758980
759053
759116
759119
759122
759188
759189
759190
759193
759256
759257
759261
759270
759326
759327
759332
759335
759398
759403
759404
759408
759466
759468
759469
759532
759534
759543
759605
759679
759968
760037
760038
760043
760107
760109
760110
760173
760175
760179
760243
760247
760248
760251
760309
760310
760311
760322
760374
760375
760378
760390
760403
760442
760445
760457
760512
760513
760587
760588
760663
760664
760745
760825
760835
760843
760851
760912
760934
761001
761002
761095
761273
761279
761358
761371
761460
761543
761610
761634
761636
770824
770834
770835
770845
770857
770888
770904
770926
770958
770990
771007
771009
771010
771011
771016
771021
771023
771037
771041
771043
771044
771045
771052
771071
771073
771074
771075
771077
771085
771093
771109
771114
771131
771144
771145
771146
771147
771148
771151
771155
771158
771183
771191
771192
771194
771221
771222
771223
771230
771256
771265
771266
771271
771273
771308
771309
771310
771312
771327
771350
771358
771359
771373
771412
771413
771415
771461
771470
771471
771472
771485
771522
771531
771532
771533
771534
771586
771592
771594
771595
771597
771598
771610
771657
771660
771661
771671
771678
771730
771731
771742
771797
771798
771799
771800
771861
771870
771875
771929
771930
771931
771939
771996
771997
771998
772000
772067
772068
772070
772137
772139
772140
772203
772205
772271
772411
772631
772829
772830
772897
772902
772905
772965
772966
772968
773033
773035
773036
773037
773099
773101
773106
773107
773173
773175
773176
773177
773180
773182
773246
773248
773249
773252
773253
773261
773320
773323
773324
773329
773400
773401
773482
773489
773493
773560
773563
773564
773640
773644
773645
773646
773649
773652
773729
773730
773732
773733
773738
773756
773818
773819
773820
773821
773822
773823
773851
773904
773908
773909
773910
773911
773912
773913
773914
773921
773927
773991
773994
773995
773996
773997
773998
773999
774004
774007
774079
774083
774084
774085
774086
774087
774088
774167
774170
774173
774176
774252
774261
774264
774265
774366
774367
775502
783379
783400
783410
783411
783415
783444
783451
783463
783476
783477
783479
783482
783502
783515
783518
783519
783521
783523
783527
783540
783541
783543
783544
783549
783561
783567
783568
783569
783570
783571
783587
783598
783599
783600
783603
783604
783605
783608
783627
783629
783630
783631
783632
783633
783634
783655
783659
783661
783662
783663
783666
783673
783690
783691
783692
783694
783695
783696
783697
783699
783706
783726
783727
783728
783729
783731
783739
783740
783764
783767
783768
783769
783770
783771
783772
783773
783774
783784
783806
783813
783814
783816
783818
783831
783853
783860
783861
783862
783863
783866
783867
783873
783904
783908
783912
783914
783920
783921
783965
783966
783970
783972
783983
784026
784027
784028
784031
784094
784096
784154
784156
784159
784216
784274
784276
784279
784336
784344
784346
784347
784414
784487
784560
784623
784631
784690
784706
784758
784762
784917
784969
784972
785101
785173
785359
785360
785367
785429
785438
785441
785499
785500
785501
785571
785573
785574
785575
785632
785648
785649
785650
785651
785653
785654
785725
785728
785729
785730
785731
785732
785733
785808
785810
785811
785812
785814
785816
785819
785822
785831
785888
785893
785894
785895
785896
785897
785899
785901
785902
785906
785976
785977
785979
785980
785981
785982
786000
786057
786058
786060
786061
786063
786064
786065
786067
786068
786075
786143
786144
786145
786147
786149
786150
786151
786152
786156
786165
786228
786229
786230
786231
786232
786234
786235
786236
786237
786254
786319
786320
786321
786323
786324
786327
786328
786408
786409
786411
786412
786413
786415
786416
786495
786496
786499
786500
786505
786506
786579
786582
786583
786584
786585
786586
786600
786662
786663
786664
786665
786668
786670
786671
786738
786739
786742
786743
786744
786745
786746
786747
786756
786760
786825
786831
786833
786835
786928
787101
787104
787381
787788
795760
795766
795775
795790
795801
795806
795810
795811
795814
795825
795826
795828
795832
795843
795855
795858
795866
795867
795869
795870
795871
795878
795883
795884
795885
795903
795905
795906
795908
795917
795918
795927
795932
795940
795954
795955
795957
795962
795963
795974
795977
795978
795983
795984
796003
796008
796009
796023
796024
796027
796034
796046
796047
796061
796062
796079
796081
796093
796094
796113
796119
796122
796124
796158
796167
796168
796170
796172
796211
796215
796259
796312
796327
796370
796386
796476
796479
796494
796504
796552
796564
796617
796618
796675
796889
797187
797244
797304
797541
797547
797563
797603
797605
797679
797680
797684
797695
797696
797767
797770
797771
797772
797837
797840
797841
797842
797843
797845
797914
797919
797921
797922
797927
797928
797989
797999
798000
798003
798005
798006
798085
798086
798087
798091
798092
798094
798099
798106
798166
798169
798170
798171
798172
798174
798181
798249
798251
798252
798253
798254
798259
798279
798332
798333
798334
798337
798338
798346
798416
798417
798420
798425
798427
798436
798505
798506
798507
798509
798510
798511
798591
798594
798596
798597
798599
798609
798611
798679
798680
798681
798683
798684
798761
798764
798765
798767
798770
798846
798847
798850
798858
798910
798916
798917
798918
798919
798922
798986
798988
798989
798990
798993
798995
798998
798999
799069
799070
799072
799073
799074
799075
799076
799089
799090
799154
799156
799159
799160
799161
799166
799170
799173
799239
799247
799248
799249
799251
799253
799255
799256
799259
799263
799266
799330
799349
799351
799427
799435
799528
799628
799827
799925
799926
807981
807985
807987
807997
807998
807999
808000
808002
808006
808008
808010
808011
808018
808019
808029
808031
808032
808038
808040
808041
808046
808055
808057
808059
808065
808066
808068
808076
808077
808093
808098
808100
808129
808131
808137
808141
808146
808147
808148
808176
808180
808182
808188
808204
808205
808207
808225
808229
808248
808250
808252
808254
808263
808279
808280
808293
808308
808310
808319
808347
808348
808394
808401
808433
808439
808440
808442
808445
808476
808483
808485
808488
808489
808493
808499
808536
808537
808538
808547
808548
808582
808583
808586
808587
808591
808592
808599
808649
808695
809207
809460
809523
809562
809566
809576
809581
809596
809643
809647
809649
809656
809711
809719
809720
809732
809733
809799
809802
809805
809810
809813
809817
809822
809836
809877
809879
809885
809888
809890
809891
809892
809901
809916
809955
809964
809967
809970
809972
809973
809976
809983
810053
810054
810055
810056
810060
810136
810139
810141
810215
810219
810220
810226
810229
810302
810309
810315
810384
810394
810461
810473
810615
810618
810623
810701
810703
810705
810777
810788
810795
810852
810853
810854
810855
810856
810858
810864
810918
810925
810926
810927
810928
810930
810931
810952
810998
811005
811006
811007
811008
811009
811012
811025
811026
811079
811085
811086
811087
811088
811089
811100
811117
811166
811168
811169
811170
811171
811172
811183
811189
811255
811256
811257
811258
811260
811268
811269
811350
811351
811442
811453
811539
819832
819836
819842
819843
819844
819852
819861
819862
819863
819864
819881
819895
819904
819906
819916
819921
819946
819951
819954
819962
819965
819966
819984
819991
819995
820017
820044
820074
820077
820083
820086
820090
820091
820099
820100
820131
820150
820158
820181
820209
820218
820219
820225
820253
820254
820276
820299
820301
820335
820336
820337
820348
820387
820388
820389
820396
820435
820438
820499
820644
820770
820860
821178
821203
821245
821246
821253
821277
821279
821318
821319
821321
821326
821355
821392
821396
821400
821414
821477
821482
821491
821508
821510
821567
821568
821569
821729
821736
821738
821811
821812
821824
821880
821892
821957
821984
822040
822063
822065
822066
822067
822073
822127
822222
822282
822286
822288
822358
822439
822444
822445
822462
822517
822518
822519
822525
822538
822577
822579
822580
822590
822636
822637
822638
822640
822641
822648
822708
822709
822710
822711
822713
822718
822721
822784
822785
822788
822789
822790
822793
822794
822868
822869
822870
822871
822872
822874
822959
822962
822963
822964
822966
822967
822968
822969
823045
823056
823057
823155
823156
823162
823247
831307
831308
831309
831310
831311
831314
831317
831318
831322
831323
831324
831325
831326
831330
831331
831332
831333
831335
831337
831338
831341
831344
831348
831354
831363
831368
831413
831427
831506
831516
831523
831536
831549
831581
831585
831602
831608
831615
831629
831638
831639
831651
831652
831673
831675
831677
831698
831713
831719
831720
831748
831749
831750
831759
831793
831794
831798
831800
831836
831929
832116
832473
832548
832552
832623
832626
832627
832628
832699
832704
832711
832780
832786
832863
832866
832944
833192
833210
833216
833219
833272
833279
833280
833300
833351
833355
833378
833435
833436
833448
833510
833513
833589
833663
833742
833747
833808
833815
833816
833818
833823
833839
833877
833878
833879
833884
833895
833935
833936
833940
833941
833943
833944
833945
833951
834004
834006
834011
834014
834015
834016
834017
834018
834091
834094
834095
834096
834097
834100
834102
834103
834185
834187
834188
834189
834191
834195
834196
834201
834281
834282
834284
834285
834287
834373
834376
834379
834381
834382
834383
834384
834467
834468
834469
834471
834472
834552
834556
834557
834558
834566
834639
834645
842453
842458
842459
842461
842467
842468
842469
842474
842479
842498
842508
842539
842577
842596
842665
842666
842668
842685
842688
842691
842710
842713
842716
842717
842733
842739
842740
842755
842767
842769
842771
842772
842801
842808
842875
842915
842963
843098
843099
843147
843196
843303
843307
843341
843348
843363
843370
843404
843409
843470
843471
843473
843475
843476
843477
843479
843545
843546
843547
843548
843550
843562
843564
843621
843622
843623
843643
843699
843702
843703
843704
843715
843781
843782
843785
843817
843867
843869
843870
843874
843880
843896
843953
843954
843955
843967
844032
844033
844034
844040
844047
844048
844115
844116
844119
844125
844127
844192
844193
844194
844195
844196
844198
844199
844203
844206
844274
844275
844276
844277
844279
844283
844286
844289
844355
844356
844369
844373
844389
844523
844579
844581
844650
844660
844724
844744
844795
844796
844803
844851
844856
844857
844858
844860
844868
844919
844926
844927
844929
844930
844934
844938
845000
845008
845009
845010
845012
845015
845017
845087
845093
845094
845096
845099
845100
845101
845103
845104
845108
845187
845191
845192
845193
845195
845196
845197
845201
845286
845288
845290
845292
845293
845294
845295
845296
845376
845377
845378
845379
845380
845381
845460
845462
845464
845465
845466
845541
845543
845544
845545
845546
845620
845622
845623
845705
853315
853320
853326
853327
853335
853337
853340
853384
853406
853462
853475
853498
853517
853556
853558
853564
853579
853589
853596
853708
853726
853791
853837
853900
853991
854026
854031
854035
854037
854051
854083
854084
854087
854088
854089
854090
854091
854107
854109
854146
854147
854150
854151
854152
854153
854154
854164
854215
854217
854219
854220
854221
854223
854227
854229
854246
854289
854291
854292
854294
854298
854365
854366
854367
854369
854372
854381
854440
854441
854452
854524
854527
854603
854610
854611
854682
854684
854685
854689
854690
854763
854764
854765
854767
854768
854769
854773
854776
854844
854847
854848
854850
854856
854930
854931
854932
854933
854934
854940
855012
855014
855015
855017
855019
855089
855093
855103
855180
855183
855311
855376
855439
855441
855443
855444
855457
855505
855506
855511
855518
855575
855577
855581
855582
855585
855653
855657
855658
855660
855661
855662
855663
855675
855736
855738
855739
855743
855744
855745
855746
855748
855749
855750
855819
855827
855829
855832
855833
855834
855835
855838
855840
855914
855917
855918
855921
855923
855924
855925
856001
856002
856003
856005
856006
856007
856008
856011
856012
856084
856085
856086
856087
856088
856089
856156
856157
856158
856165
856167
856235
856238
856239
856244
856245
856321
856322
856323
856408
856413
863931
863971
864006
864261
864381
864420
864449
864450
864463
864491
864492
864493
864499
864505
864522
864538
864539
864542
864543
864545
864550
864565
864595
864598
864599
864601
864602
864610
864612
864630
864662
864663
864664
864666
864667
864668
864669
864670
864674
864677
864694
864733
864734
864735
864736
864739
864740
864741
864742
864743
864745
864763
864764
864808
864809
864810
864812
864816
864839
864886
864890
864892
864897
864901
864970
864971
864972
865050
865052
865056
865061
865137
865138
865140
865143
865217
865218
865219
865222
865234
865295
865297
865299
865300
865301
865303
865371
865372
865373
865374
865380
865384
865449
865454
865455
865456
865458
865459
865460
865461
865463
865531
865539
865540
865551
865604
865610
865625
865647
865648
865683
865688
865756
865757
865763
865835
865841
865844
865845
865850
865905
865906
865912
865916
865920
865922
865960
865966
865968
865970
865971
865972
865974
866037
866039
866040
866041
866042
866043
866044
866058
866107
866113
866114
866115
866116
866117
866118
866190
866191
866195
866197
866198
866220
866261
866262
866263
866264
866272
866273
866331
866332
866333
866335
866336
866337
866338
866339
866403
866404
866407
866443
866480
866481
866482
866484
866485
866563
866564
866565
866569
866653
866654
866655
866749
874262
874263
874265
874271
874281
874284
874289
874296
874414
874426
874611
874640
874641
874642
874643
874644
874651
874683
874684
874687
874688
874689
874690
874692
874694
874728
874734
874737
874738
874739
874740
874741
874742
874743
874757
874761
874799
874800
874801
874802
874805
874806
874807
874808
874824
874827
874870
874872
874873
874874
874875
874876
874877
874878
874881
874939
874941
874942
874943
874944
874945
874946
874947
874948
874953
874954
875016
875017
875018
875019
875022
875023
875026
875047
875095
875096
875097
875098
875101
875105
875122
875167
875168
875171
875172
875174
875175
875176
875177
875178
875180
875254
875255
875256
875257
875264
875265
875330
875331
875332
875334
875337
875338
875341
875406
875407
875408
875409
875411
875412
875476
875479
875483
875486
875487
875488
875489
875490
875491
875492
875493
875565
875566
875569
875576
875582
875590
875597
875598
875644
875650
875659
875669
875726
875728
875740
875799
875801
875805
875811
875821
875876
875879
875885
875947
875949
875954
876014
876015
876016
876025
876087
876088
876090
876091
876093
876094
876108
876163
876164
876165
876166
876167
876168
876170
876171
876172
876234
876235
876236
876237
876240
876241
876242
876244
876245
876246
876310
876311
876312
876313
876314
876317
876322
876323
876386
876387
876388
876389
876394
876396
876462
876463
876464
876465
876466
876539
876540
876548
876549
876624
876625
876626
876627
876628
876629
876708
876711
876713
876714
876797
876798
876804
876888
876889
884387
884461
884482
884568
884572
884597
884600
884601
884606
884615
884618
884631
884632
884634
884635
884636
884637
884638
884646
884654
884655
884670
884672
884674
884675
884676
884677
884678
884680
884683
884696
884698
884723
884724
884725
884726
884727
884728
884729
884730
884731
884733
884749
884778
884781
884782
884784
884785
884827
884836
884839
884842
884843
884844
884845
884847
884871
884894
884897
884900
884901
884902
884958
884960
884961
884962
884963
884966
884970
885014
885015
885018
885020
885021
885022
885023
885024
885025
885027
885029
885058
885086
885089
885090
885091
885092
885094
885097
885156
885158
885161
885163
885167
885172
885237
885238
885242
885243
885249
885250
885309
885314
885321
885323
885324
885325
885326
885338
885339
885394
885399
885402
885403
885404
885405
885407
885411
885475
885480
885482
885490
885553
885557
885560
885584
885624
885628
885629
885630
885693
885698
885699
885704
885706
885711
885713
885762
885767
885769
885770
885771
885775
885776
885782
885840
885841
885844
885845
885846
885847
885848
885851
885857
885877
885910
885911
885913
885915
885917
885918
885919
885921
885922
885923
885986
885988
885989
885990
885991
885992
885993
885994
885998
885999
886063
886064
886066
886067
886068
886069
886073
886075
886133
886140
886141
886142
886143
886144
886145
886217
886218
886219
886227
886296
886297
886299
886300
886301
886303
886378
886379
886381
886404
886468
886469
886637
886731
894201
894205
894216
894219
894221
894222
894236
894237
894238
894239
894240
894241
894242
894243
894259
894260
894263
894264
894265
894266
894267
894268
894281
894283
894290
894293
894294
894295
894296
894297
894298
894300
894302
894303
894307
894317
894324
894325
894326
894327
894330
894331
894332
894338
894345
894351
894364
894367
894368
894369
894370
894371
894372
894375
894377
894382
894397
894407
894409
894410
894413
894414
894416
894417
894422
894440
894453
894454
894456
894457
894458
894459
894460
894461
894462
894463
894464
894465
894466
894476
894492
894503
894504
894508
894512
894513
894533
894563
894564
894565
894572
894598
894627
894628
894631
894635
894641
894647
894696
894698
894699
894706
894713
894714
894771
894774
894777
894780
894783
894784
894833
894851
894852
894853
894855
894856
894919
894920
894924
894925
894927
894937
894987
894988
894991
894993
894996
894997
894999
895003
895054
895056
895060
895062
895063
895064
895065
895068
895119
895121
895122
895126
895127
895128
895129
895132
895138
895191
895193
895194
895195
895196
895201
895207
895215
895258
895262
895264
895265
895266
895267
895270
895271
895277
895295
895337
895338
895339
895340
895341
895343
895348
895350
895410
895412
895413
895414
895415
895416
895417
895418
895425
895427
895489
895491
895493
895494
895495
895498
895570
895571
895572
895574
895579
895580
895651
895652
895653
895655
895656
895733
895736
895738
895739
895906
895999
903423
903431
903432
903434
903437
903438
903443
903446
903450
903452
903454
903457
903461
903464
903469
903473
903477
903478
903479
903480
903486
903494
903495
903496
903499
903500
903501
903502
903503
903504
903506
903508
903509
903519
903520
903523
903525
903526
903527
903528
903529
903530
903531
903532
903535
903536
903549
903551
903552
903555
903556
903559
903561
903563
903567
903569
903572
903586
903587
903588
903589
903591
903592
903593
903594
903596
903603
903607
903611
903622
903623
903624
903626
903627
903628
903631
903632
903634
903635
903639
903642
903657
903658
903660
903661
903662
903666
903669
903673
903679
903680
903701
903702
903704
903709
903723
903747
903748
903749
903750
903752
903800
903802
903803
903863
903865
903866
903867
903872
903926
903934
903935
903936
903941
903994
903995
903997
904001
904009
904010
904051
904052
904057
904058
904059
904060
904064
904068
904108
904112
904113
904114
904122
904126
904135
904171
904172
904173
904174
904175
904183
904184
904235
904236
904241
904242
904243
904244
904245
904250
904304
904305
904306
904307
904308
904310
904313
904319
904329
904376
904377
904380
904381
904382
904383
904384
904385
904386
904390
904452
904453
904454
904455
904456
904457
904458
904459
904461
904464
904529
904530
904533
904535
904536
904614
904615
904619
904699
904782
912248
912249
912251
912253
912260
912267
912269
912271
912277
912285
912292
912294
912297
912298
912299
912311
912312
912313
912316
912317
912324
912332
912334
912335
912336
912341
912342
912344
912346
912347
912352
912358
912359
912361
912366
912367
912368
912373
912376
912378
912392
912393
912394
912395
912399
912400
912403
912404
912406
912407
912408
912427
912428
912429
912430
912432
912434
912435
912436
912437
912438
912439
912440
912441
912442
912443
912462
912463
912464
912465
912466
912468
912469
912473
912474
912475
912478
912485
912505
912506
912507
912508
912520
912543
912544
912545
912546
912547
912589
912590
912591
912592
912594
912630
912632
912634
912637
912672
912678
912679
912681
912724
912726
912732
912734
912769
912773
912775
912776
912784
912789
912829
912833
912835
912836
912837
912840
912843
912856
912894
912895
912896
912897
912899
912902
912921
912960
912962
912963
912964
912965
912966
912968
912989
912993
913031
913032
913034
913035
913037
913038
913039
913041
913043
913044
913053
913063
913105
913106
913109
913110
913111
913112
913113
913115
913122
913184
913185
913189
913193
913261
913335
913345
913417
920859
920862
920876
920888
920892
920894
920906
920913
920914
920933
920935
920951
920952
920962
920965
920969
920984
920994
920996
921000
921001
921004
921022
921023
921030
921032
921035
921036
921039
921047
921064
921065
921068
921073
921074
921078
921080
921092
921108
921111
921112
921113
921114
921115
921116
921117
921118
921119
921122
921126
921155
921156
921157
921158
921159
921160
921161
921163
921167
921180
921198
921199
921201
921203
921205
921242
921245
921246
921248
921249
921252
921258
921289
921292
921293
921294
921299
921300
921303
921306
921337
921345
921346
921347
921354
921386
921389
921392
921397
921399
921436
921437
921440
921442
921445
921448
921449
921485
921489
921492
921494
921496
921498
921499
921500
921502
921503
921519
921555
921558
921560
921561
921563
921564
921565
921569
921570
921621
921624
921625
921628
921629
921631
921632
921636
921638
921653
921698
921699
921700
921701
921702
921708
921713
921768
921773
921775
921776
921778
922011
929345
929354
929359
929362
929363
929364
929369
929371
929386
929392
929393
929443
929444
929470
929511
929512
929520
929523
929552
929555
929562
929574
929594
929596
929598
929604
929607
929633
929637
929641
929647
929649
929676
929679
929680
929681
929682
929683
929685
929716
929718
929721
929723
929724
929725
929726
929728
929768
929770
929771
929772
929774
929775
929776
929777
929780
929781
929821
929824
929825
929826
929827
929829
929830
929832
929836
929872
929876
929877
929878
929882
929883
929886
929923
929924
929926
929927
929928
929932
929933
929972
929979
929982
929984
929985
929986
929998
930032
930040
930041
930044
930045
930099
930103
930107
930108
930110
930112
930162
930169
930172
930173
930175
930178
930179
930199
930239
930240
930241
930242
930243
930249
930308
930314
930376
930379
930397
937590
937613
937626
937665
937694
937712
937720
937760
937797
937803
937805
937809
937838
937839
937840
937847
937884
937887
937895
937898
937905
937921
937928
937929
937935
937939
937940
937971
937973
937974
937977
937979
937980
937983
938013
938021
938022
938025
938027
938065
938066
938071
938072
938074
938075
938076
938077
938079
938125
938126
938127
938128
938129
938174
938177
938179
938180
938181
938182
938185
938233
938236
938237
938248
938284
938293
938296
938297
938299
938346
938357
938358
938359
938368
938411
938422
938424
938428
938437
938487
938492
938493
938616
945433
945450
945460
945469
945473
945499
945500
945529
945533
945536
945543
945569
945570
945575
945617
945628
945643
945684
945692
945705
945713
945737
945746
945785
945789
945790
945831
945832
945834
945835
945836
945842
945850
945869
945880
945881
945882
945926
945928
945929
945931
945932
945943
945981
945982
945983
945984
945985
945986
946035
946036
946038
946040
946042
946044
946086
946089
946090
946093
946104
946147
946149
946150
946152
946227
946353
946355
952933
952952
952956
952962
952968
952997
953022
953028
953059
953064
953065
953067
953074
953098
953102
953109
953110
953111
953112
953150
953159
953196
953249
953283
953323
953325
953327
953369
953372
953373
953386
953429
953473
953580
953587
953846
953847
953854
954273
960212
960214
960220
960260
960265
960289
960292
960322
960324
960328
960329
960353
960362
960363
960366
960399
960401
960444
960446
960490
960500
960502
960619
960622
960623
960670
960675
960678
960679
960743
960845
961038
961120
967408
967458
967459
967461
967493
967522
967537
967555
967556
967596
967601
967647
968113
968114
968334
968670
968732
974623
974626
974627
974630
974633
974643
974650
974662
974685
974688
974712
974713
974756
974796
974890
974937
974979
975021
975029
975077
981730
981743
981744
981757
981758
981770
981774
981783
981805
981839
981853
981930
981999
982009
982021
982053
982152
982199
982434
982871
988668
988676
988680
988683
988687
988693
988704
988707
988726
988744
988759
988793
988798
988802
988849
988866
988877
988881
988915
989004
989011
989028
989065
989069
989120
989209
995426
995429
995437
995482
995522
995542
995549
995661
995678
995716
995717
996265
996451
1.002e+06
1.002e+06
1.00201e+06
1.00203e+06
1.00206e+06
1.00207e+06
1.00208e+06
1.00211e+06
1.00211e+06
1.00212e+06
1.00217e+06
1.00226e+06
1.00233e+06
1.00287e+06
1.00298e+06
1.00852e+06
1.00853e+06
1.00854e+06
1.00854e+06
1.00856e+06
1.00868e+06
1.00914e+06
1.01471e+06
1.01472e+06
1.01473e+06
1.01473e+06
1.01473e+06
1.02064e+06
1.02649e+06
1.03194e+06
