159679
159954
159956
170063
170150
170151
214006
214013
214210
225352
225450
225459
226388
237108
237211
237421
249185
249187
249188
249496
249605
250353
250453
261375
261377
261479
261480
261582
261584
261681
261683
261687
261790
261792
261797
261897
261899
262002
262003
273752
273753
273852
273853
273854
274059
274166
274267
274268
274474
286226
286227
286228
286329
286330
286331
286332
286433
286438
286439
286541
286562
286739
286742
298636
298637
298744
298752
298846
298855
299045
299054
299142
299154
299244
299352
311056
311149
311150
311152
311159
311162
311252
311267
311274
311360
311455
311466
311550
311650
311758
311770
311871
311872
311997
323690
323691
323696
323798
323805
323809
323811
323902
323903
323910
323911
324007
324008
324010
324011
324110
324111
324113
324203
324209
324420
324424
324431
324536
324537
324540
324542
324643
324645
324648
324649
324651
324652
324755
336583
336584
336684
336688
336690
336789
336790
336791
336800
336891
336898
336991
336992
336993
336999
337094
337095
337100
337102
337110
337199
337206
337209
337210
337211
337212
337213
337215
337216
337218
337306
337314
337315
337318
337422
337429
337431
337435
337533
337534
337547
337641
337642
349600
349611
349699
349700
349701
349799
349800
349801
349898
349900
349904
349905
349906
349907
350009
350012
350016
350018
350109
350116
350117
350118
350122
350123
350133
350225
350226
350229
350233
350330
350331
350332
350333
350334
350335
350336
350337
350440
350445
350546
362784
362785
362884
362886
362988
362990
363093
363098
363100
363202
363203
363206
363208
363211
363212
363304
363305
363306
363307
363309
363313
363409
375859
375949
375951
376051
376052
376053
376148
376151
376163
376164
376167
376257
376266
376269
376361
376362
376365
376457
376458
376459
388845
388930
389123
389125
389127
389139
389140
389223
389328
402096
402098
402099
402107
402200
402205
402490
402778
428884
441345
441346
455405
494726
