461143
461144
461219
461431
461501
473973
474209
474213
474350
474416
474426
474486
486832
486921
487090
487175
487176
487255
487261
487331
487341
487405
487407
487483
487485
487550
487617
487738
488086
500103
500189
500191
500277
500278
500281
500356
500357
500440
500441
500521
500596
500597
500670
500743
500750
500751
500815
500823
500825
500948
513481
513482
513488
513562
513563
513642
513643
513644
513645
513728
513729
513731
513810
513812
513891
513962
513966
513970
514032
514037
514039
514040
514045
514099
514106
514107
514110
514173
514242
514309
514372
514484
526842
526843
526925
526926
526927
526929
526934
527009
527012
527013
527027
527094
527095
527101
527102
527104
527110
527111
527177
527255
527263
527270
527323
527327
527333
527395
527396
527403
527405
527471
527474
527475
527476
527807
528043
540360
540375
540448
540449
540450
540451
540531
540532
540533
540534
540535
540536
540539
540612
540614
540615
540616
540618
540619
540620
540621
540622
540623
540624
540628
540694
540699
540700
540701
540703
540711
540768
540769
540772
540774
540776
540777
540778
540784
540785
540851
540853
540854
540855
540856
540923
540924
540925
540928
540929
540930
540931
540936
540944
541002
541006
541007
541082
541151
541349
541408
541409
553924
554009
554010
554011
554092
554093
554094
554095
554168
554172
554173
554174
554247
554249
554252
554254
554255
554260
554325
554326
554327
554328
554330
554331
554332
554346
554402
554403
554404
554406
554407
554415
554481
554482
554485
554486
554487
554494
554554
554557
554560
554563
554566
554633
554635
554638
554639
554640
554641
554703
554706
554708
554711
554713
554782
554859
567532
567618
567702
567781
567784
567859
567860
567862
567863
567932
567935
567936
567937
567939
568016
568017
568018
568023
568096
568168
568171
568329
568395
568453
581342
581343
581345
581414
581416
581417
581491
581492
581502
581566
581568
581576
581644
581926
581979
582036
594847
595223
595353
621632
622114
635618
649181
661806
662321
675369
676229
703236
703380
703386
717216
730463
730536
743440
756627
757176
769313
769315
769397
769482
769642
769793
781745
782068
782159
794053
794129
806173
829505
