665147
665463
665531
665693
678255
678441
678865
678938
678940
679008
679009
679085
679160
679161
679235
679236
679312
691302
691456
691508
691509
691562
691563
691615
691616
691731
691794
692244
692311
692384
692759
692910
692914
692915
692991
693063
693373
704910
704949
705058
705147
705195
705244
705299
705357
705409
705468
705523
705594
705651
705654
705794
705865
705871
706066
706137
706284
706513
706514
706957
706959
707032
707039
707271
718410
718412
718586
718722
718772
718773
718873
718923
718928
719163
719164
719232
719235
719299
719363
719364
719432
719569
719645
719720
719795
719798
719873
719951
720248
720251
720321
720323
720397
720402
720403
720474
720480
720490
720552
720553
720557
731725
731860
731920
731952
731957
731983
731989
731991
731994
732025
732029
732032
732149
732150
732194
732477
732802
732872
732928
732936
733010
733012
733075
733084
733155
733161
733232
733306
733379
733385
733451
733458
733459
733460
733529
733531
733532
733538
733608
733680
733684
733749
733751
733830
733913
745179
745184
745217
745218
745253
745965
746029
746036
746101
746104
746172
746176
746177
746178
746180
746320
746321
746322
746389
746393
746461
746465
746525
746532
746533
746602
746671
746677
746740
746742
746744
746766
746815
746821
746825
746889
746890
746898
746964
747037
747042
747043
757940
757946
757954
757976
758056
758108
758122
758124
758159
758223
758224
758272
758280
758353
758544
758715
758893
758896
758897
758898
758899
758968
758970
758983
759041
759042
759043
759102
759106
759107
759109
759171
759173
759179
759181
759184
759258
759323
759325
759454
759462
759520
759593
759595
759745
759748
759750
759818
759823
759888
759891
759963
759965
760035
770868
770869
770884
771307
771466
771649
771651
771653
771663
771715
771721
771722
771729
771784
771785
771787
771788
771789
771790
771792
771850
771853
771854
771855
771862
771919
771984
771985
771991
771995
772053
772064
772121
772186
772187
772273
772322
772412
772471
772473
772476
772480
772481
772547
772555
772556
772615
772616
772686
772688
772827
783392
783397
783423
783425
783595
784013
784014
784016
784072
784074
784076
784086
784139
784148
784202
784204
784206
784207
784210
784266
784337
784342
784406
784410
784411
784417
784427
784473
784475
784485
784538
784543
784544
784551
784676
784748
784761
784812
784815
784816
784885
784886
784887
784955
784957
784958
784960
785018
785023
785024
785026
785028
785087
785088
785090
785156
785157
785217
785220
785288
795763
796075
796115
796160
796303
796304
796306
796307
796308
796358
796359
796364
796366
796372
796414
796418
796419
796423
796428
796480
796486
796542
796543
796610
796670
796683
796804
796813
796819
796886
796947
797023
797113
797155
797156
797159
797229
797236
797291
797294
797296
797351
797424
797481
797484
797550
797558
797992
798090
808275
808526
808531
808639
808690
808869
808872
808874
808941
808944
808997
808998
809001
809013
809014
809065
809066
809067
809068
809071
809131
809134
809135
809137
809186
809197
809201
809256
809262
809268
809270
809280
809321
809329
809330
809386
809446
809448
809502
809503
809522
809572
809573
809574
809578
809648
809651
809653
809662
809726
809729
809731
809808
809809
819972
819992
820055
820249
820250
820284
820289
820296
820330
820334
820383
820431
820439
820479
820480
820487
820577
820587
820590
820643
820648
820650
820654
820705
820706
820707
820715
820730
820768
820771
820794
820826
820893
820944
820947
820948
820954
820955
821001
821002
821007
821010
821119
821181
821251
821252
821262
821329
821330
821331
821409
821410
821411
821487
821488
831576
831633
831668
831674
831751
831795
831796
831833
831839
831840
831841
831843
831847
831878
831886
831888
831889
831933
831943
831985
831986
831988
831989
832042
832047
832051
832067
832102
832157
832177
832209
832210
832328
832417
832418
832650
842798
842799
842834
842866
842873
842962
842987
842996
842999
843007
843045
843050
843299
843323
843412
843570
843647
843654
843794
853599
853626
853665
853736
853752
853776
853888
853903
853981
854451
854530
864196
864248
864275
864340
864383
864618
864978
874525
874697
885036
