86095
103661
112670
120970
121898
130263
131199
131296
139629
140254
140260
140546
141208
141221
159848
160389
160751
171131
180777
181057
181061
191838
191914
191924
191931
192892
193111
202820
202925
202933
203008
204347
214196
214200
215210
226684
226787
237806
237915
238012
238108
238541
238542
238671
238758
238866
239065
249891
250000
250306
250310
250416
250420
250631
250742
261769
261874
262080
262180
262278
262379
262385
262481
262590
262601
262702
274244
274444
274538
274638
274742
274853
274954
275180
286914
287125
287128
