27528
32442
37652
37653
37711
37786
49432
54616
54774
54775
55324
61204
61258
61311
61419
62319
62379
62515
62578
68259
68315
69621
69622
75780
75843
75963
76018
76076
76197
76264
76655
76664
76983
83578
83587
83634
83643
83705
83765
83825
83890
84083
84085
84086
84087
84088
84092
84153
84170
84222
84223
84304
84638
91723
91840
91849
91928
92251
92324
92325
92397
92399
92684
92752
93107
99734
100312
100379
100396
100446
100456
100519
100522
100525
100597
100599
100689
100743
100818
100819
100820
100825
100895
100896
100976
101054
101055
101119
101703
108658
108707
109150
109222
109288
109293
109295
109342
109347
109353
109423
109426
109500
109577
109579
109659
109660
109729
109812
109887
110038
110110
118168
118312
118437
118461
118511
118518
118528
118594
118599
118604
118670
118671
118749
118751
118828
118829
118837
118907
118910
119071
119225
119294
127374
127432
127699
127770
127849
127919
127990
128072
128073
128078
128147
128154
128158
128160
128231
128233
128235
128241
128243
128321
128326
128327
128401
128481
128482
128563
128642
128646
128712
128787
137287
137308
137364
137379
137380
137385
137386
137455
137457
137529
137530
137606
137608
137759
137766
137842
137844
137845
137847
137930
137932
137997
138002
138003
138004
138084
138170
138249
138323
138325
138326
138396
146800
146989
147324
147326
147346
147422
147423
147424
147476
147500
147502
147511
147565
147578
147583
147651
147802
147808
148206
157377
157395
157403
157453
157469
157474
157479
157530
157535
157547
157548
157602
157609
157626
157703
157704
157766
157939
157940
158021
158028
158105
158815
167826
167975
167992
168054
168056
168060
168061
168139
168315
168399
168563
178724
178808
178810
178819
178899
178983
178984
179147
179382
189626
189972
190057
190217
190218
190395
190487
200613
200685
200707
200765
200853
201036
201376
201377
211964
212046
212226
212396
212561
212730
223717
235360
235361
235362
235699
