182814
192116
203309
214684
226260
226262
226263
226370
226479
226693
238032
238342
238676
238786
250326
250430
250431
250538
250652
250654
250973
250976
261783
262096
262200
262293
262394
262395
262502
262614
262718
262719
262726
263390
274458
274556
274653
274759
274865
274866
275083
275187
275188
275521
287035
287037
287135
287254
287362
287471
287580
287582
287691
287695
287803
288013
288016
288017
288025
299035
299044
299556
299659
299660
299661
299662
299665
299770
299771
299772
299880
299882
299883
299884
299892
299902
299995
299996
299997
300108
300110
300111
300113
300213
300220
300221
300433
300435
300542
300544
300546
300547
300548
300658
311452
311638
311860
312078
312187
312191
312192
312193
312300
312301
312302
312303
312304
312305
312403
312412
312415
312416
312418
312522
312525
312530
312629
312748
312752
312761
312861
312864
312975
313080
313185
313190
313191
313297
313298
324301
324304
324411
324516
324518
324519
324520
324624
324627
324736
324740
324844
324845
324960
324961
324962
324964
325072
325073
325074
325075
325176
325185
325206
325300
325302
325406
325413
325521
325741
325742
325746
325853
325857
326073
326482
337089
337194
337309
337405
337509
337512
337514
337516
337532
337614
337618
337720
337826
337943
337959
338050
338052
338053
338152
338153
338160
338161
338162
338271
338377
338491
338501
338597
338709
338743
338830
338958
339063
339168
339276
350524
350530
350628
350630
350632
350634
350635
350734
350855
350961
350962
350964
351069
351184
351194
351276
351376
351382
351383
351386
351489
351594
351825
352076
363388
363590
363592
363593
363596
363598
363600
363700
363725
363800
363916
363937
364025
364135
364232
364252
364339
364341
364445
364448
364552
364661
364753
364764
364869
364874
376638
376654
376754
377070
377157
377161
377162
377166
377261
377262
377269
377373
377381
377478
377679
377782
377887
377888
378102
389310
389407
389410
389411
389514
389708
389711
390021
390107
390416
390525
390602
390703
390818
390915
402276
402277
402289
402473
402475
402476
402481
402573
402765
402865
402869
402870
403543
403746
415311
415321
415326
415411
415508
415609
415901
415903
415996
416004
416008
416092
416312
428532
428533
428534
428641
428749
428856
428862
429061
429062
429063
429275
429497
441771
441773
441775
441874
441875
441878
441879
442107
442210
442298
442302
442411
442525
442527
455076
455078
455181
455290
455388
455496
456010
467984
468089
468091
468591
481149
481247
481249
481459
481562
481747
481910
494720
494808
494809
495066
507833
520865
521213
