79402
79476
79558
79735
79738
79822
104305
104306
104312
104397
104398
104489
104583
104593
113255
113351
113448
113449
113548
113549
122488
122584
122694
122786
122803
122882
131980
131988
132082
132181
132283
132286
132289
141719
141822
141824
141929
142033
142134
142230
151636
151744
151746
151848
151850
151953
151954
161758
161862
161864
161967
162066
172151
172259
172354
172456
182732
182827
182933
183042
183053
193748
193959
193962
204786
204886
204993
205103
216276
216382
227659
227760
227973
239649
239767
