25160
25264
35126
39380
39785
40495
45058
45644
49749
49823
49891
51317
56093
56097
56164
56165
56166
56169
56238
56239
56915
56998
57398
62767
62913
62918
62987
62988
62991
63062
63063
64867
65427
69745
69829
69831
69896
69898
69911
69977
69988
70054
70055
70125
70130
70135
70206
70223
70291
70359
71254
71906
77336
77564
77718
77799
77800
77887
77958
77961
78280
78281
78709
78789
79312
85590
85592
85672
85673
85676
85677
85683
85756
85757
85760
85841
86004
86091
86772
86777
87138
87554
87635
88079
93557
93785
93786
93864
93865
93866
93949
93950
94030
94118
94385
95016
95203
102160
102219
102300
102383
102385
102469
102471
102499
102557
102643
102818
102917
103003
103013
103281
103379
103474
103750
104031
104283
104467
110818
110899
111055
111220
111221
111225
111299
111300
111382
111383
111464
111465
111466
111551
111642
111644
111741
111921
112112
112768
113228
113807
113810
119948
120114
120277
120438
120440
120520
120521
120603
120604
120610
120686
120687
120689
120778
120780
120867
120870
120878
120975
121153
121425
121426
121429
121520
121526
121616
122463
122565
122660
129315
129316
129741
129915
129916
129923
130000
130004
130005
130086
130087
130088
130169
130180
130255
130259
130439
130541
130723
130821
130914
131475
131948
132049
132147
132160
139355
139358
139363
139444
139445
139533
139715
139716
139734
139806
139821
139896
139897
139900
139991
140073
140080
140640
141307
141689
141792
148661
149008
149083
149092
149353
149357
149437
149438
149528
149530
149626
149643
149713
149715
149803
149804
149807
150076
150159
150164
150270
150441
150549
151321
151516
151517
151609
151709
159392
159483
159496
159573
159575
159579
159665
159666
159667
159845
159846
159847
159932
159938
159948
160030
160033
160113
160124
160299
160560
160649
160743
160744
161339
161539
161635
161830
169870
169957
170044
170049
170133
170221
170222
170232
170237
170306
170309
170319
170324
170392
170403
170405
170406
170484
170495
170496
170945
170956
171030
171123
171224
171225
171226
171233
171745
171851
171937
171942
180688
180690
180770
180775
180861
180862
180865
180866
180872
180950
180952
180953
180956
180963
180972
181040
181041
181231
181322
181422
181513
181520
181604
181685
181787
181897
182006
182118
182213
182219
182517
182529
182609
182617
182703
191535
191536
191538
191628
191629
191636
191649
191721
191733
191814
191815
191821
191828
191830
191907
191910
192017
192097
192192
192385
192480
192572
192672
192673
192676
192780
192786
192887
192889
192894
192997
192999
193218
193425
193427
193522
202716
202720
202721
202723
202813
202819
202824
202830
202907
202908
202911
202915
202920
203012
203191
203192
203291
203588
203595
203603
203690
203691
203795
203796
203797
203902
203904
203905
203906
203907
204015
204016
204020
204026
204127
204133
204232
204233
204236
204243
204563
204659
213987
213988
213989
214081
214082
214084
214090
214091
214180
214189
214190
214191
214279
214282
214283
214378
214379
214473
214479
214487
214488
214569
214578
214665
214765
214778
214877
214976
214979
215083
215086
215087
215088
215090
215192
215193
215196
215197
215198
215200
215305
215306
215307
215308
215309
215310
215415
215416
215417
215418
215419
215527
215529
225537
225626
225629
225634
225727
225730
225735
225737
225739
225740
225742
225833
225838
225839
225840
225842
225845
225848
225852
225941
225943
225944
225951
226054
226143
226145
226151
226245
226249
226350
226455
226456
226565
226566
226668
226671
226672
226781
226782
226784
226785
226786
226893
226894
226897
226898
226902
227003
227004
227005
227015
227107
227108
227201
237396
237488
237593
237596
237597
237598
237701
237703
237805
237808
237809
237810
237811
237812
237917
238009
238014
238215
238448
238652
238653
238658
238759
238764
238775
238957
249677
249685
249686
249695
249999
250100
250105
250201
250324
250741
261866
261868
261869
261887
261981
