2940
3125
6775
6884
9074
9107
9116
9177
9332
9371
11961
12079
12115
12162
12165
12207
15226
15227
15275
15400
15402
15404
15445
15452
15454
15492
15496
15497
18900
18993
19127
19128
19129
19134
19175
19178
19179
19182
19228
22992
23039
23093
23241
23243
23244
23247
23294
23306
23308
27728
27730
27731
27734
27783
27784
27788
27791
27845
27848
27854
27904
27954
27958
27959
28018
28022
28080
28081
28140
32612
32670
32671
32672
32674
32675
32677
32733
32736
32741
32799
32912
32915
32916
32918
32977
33044
33045
33116
38023
38024
38025
38026
38027
38085
38086
38087
38091
38092
38097
38152
38153
38154
38156
38159
38214
38276
38278
38332
38337
38339
38403
38411
38473
38474
38545
43730
43731
43735
43792
43794
43799
43807
43808
43857
43859
43861
43863
43864
43865
43925
43988
43990
44053
44054
44194
44265
49799
49804
49863
49864
49867
49872
49885
49928
49931
49932
49936
49999
50001
50069
50207
50283
50359
56223
56231
56289
56290
56291
56293
56294
56296
56298
56363
56436
56442
56505
56506
56582
56583
56584
56654
56655
56732
62350
62973
63041
63042
63044
63045
63047
63117
63118
63121
63122
63123
63193
63340
63418
70038
70107
70121
70184
70185
70186
70188
70192
70263
70264
70266
70268
70270
70340
70420
70587
70736
77092
77619
77698
77699
77709
77779
77781
77790
77859
77860
77944
78101
85491
85572
85576
85652
85656
85671
85735
85817
93132
93687
93766
93768
93771
93846
93848
94013
102282
102369
102374
102375
102449
102536
102893
111203
111282
111366
111373
111376
120420
120516
120587
120669
120865
120948
129983
130068
130154
130155
130238
130239
130242
130333
130425
130426
130427
130518
130519
138829
139712
139791
139792
139880
139882
139883
139972
140060
140143
148559
148895
160103
