28967
38859
44989
51100
56240
57481
71680
77252
77640
77643
78872
79251
85512
94126
103390
103391
103844
111491
111737
111927
112767
120787
120969
130273
130447
130542
130543
130637
130731
131386
131477
131571
140079
140081
140165
140172
140258
140263
140267
140269
140353
140354
140355
140545
140557
141207
141306
150082
150165
150167
150168
150258
150259
150266
150352
150356
150547
150643
151121
151224
159668
159758
159759
159935
160386
160387
160388
160393
160472
160475
160566
160567
160652
160675
160756
160849
169960
170041
170046
170783
170860
170862
170869
170872
170952
170954
170955
170957
170958
171031
171040
171134
171135
171142
171343
171852
180411
180888
181062
181424
181532
181612
181686
181694
181696
181697
181788
181797
181798
181799
181903
182004
182113
182324
182325
191167
192023
192109
192201
192295
192482
192493
192573
192578
192585
192674
192679
192681
192776
192778
192785
192789
192790
192793
192891
192897
193109
193217
203009
203110
203112
203202
203203
203313
203492
203494
203696
203700
203702
203800
203802
203803
203813
203814
203909
203910
203914
203915
203920
204024
204025
204146
214394
214396
214409
214477
214490
214491
214492
214882
215089
215092
215098
215194
215202
215203
215204
215205
215206
215316
215317
215634
225850
225851
225860
225954
225956
226059
226061
226243
226467
226572
226679
226686
226788
226789
226790
226791
226792
226794
226901
226903
226910
227117
227208
227307
237412
237607
237611
237710
237711
237909
237918
237921
238008
238019
238021
238023
238109
238111
238117
238120
238217
238218
238219
238220
238221
238225
238324
238329
238330
238332
238341
238431
238433
238435
238436
238437
238438
238544
238549
238551
238552
238555
238651
238655
238659
238660
238768
238770
238861
238869
238960
238966
249379
249589
249688
249789
249794
249795
249893
249894
249896
249900
249901
249998
250002
250007
250009
250013
250112
250113
250117
250124
250203
250204
250212
250213
250224
250305
250312
250314
250315
250317
250415
250419
250519
250520
250521
250525
250632
250634
250637
250639
250640
250641
250646
250653
250658
250747
250748
250749
250757
250848
250853
250955
261974
261978
261979
261980
261982
261989
262081
262082
262083
262091
262093
262099
262107
262182
262183
262184
262185
262194
262198
262281
262282
262283
262288
262295
262384
262397
262482
262485
262486
262588
262592
262597
262598
262607
262705
262706
262710
262711
262816
262818
262819
262831
262928
262932
262949
263037
263145
263147
263148
274038
274340
274445
274539
274540
274544
274640
274641
274643
274745
274746
274747
274748
274847
274849
274850
274851
274852
274956
274957
274958
274959
274960
274963
274978
275061
275062
275063
275064
275066
275068
275168
275172
275282
275390
286519
286617
286713
286729
286808
286809
286811
286907
286912
286922
287015
287016
287026
287124
287132
287234
287236
287344
287345
287347
287455
287456
287458
287564
299126
299216
299429
299535
299643
311629
362976
