254015
267820
278395
278623
279106
291483
291585
291671
291765
303346
303349
303457
303458
303459
303473
303564
303566
304069
304239
304597
315500
315596
315907
316007
316009
316122
316218
316220
316221
316224
316316
316320
316410
316411
316502
317347
328332
328333
328746
328849
328852
328947
329041
329135
329228
329231
329424
329426
340501
341127
341134
341243
341348
341749
341854
341953
341954
341955
342047
342050
342344
342419
342433
342854
354007
354008
354009
354015
354134
354228
354237
354635
354834
354933
366821
366826
366927
366938
367050
367155
367161
367162
367268
367269
367384
367385
367479
367480
367573
367787
367790
367804
367893
367894
367895
367900
367903
367999
368100
368197
368294
368295
368392
368485
379954
380057
380169
380505
380724
380819
380821
380927
380928
380932
381031
381032
381034
381038
381041
381134
381231
381326
381422
381425
392745
392858
392963
393071
393174
393193
393197
393287
393497
393601
393703
393704
393705
393706
393810
393812
393819
393822
393921
394024
394025
394026
394124
394128
394132
394235
394248
394249
394325
394326
394422
394423
394425
394508
394522
405653
405764
405867
405871
405990
406075
406184
406282
406287
406289
406388
406389
406499
406586
406587
406588
406589
406692
406693
406696
406698
406800
406808
406905
407006
407011
407099
407100
407107
407186
407198
407215
407285
407298
407300
407301
407392
418605
418710
418810
418818
418914
418916
419019
419129
419234
419235
419338
419340
419341
419364
419443
419445
419446
419465
419544
419545
419546
419547
419551
419558
419636
419645
419751
419829
419839
419924
419926
419930
419931
419932
419935
420019
420020
420033
420121
420133
420137
420151
420220
420231
420232
420234
420326
420328
420434
431689
431690
431692
431797
431799
431801
431804
431806
431902
431904
431910
431911
431922
432004
432009
432218
432330
432431
432433
432434
432435
432436
432535
432539
432544
432546
432553
432563
432644
432647
432649
432651
432652
432661
432663
432753
432755
432756
432758
432779
432868
432948
432960
433040
433046
433048
433136
433140
433141
433144
433158
433225
433240
433241
433321
433332
433420
433581
433583
444961
444968
445056
445066
445159
445267
445366
445367
445368
445370
445466
445468
445470
445471
445472
445473
445479
445573
445574
445577
445579
445583
445584
445591
445672
445680
445681
445682
445683
445684
445688
445692
445695
445782
445789
445792
445796
445797
445803
445886
445894
445895
445899
445992
446103
446201
446287
446381
446384
446392
446470
446472
446476
446484
446657
446732
446733
446738
446828
446830
446831
457986
458086
458183
458290
458381
458482
458485
458486
458487
458488
458593
458595
458596
458597
458604
458696
458697
458700
458701
458702
458703
458704
458708
458801
458802
458804
458807
458808
458810
458811
458812
458814
458815
458824
458825
458908
458914
458916
458917
458918
458919
458921
458925
459007
459008
459015
459017
459018
459020
459021
459022
459023
459030
459117
459118
459122
459123
459125
459228
459230
459334
459421
459522
459615
459619
459708
459710
459715
459802
459820
459898
459899
459988
459989
471380
471382
471478
471579
471580
471684
471689
471690
471691
471788
471789
471794
471795
471798
471799
471801
471894
471901
471903
471905
471907
471910
471914
471915
471994
471999
472001
472002
472005
472006
472009
472093
472100
472102
472104
472122
472209
472216
472310
472312
472314
472315
472416
472417
472502
472505
472506
472517
472519
472608
472611
472614
472620
472625
472707
472710
472798
472800
472803
472806
472895
472982
472985
473236
484520
484819
484823
484824
484929
484931
484932
485028
485035
485036
485037
485038
485039
485050
485130
485133
485139
485141
485142
485150
485226
485228
485231
485235
485236
485242
485336
485338
485339
485340
485546
485548
485550
485650
485652
485653
485661
485735
485737
485738
485739
485744
485748
485831
485832
485833
485837
485838
485839
485858
485927
485930
485931
485936
486015
486017
486018
486019
486101
486102
486197
486522
497913
498002
498005
498107
498117
498211
498308
498318
498320
498403
498404
498409
498411
498412
498413
498414
498415
498417
498430
498505
498511
498512
498513
498514
498516
498520
498521
498524
498610
498616
498617
498619
498620
498621
498622
498626
498717
498899
498900
498901
498902
498913
499000
499001
499004
499010
499100
499105
499184
499186
499189
499191
499276
499281
499282
499366
499367
499368
499445
499447
499615
499707
511129
511224
511317
511404
511496
511499
511588
511591
511594
511595
511596
511600
511601
511691
511692
511696
511697
511698
511700
511706
511714
511793
511796
511798
511800
511801
511815
511891
511898
511904
511997
512000
512001
512002
512003
512019
512100
512194
512201
512280
512281
512283
512295
512370
512372
512387
512459
512462
512543
512555
512717
512720
512802
512890
524542
524554
524641
524650
524732
524835
524836
524933
524951
525041
525139
525140
525141
525142
525149
525242
525243
525246
525248
525253
525344
525345
525346
525347
525442
525443
525529
525622
525798
526161
538044
538045
538143
538144
538145
538146
538150
538151
538242
538244
538247
538249
538347
538349
538350
538446
538447
538550
538648
538650
538659
538752
538754
538755
538757
538764
538856
538857
538858
538861
538963
538964
539063
539240
539330
539427
539691
539776
551555
551638
551639
551640
551731
551733
551832
551834
551835
551934
551940
552030
552052
552132
552137
552223
552224
552228
552230
552322
552329
552434
552998
565256
565346
565439
565539
565634
565729
565736
565821
565835
565933
578940
578941
579024
579025
579027
579028
579123
579124
579311
579773
579863
592456
592558
592659
607342
646972
660097
660193
660485
673691
673790
673888
674073
687090
687618
700605
