13402
21078
21217
25206
25258
25315
25316
25432
30022
30029
34830
34952
35014
35073
35075
40430
40484
46139
46213
46272
46854
46855
52209
52372
52556
52562
58696
58772
59116
59441
65359
65431
65437
65439
65448
65507
65524
65593
65670
65721
65732
65808
65857
65932
66016
66204
70209
72486
72564
72631
72641
72654
72797
72873
72876
72956
73019
73082
73150
73156
73229
73501
75256
79985
79998
80145
80215
80220
80221
80304
80308
80457
80458
80460
80530
80534
80539
80589
80601
80602
80608
80655
80665
80670
80742
80743
80818
80822
80891
81031
87915
87939
88020
88095
88169
88251
88319
88332
88419
88421
88488
88496
88498
88500
88501
88569
88571
88638
88639
88640
88645
88705
88711
88793
96351
96531
96609
96621
96629
96716
96718
96780
96791
96794
96864
96878
96880
96881
96882
96950
97032
97189
97269
97354
97371
100050
100175
104922
104941
105009
105021
105022
105194
105308
105309
105394
105395
105471
105485
105488
105495
105553
105555
105568
105569
105570
105571
105572
105579
105632
105633
105634
105643
105644
105645
105653
105726
105904
105981
108161
109120
113985
113988
113990
114067
114078
114085
114162
114164
114175
114179
114273
114361
114362
114364
114449
114450
114451
114454
114457
114461
114519
114533
114535
114536
114544
114605
114622
114623
114624
114628
114706
114712
114713
114802
114806
114887
117685
118212
118280
118426
121346
123115
123116
123151
123217
123387
123396
123402
123487
123500
123583
123587
123669
123670
123672
123674
123675
123745
123755
123759
123763
123764
123843
123846
123848
123849
123850
123852
123855
123938
124025
124102
124116
127114
127116
127815
129242
132617
132618
132628
132733
132918
133024
133115
133116
133203
133209
133210
133275
133290
133291
133297
133375
133376
133377
133378
133381
133466
133467
133652
133829
136682
136746
136802
137288
138861
139627
139717
142282
142674
142681
142683
142684
142783
142784
142787
142789
142877
142969
143055
143064
143128
146613
146729
146732
146796
147329
148840
148998
149171
149184
149355
152519
152608
152621
152624
152726
152826
152911
152998
153086
153363
156728
156788
156789
156838
156849
156898
156904
156959
156967
157226
157300
158461
159484
159487
159577
159582
159677
159933
160134
162323
162635
162742
162857
162947
163035
163122
163128
163214
163284
163374
163600
163687
163697
167063
167122
167180
167188
167241
167248
167310
167376
167741
168043
168843
169958
169959
169970
170055
170136
170137
170311
170325
170408
170417
170493
170494
170586
170596
170696
172831
173043
173153
173226
173243
173244
173319
173334
173335
173413
173418
173505
173507
173610
173704
173705
177704
177826
178550
178568
179040
179113
179226
180127
180489
180588
180681
180682
180685
180772
180773
180774
180778
180782
180785
180786
180788
180794
180878
180879
180968
180970
180971
180974
180980
181065
181135
181148
181237
181335
183305
183511
183530
183731
183821
183841
184023
184104
184190
184272
184405
184795
188344
188716
188717
188738
188800
189014
189550
189691
189866
190025
191075
191248
191549
191551
191631
191632
191633
191635
191647
191648
191724
191726
191727
191728
191729
191731
191732
191749
191831
191832
191833
191836
191908
191922
192113
192114
192200
194119
194223
194456
194459
194560
194562
194662
194665
194943
194944
195026
195039
195130
195131
195335
199827
200049
200530
200843
200920
201008
201244
202636
202718
202733
202734
202818
202826
202917
202923
202924
202927
202928
203005
203011
203018
203020
203034
203109
203118
203216
203219
205391
205501
205713
205723
205816
206085
206098
206100
206173
206188
206195
206197
206302
206500
211073
211146
211454
211799
211850
211942
214085
214087
214088
214089
214094
214097
214098
214099
214100
214102
214184
214185
214187
214199
214201
214208
214209
214287
214288
214291
216545
216680
216899
217006
217110
217111
217203
217207
217301
217390
217391
217401
217502
217503
217591
217600
217602
218128
221928
221932
222564
222629
222767
222833
223524
223768
225447
225544
225548
225549
225550
225639
225641
225642
225643
225645
225646
225649
225654
225732
225733
225743
225744
225745
225835
225847
225942
225949
225955
226043
226055
226149
226155
226251
226259
227920
228065
228286
228586
228622
228705
228729
228825
229016
229122
229124
229231
229856
233700
233712
234037
234879
235331
237196
237198
237199
237203
237214
237296
237307
237397
237398
237399
237400
237401
237403
237405
237499
237500
237503
237504
237505
237506
237508
237510
237511
237519
237595
237605
237606
237610
237613
237700
237702
237705
237707
237708
237709
237714
237715
237723
237802
237813
237815
237819
237907
237914
237916
237920
237925
238017
238018
238115
238118
238119
238226
238228
238336
238535
240056
240062
240395
240397
240626
240811
240821
240824
240911
240913
240915
241014
241146
241453
241554
241664
245319
245710
245785
245858
245926
246461
246465
246853
247377
247379
247458
247459
247728
248375
248472
249281
249285
249362
249377
249378
249385
249476
249480
249483
249501
249581
249582
249588
249608
249687
249693
249694
249698
249708
249783
249784
249788
249792
249799
249800
249830
249912
249913
249997
250005
250109
250110
250129
250210
250215
250740
251711
251928
252060
252067
252505
252625
252737
252936
253030
253034
253042
253145
253146
253147
253149
253154
253155
253485
257661
257927
257936
258000
258070
258076
258483
258784
259020
259106
259544
259552
260009
260863
260938
261266
261274
261283
261365
261566
261571
261575
261662
261671
261682
261768
261773
261777
261778
261779
261872
261873
261881
261882
261885
261971
261984
261986
261987
261999
262077
262088
262090
262095
262192
262195
262289
262386
262387
263470
263696
263805
263910
264010
264346
264605
264808
264923
265023
265026
265117
265121
265229
265345
265357
265441
265461
265779
270206
270218
271466
271467
271814
271815
271910
271915
272010
272012
272020
272363
273542
273751
273847
273938
273960
274049
274138
274148
274151
274157
274237
274241
274242
274248
274251
274342
274343
274344
274350
274351
274355
274356
274371
274758
274858
275399
275500
275613
275716
275829
275942
276056
276058
276066
276169
276282
276283
276296
276385
276389
276735
276747
276953
277374
277472
277476
277477
277479
277593
277595
277597
278144
282362
282625
282915
284395
284398
284399
284400
284484
284488
284489
284500
284586
285116
285808
286121
286234
286418
286517
286520
286523
286526
286615
286619
286622
286624
286718
286721
286722
286724
286815
286818
286824
286913
286915
287021
287131
287143
287258
287267
287673
287793
287890
287999
288117
288220
288221
288236
288333
288334
288444
288445
288558
288564
288674
288790
288791
288888
288890
288891
288999
289000
289005
289009
289109
289111
289216
289220
289327
289328
289435
289436
289542
289544
289654
289736
289745
289824
289830
289841
289842
289937
290061
290064
290154
290262
295503
295590
295835
295840
296265
296910
296912
297187
297353
297362
297364
298531
298927
298928
298930
298934
299022
299029
299030
299041
299114
299214
299221
299222
299252
299319
299329
299334
299337
299426
299439
299440
299446
299540
299542
299650
299653
299654
299765
299864
300091
300210
300212
300314
300320
300418
300531
300532
300640
300642
300750
300756
300857
300859
300965
300975
301079
301197
301307
301416
301426
301523
301526
301645
301646
301745
301749
301753
301857
301861
301866
301972
301973
301974
301975
302083
302086
302191
302194
302286
302287
302291
302302
302483
302589
302612
302803
308373
309513
309514
309539
309606
309615
309678
309785
309870
309871
310056
310144
310247
310338
311141
311244
311250
311447
311731
311841
311845
311846
311956
312068
312069
312073
312181
312286
312287
312508
312511
312620
312628
312630
312631
312734
312741
312742
312745
312845
312847
312853
312855
312957
312962
313065
313389
313818
314161
314257
314380
314482
314596
314601
314709
314718
314818
314825
315242
315343
317375
321181
322242
322247
322249
322338
322345
322509
322510
322513
322697
322700
322701
322705
322783
322981
322985
323078
323079
323176
323177
323188
323282
323590
324309
324393
324397
324398
324501
324507
324613
324616
324726
324742
324833
324943
325055
325066
325167
325168
325174
325282
325283
325394
325509
327225
327327
327328
327434
327564
327649
327755
327845
328170
328391
334118
335121
335389
335390
335491
335496
335588
335590
335594
335682
335781
335976
335977
335979
336076
336787
336976
337071
337078
337091
337177
337178
337282
337284
337289
337388
337401
337494
337601
337603
337707
337712
337821
337931
338032
338039
338040
340111
340436
340538
348111
348117
348211
348213
348310
348318
348322
348324
348404
348595
348611
348699
348891
348894
348895
348995
348996
349094
349098
349103
349205
349672
349876
349888
349902
349998
350087
350094
350095
350205
350224
350409
350733
350843
351057
353515
353735
361195
361294
361296
361392
361409
361483
361501
361502
361597
361600
361690
361695
361789
361790
361882
361883
361884
362084
362168
362183
362287
362387
362487
362561
362756
362862
362975
363077
363082
363176
363278
363280
363287
363386
363487
365589
365919
366656
366657
366771
374592
374593
374611
374612
374684
374695
374696
374698
374701
374780
374782
374785
374790
374877
374882
374891
374971
374973
374977
374978
374983
375074
375378
375464
375552
375580
375652
375671
375748
375833
375927
376245
376449
376539
376846
377153
379670
381191
385319
387701
387800
387801
387802
387881
387890
387893
387969
387977
387983
388063
388074
388077
388078
388086
388254
388261
388348
388358
388451
388454
388455
388458
388463
388540
388543
388635
388646
388726
388727
388818
388819
389120
389340
389505
389517
389518
389526
389605
389617
389618
392578
392679
392685
392802
398697
400742
400743
400834
400926
400927
400928
400933
400958
401011
401022
401023
401024
401030
401100
401101
401106
401190
401196
401290
401304
401366
401371
401376
401454
401455
401467
401477
401640
401641
401731
401745
401830
402085
402185
402283
402372
402382
402383
402474
402571
402572
403362
405371
405372
405478
413807
413808
413810
413990
413996
414074
414163
414243
414254
414332
414342
414416
414426
414506
414599
414695
414798
415149
415215
415217
415223
415306
415312
415317
415320
418421
419186
424817
425365
426854
426938
426951
427028
427114
427203
427213
427291
427386
427477
427571
427763
428034
428135
428221
428225
428228
428238
428323
428326
428425
428426
428431
428432
428436
428437
428530
428538
428660
432604
438052
440114
440118
440122
440201
440209
440213
440564
440577
440655
440657
440749
441326
441327
441335
441344
441438
441446
441656
441660
441986
442096
447479
451378
451382
451644
451741
453277
453279
453280
453284
453370
453631
453920
454522
454535
454634
454854
454865
454968
464492
464590
464953
466221
466305
466309
466478
466486
467646
467999
477592
477770
478039
479724
480709
480710
480926
481139
492547
492733
494307
494409
506283
506365
506453
507247
507347
521219
539097
560150
574183
