53723
60319
74496
74533
74541
74567
74593
74594
74596
82220
82221
82251
82252
82284
90222
90226
90228
90305
90399
98701
98777
98827
107307
107358
107402
107408
107411
107621
116212
116375
116427
116482
116572
125585
125588
125901
134968
135033
135095
144842
144905
144910
144969
145150
145253
145444
154627
154779
154851
154852
155107
155219
155390
155461
155497
155512
155515
164731
165304
165420
165474
165477
165516
165530
165565
165566
165612
165726
165729
165748
165753
165754
165758
174902
175148
175389
175467
175669
175731
175794
175897
175899
175959
176101
176137
176199
176219
176223
176226
185526
185617
185701
186026
186184
186255
186393
186396
186457
186458
186514
186562
186614
186616
186729
186772
186820
186822
186827
186864
186867
186871
186931
186946
196553
196721
196812
197059
197145
197212
197213
197281
197346
197701
197758
197895
197900
197935
197958
197964
207636
207813
207814
207908
207910
208245
208246
208323
208456
208701
208769
209044
209087
209118
209120
218965
219065
219157
219159
219333
219417
219494
219884
219955
219962
220016
220385
230501
230509
230596
230604
230698
230705
230795
230797
230880
230967
231207
231289
231372
231452
231531
232000
232001
232006
232043
232048
242408
242486
242490
242495
242582
242588
242671
242759
243006
243084
243745
243811
243868
243875
243969
243987
244021
244025
254513
254514
254602
254604
254696
254790
255034
255188
255267
255343
255344
255646
255771
255828
255835
255885
255945
255949
255992
255996
256001
256003
256046
256089
256093
256100
256104
266734
266830
266831
266924
267015
267197
267199
267288
267450
267534
267621
267699
267771
267837
267842
268075
268081
268097
268127
268133
268134
268135
268183
268202
268234
268236
268242
268282
268283
268284
268288
268289
268325
268336
268370
268424
279126
279220
279222
279317
279321
279581
279660
279832
279916
280145
280156
280157
280210
280333
280336
280391
280394
280455
280474
280520
280574
280575
280631
280688
280700
280735
280740
280834
291693
291694
291783
291870
291957
291958
292044
292049
292130
292138
292214
292294
292302
292370
292371
292453
292455
292461
292525
292531
292610
292665
292726
292735
292859
292864
292923
292991
293116
293212
293214
293215
303981
304078
304087
304169
304258
304260
304261
304262
304350
304352
304443
304448
304530
304534
304617
304770
304771
304853
304854
304928
304929
304943
305000
305015
305072
305075
305077
305135
305207
305208
305279
305297
305348
305351
305492
305552
316726
316922
316923
316925
316934
317013
317015
317017
317022
317105
317107
317108
317113
317362
317444
317448
317452
317521
317526
317679
317737
317895
317968
318048
329547
329641
329643
329645
329732
329819
329823
329824
330071
330081
330150
330155
330229
330235
330302
330371
330446
330523
330681
331272
342454
342541
342629
342710
342712
342713
342793
342893
342957
343103
343173
343253
343485
343561
355355
355529
355531
355709
355711
355800
355816
355883
355885
355954
355956
355964
356026
356029
356031
356033
356041
356178
356256
356326
356402
356482
356483
356900
356906
357004
368517
368606
368624
368697
368704
368785
368787
368871
368879
368954
369029
369099
369162
369166
369170
369242
369246
369249
369251
369323
369326
369781
369851
369852
369988
370038
370246
381834
381916
381917
382001
382002
382146
382151
382217
382220
382297
382302
382378
382463
382547
382548
382784
382790
394819
394822
394906
394912
394981
394982
394983
395049
395196
395200
395270
395275
395352
407677
407754
407755
407833
407914
407916
407999
408075
408080
408081
408159
420753
420754
420755
420839
420922
420923
420925
420994
420999
421894
422080
434031
434280
473621
473797
473881
