168393
179233
225149
237105
262978
263415
263638
271329
272310
272396
272471
273757
274871
275211
275553
276450
276560
276793
284615
286037
286129
287398
297212
298344
298442
298445
298448
298449
298541
299262
302133
302138
310634
310953
310954
311061
311069
311160
311168
311272
311376
311472
311573
311673
311675
311776
311781
314956
315171
321930
322106
322177
323412
323486
323498
323597
323600
323708
323715
323815
323818
323820
323827
323925
323927
324125
324224
324333
334773
335043
335242
336094
336115
336193
336290
336293
336314
336387
336393
336489
336496
336499
336597
336598
336901
337111
338297
338406
340996
348051
349018
349220
349410
349411
349507
351518
361141
361233
361334
362491
362595
364160
366914
374135
374142
374722
374914
376768
376776
376781
377403
377502
380155
387340
389447
389543
389636
389637
389738
389838
389839
390246
390550
390554
393158
398873
400463
402597
402698
402708
402897
402898
406058
406272
411836
412447
415341
415437
415439
415531
415729
415736
415836
415840
416038
416126
416135
416229
426601
427493
428353
428675
428774
428787
429205
429410
438681
438691
440046
440149
441252
441354
441466
441569
441801
442231
445457
451676
451773
452041
453128
454335
454344
454437
454450
454774
456870
466767
467351
467352
467458
467463
467563
467565
467566
467666
479929
480414
480415
480419
480524
480628
480639
480834
480957
481065
493594
493595
493689
493694
493702
493711
493713
493795
493816
494124
497990
504200
506956
506957
506968
507052
507053
507068
507158
507161
507164
507169
507264
507267
519525
520183
520196
520272
520378
520389
520485
520693
520885
520976
521063
521144
522234
524719
532522
533527
533621
533634
533838
534112
534206
534212
534301
534475
534573
534759
535481
538126
538128
546775
546966
547164
547462
547557
547652
548221
551719
560448
560452
560652
560936
561923
562130
573804
573901
573907
574284
574384
575402
575510
575511
575620
575623
575724
575727
575939
578631
586897
587432
589274
600388
600566
600750
601620
601627
602024
602452
602561
605424
605796
605986
614042
614128
614142
614207
614678
614781
614974
615072
615469
615574
619674
627796
628514
628614
628618
628619
640493
642240
642344
654312
655112
655619
655728
655930
660079
660363
667448
668389
669190
669198
669397
669489
669589
669693
669995
673772
681819
681904
681905
681911
682704
682818
682992
683283
683387
683786
685725
686698
687057
695416
695423
695523
695611
695613
696296
696489
696494
696592
700588
700590
709000
709473
709573
709865
713920
722173
722266
722353
722356
722833
722834
722926
723706
727026
727292
734957
735116
735440
736017
736018
740528
748066
748071
748148
748850
752224
752620
753247
753433
761892
761983
764125
766196
766300
778902
791679
801824
802825
802836
803355
803459
803462
803564
814104
814725
815447
815448
826178
826372
827101
837651
838362
844986
848138
848318
848682
849005
849099
849297
849573
849676
849968
858523
859347
859553
859971
860076
860358
860645
861448
868217
868319
868507
869789
870467
870547
871905
879161
880186
880291
880495
880678
880774
881056
881430
881521
882131
889090
889178
889379
889939
890773
890774
890782
890883
891248
898375
899426
899444
900241
900889
905385
906470
908256
908513
908597
908684
908772
908876
909051
909133
909397
909585
909930
910175
910181
916065
916815
916915
916988
916992
917067
917418
917588
917701
917757
917922
918002
918011
918092
918094
918183
918269
918610
918861
923732
924337
925649
926171
926259
926428
926435
926438
926520
926521
926610
926880
926961
927480
931273
933053
933520
934309
934390
934397
934483
934569
934661
934743
934833
935010
935184
935257
935420
935674
938891
942046
942462
942633
942807
942888
943627
943725
950114
950183
950343
950383
950690
950750
951085
951168
951171
951234
951324
956784
956846
957595
957828
957923
958019
958080
958334
958435
958496
958501
961258
961396
964857
964952
965213
965303
968037
986182
997527
1.00323e+06
