22149
36661
42385
42431
42484
48309
48410
48412
48466
48467
48468
48469
48700
48766
54568
54669
54731
54776
54777
54832
54835
54841
54893
61420
61422
61475
61476
61478
61479
61480
61481
61533
61594
67914
68491
68548
68551
68601
68602
68603
68666
75712
76083
76094
76138
76200
82753
83508
83510
83569
83570
83704
83717
83830
83832
83896
83904
83963
91910
91978
91979
92048
92051
100141
100331
100386
100535
100610
109214
109435
109436
109512
117690
118451
118605
118754
127066
127840
128002
128081
128082
128163
136639
137522
137601
137767
137768
137934
147495
157546
168066
178652
189638
200776
211896
233526
234926
235371
246459
246889
247069
247333
258499
259416
259600
271427
271862
271864
283158
283334
284174
284267
284530
295693
295699
295768
296039
296125
296465
296862
308571
308769
308861
308925
308927
309014
309037
309191
309809
321120
321293
321296
321297
321298
321311
321315
321382
321474
321477
321485
321565
321571
321654
321655
321656
321753
321755
321829
321830
321850
321927
322006
322261
334055
334079
334146
334150
334230
334236
334238
334256
334257
334328
334416
334417
334423
334505
334508
334515
334589
334593
334684
334686
334772
334777
334862
334864
334944
347150
347230
347319
347326
347328
347331
347399
347402
347403
347404
347406
347408
347416
347486
347487
347489
347490
347491
347492
347572
347573
347574
347577
347578
347593
347664
347665
347673
347753
347757
347759
347849
359610
360396
360406
360409
360479
360480
360481
360482
360483
360484
360485
360487
360488
360492
360493
360494
360495
360566
360567
360568
360569
360575
360576
360577
360584
360657
360659
360662
360677
360752
360753
360754
360839
360840
360856
361027
361028
361029
372659
373684
373858
373859
373861
373864
373950
374039
374046
374130
374139
374229
374336
386621
386785
386794
386886
386961
386965
387041
387147
387228
387234
399358
399648
399910
399911
400009
400089
400176
400275
400288
400579
411985
412971
412982
413164
413178
413179
413180
413370
425663
425747
425752
425842
425849
425854
425941
425956
426027
426242
426326
426423
426709
438939
438940
439038
439131
439333
452111
452288
452290
452305
452381
452479
452484
452770
452773
465319
465337
465431
465505
465610
465692
465792
465975
478153
478244
478319
478591
478675
478679
478750
478764
478765
478854
491949
492212
505237
505308
505310
505408
505493
505680
505765
518304
518471
518475
518629
518647
518723
518898
519080
532086
532162
532237
545568
545807
546154
559221
559463
559810
559986
560083
585848
586027
586032
586111
586116
586202
586455
599261
599339
599426
599518
599604
599691
599701
599960
600043
612927
613017
613457
613540
613630
626844
627287
627618
640253
640329
640404
640409
640488
641441
641442
641827
653826
654061
654650
654917
655012
667525
667751
667752
667762
667834
668099
668100
680981
681049
681053
681199
681273
694583
694585
694653
708622
