396400
396404
409108
409408
421978
422034
422095
434978
435048
435051
435114
448320
448321
448323
448381
448386
448446
448562
461445
461446
461447
461510
461512
461513
461574
461932
474229
474230
474365
474432
474433
474438
474502
474509
474693
487113
487203
487428
487497
487498
487568
487569
487570
487571
487638
488043
500377
500380
500391
500691
500762
500763
500767
500835
501328
501329
501381
513664
513747
513762
513839
513912
513984
514054
514056
514266
514560
514823
526960
527031
527034
527035
527036
527044
527116
527117
527127
527199
527279
527347
527353
527354
527412
527418
527497
527934
527997
528052
528053
540401
540477
540553
540555
540556
540557
540565
540632
540635
540647
540715
540716
540723
540725
540788
540798
540799
540800
540866
540871
540876
540947
540951
541026
541230
541235
541475
541476
541479
541537
541703
553960
553962
553967
554042
554044
554047
554117
554119
554120
554124
554127
554194
554195
554199
554200
554201
554204
554274
554275
554276
554281
554282
554350
554351
554357
554426
554432
554505
554506
554512
554579
554583
554659
554722
554723
554725
554795
554798
554805
554985
555036
567393
567478
567479
567560
567561
567564
567644
567648
567649
567650
567727
567729
567732
567733
567734
567805
567811
567817
567885
567886
567888
567958
567960
567962
567965
568038
568047
568117
568119
568121
568188
568189
568191
568192
568199
568261
568262
568263
568265
568266
568268
568333
568516
568566
568573
580880
580963
580967
581047
581051
581052
581056
581129
581132
581133
581135
581136
581137
581210
581213
581215
581216
581217
581218
581220
581222
581291
581293
581294
581295
581296
581298
581367
581435
581436
581512
581515
581520
581522
581589
581590
581659
581661
581662
581663
581734
581735
581738
581743
581744
581802
581810
581813
581874
581934
594403
594477
594479
594480
594557
594560
594561
594637
594638
594641
594642
594643
594713
594717
594719
594720
594721
594722
594723
594797
594799
594801
594802
594804
594872
594873
594874
594937
594943
594950
595013
595025
595091
595094
595099
595100
595163
595165
595171
595178
595235
595243
595244
595247
595302
595308
595429
595433
595497
608243
608245
608303
608308
608311
608313
608315
608316
608317
608318
608379
608383
608388
608390
608450
608456
608457
608461
608518
608520
608521
608525
608582
608583
608584
608590
608591
608657
608658
608659
608665
608666
608731
608734
608736
608738
608739
608740
608814
608815
608816
608883
608932
608945
609003
609061
609062
609121
609390
621905
621981
622060
622066
622069
622089
622141
622142
622143
622158
622209
622211
622214
622277
622278
622279
622282
622285
622286
622287
622341
622345
622346
622347
622348
622354
622356
622411
622413
622414
622415
622483
622486
622487
622496
622547
622555
622613
622616
622676
635560
635633
635634
635639
635641
635642
635708
635709
635710
635717
635770
635778
635779
635780
635782
635786
635854
635855
635856
635857
635862
635863
635927
635928
635929
635936
635939
636002
636072
636084
636137
636138
636146
636147
648652
648665
648966
648971
648972
648973
649057
649058
649121
649138
649207
649216
649286
649357
649367
649429
649501
649565
649566
649633
649637
649705
649707
649713
662165
662247
662328
662346
662407
662409
662410
662417
662478
662485
662486
662548
662553
662563
662564
662633
662636
662638
662709
662787
662848
662860
662931
663178
663248
663302
675624
675702
675714
675787
675790
675791
675865
675869
675870
675942
675948
675949
676033
676102
676178
676183
676194
676253
676265
676340
676413
689121
689208
689209
689211
689279
689282
689289
689293
689370
689372
689373
689376
689377
689379
689381
689454
689456
689458
689460
689461
689462
689535
689536
689544
689617
689618
689625
689626
689687
689694
689702
689704
689780
689855
689918
690386
702739
702838
702925
702926
702927
702928
703005
703006
703008
703018
703019
703024
703096
703103
703104
703105
703106
703179
703184
703185
703194
703258
703260
703262
703263
703264
703329
703333
703334
703335
703412
703484
703550
703623
716355
716356
716357
716439
716440
716444
716515
716524
716525
716526
716532
716599
716600
716602
716609
716610
716611
716648
716686
716691
716692
716693
716695
716759
716760
716769
716779
716842
716843
716850
716902
716904
716907
716960
716963
717032
717035
717354
717413
729732
729733
729807
729811
729813
729895
729896
729897
729898
729899
729978
729979
729980
729981
729983
730050
730054
730055
730056
730057
730058
730125
730131
730133
730134
730138
730200
730202
730203
730273
730274
730347
730607
730741
730799
730816
742989
743077
743078
743080
743152
743157
743158
743159
743231
743232
743233
743307
743308
743309
743310
743311
743387
743388
743389
743390
743392
743463
743464
743465
743473
743474
743546
743609
743615
743683
743686
743692
743751
743757
743822
743828
743889
743957
743959
743960
744022
744023
744025
744026
744081
744091
755994
756075
756076
756154
756158
756160
756243
756244
756245
756323
756325
756326
756339
756403
756404
756406
756407
756408
756476
756478
756481
756484
756485
756486
756487
756488
756490
756491
756556
756559
756561
756562
756563
756566
756567
756568
756637
756638
756639
756707
756714
756715
756731
756784
756786
756792
756934
756998
756999
757018
757064
757066
757068
757122
768839
768920
768925
769007
769009
769010
769011
769092
769101
769102
769173
769174
769175
769178
769179
769180
769249
769252
769253
769254
769255
769256
769263
769274
769329
769331
769333
769334
769335
769338
769339
769346
769409
769413
769414
769415
769417
769486
769494
769495
769496
769498
769568
769569
769579
769648
769653
769655
769656
769728
769729
769730
769733
769797
769801
769803
769861
769863
769874
769918
769921
769922
769931
769981
770046
770047
770048
770056
781524
781525
781609
781610
781675
781688
781689
781766
781767
781769
781770
781772
781838
781842
781844
781845
781846
781847
781852
781853
781915
781920
781921
781922
781923
781924
781925
781926
781927
781931
781933
781997
781998
781999
782000
782001
782002
782003
782006
782014
782015
782075
782080
782082
782083
782084
782086
782087
782092
782154
782156
782161
782162
782163
782233
782238
782240
782241
782243
782311
782315
782319
782320
782383
782385
782386
782401
782457
782473
782517
782571
782579
782632
782633
782643
782695
793913
793990
793991
794073
794075
794150
794151
794224
794228
794229
794230
794231
794236
794238
794295
794303
794305
794306
794307
794308
794309
794310
794381
794383
794385
794387
794388
794389
794390
794391
794457
794458
794460
794465
794466
794468
794469
794482
794537
794539
794546
794547
794615
794616
794637
794689
794698
794709
794766
794768
794770
794834
794835
794894
794898
794900
794957
794958
794960
794967
795018
795019
806191
806192
806271
806279
806345
806424
806426
806502
806503
806577
806579
806587
806656
806657
806664
806733
806740
806741
806813
806818
806893
806896
806962
806964
807032
807033
807102
807103
807169
818067
818149
818225
818448
818686
818756
818757
818831
818832
818905
818975
819045
830116
830274
830339
841466
841535
841536
841609
841616
852287
852428
