35123
40700
58702
65660
66140
72479
72490
72568
73433
73504
73578
73655
80066
80369
80957
80962
81027
81029
81030
81177
87472
88236
88246
88315
88781
88866
88869
88946
88948
89023
89026
89099
89100
89101
89249
96617
97098
97190
97274
97275
97276
97279
97355
97356
97358
97359
97433
97437
97515
97592
104932
105897
105984
105991
106065
106069
106151
106228
113436
113972
114059
114875
114880
114962
114965
114966
114969
115054
115055
122664
122763
123038
123197
123920
124015
124106
124107
124108
124194
124195
124198
124284
132154
132260
132450
132451
132532
132704
132707
132801
133005
133542
133632
133633
133635
133636
133721
133724
133731
133732
141796
142014
142105
142200
142300
142378
142379
142459
142462
142665
143395
143396
143397
143403
143488
151918
151927
152212
152299
152496
152600
152601
153245
153249
153338
153339
153340
153341
153342
153439
153440
161928
162032
162033
162326
162327
162723
162732
162734
162827
162935
163197
163281
163375
163388
163479
163488
163581
172131
172622
172817
172818
172920
172923
173016
173023
173120
173130
173233
173679
173776
173778
173790
173882
173883
182894
183003
183211
183309
183311
183406
183509
183811
184185
184277
184283
184284
184370
184371
184381
184383
184476
184482
184489
193817
193943
194121
194331
194333
194441
194548
194647
194752
194841
194928
195023
195211
195308
195309
195314
195414
195415
195529
204762
204854
204953
204954
205055
205061
205157
205159
205265
205271
205372
205477
205478
205579
205585
205588
205790
205797
205995
206183
206474
206476
206485
206580
215950
216053
216235
216236
216254
216332
216335
216336
216339
216869
216872
217288
217294
217483
217582
217686
217781
217782
217783
217791
217890
217893
218315
227719
227819
227820
227942
228589
228704
228809
228908
228909
229005
229006
229105
229106
229108
229110
229208
229214
229216
229312
229316
229319
229413
229414
229420
229423
229519
229521
229523
229525
229529
229629
229638
239720
239819
240266
240378
240379
240384
240487
240488
240493
240598
240604
240709
240802
240803
240804
240896
240898
240899
240901
241010
241011
241018
241118
241122
241222
241225
241228
241229
241231
241325
241328
241426
241427
241428
241433
241434
241435
241533
241534
241535
241546
251721
251933
252270
252816
252817
252820
252824
252912
253015
253017
253018
253021
253024
253128
253129
253130
253131
253132
253236
253241
253246
253347
253348
253349
253350
253351
253457
253461
253561
253562
264460
264462
264574
264578
264579
264799
265105
265221
265328
265333
265432
265434
265435
