419386
432264
444601
444603
444605
444703
444800
444801
444802
444803
445515
457261
457263
457551
457925
457926
458965
470734
470916
471015
471020
471523
471524
483985
484160
484163
484172
484187
484369
484761
484871
497293
497301
497379
497384
497470
498156
498455
498765
510464
510543
510553
510554
510557
510619
510622
510623
510624
510625
510629
510633
510650
510701
510729
511353
511844
511848
511862
511945
511946
511950
511952
512044
512045
512149
523055
523610
523789
523796
523861
523863
523864
523865
523866
523871
523873
523874
523876
523878
523879
523880
523881
523882
523889
523942
523943
523946
523947
523948
523954
523963
523969
524027
524030
524210
524381
524388
524396
524592
524674
524773
525095
525185
525186
525192
536918
537281
537367
537368
537446
537450
537461
537468
537545
537796
537807
537889
538089
538182
538183
538185
538197
538284
538289
538292
538305
538306
538385
538386
538489
538495
538496
538598
538599
538605
538800
538801
549884
550011
550319
550320
550425
550524
550525
550709
551158
551404
551406
551411
551412
551492
551497
551499
551677
551678
551771
551772
551774
551775
551777
551790
551791
551874
552075
563817
564038
564042
565025
565101
565114
565115
565116
565117
565118
565119
565194
565207
565208
565209
565211
565220
565298
565307
565310
565380
565386
565388
565389
565684
565771
577917
578001
578515
578522
578523
578592
578595
578603
578604
578605
578607
578611
578612
578613
578688
578690
578691
578693
578694
578700
578788
578789
578791
578884
578888
579267
590828
591326
592026
592107
592108
592111
592112
592116
592201
592202
592203
592204
592205
592297
592299
592300
592301
592307
592406
592596
592604
592881
605755
605756
605757
605845
605847
605848
605849
605850
605851
605852
605857
605948
605949
605950
605951
606051
606053
606146
606239
606247
619248
619339
619340
619341
619344
619345
619347
619437
619441
619842
632689
632770
632772
632864
632865
632866
632867
632869
632872
632958
632959
632961
632963
632968
633056
646073
646337
646338
646428
646442
646447
646519
646522
646523
646536
646618
646627
646631
659756
659847
659848
659849
659940
659941
659943
660033
660231
660957
673081
673082
673177
673181
673270
673362
673370
673463
673547
673641
686473
686563
686660
686661
686751
700094
700106
700278
700284
700369
700460
