166006
209334
220635
220762
220791
221109
232424
244225
244322
244690
256314
256339
256340
256360
256392
268659
281210
281458
281591
281865
293716
293796
293980
306311
306316
306356
306444
306447
306489
306534
306637
306689
306737
306912
319037
319040
319079
319083
319130
319219
319225
319420
319585
319587
331784
331829
331830
331831
331832
331879
331882
332075
332079
332243
332407
332467
332527
344630
344634
344660
344696
344703
344739
344791
345272
345460
345584
357968
358093
358476
358539
383870
384586
384644
384753
384814
385217
385306
385360
385439
396965
397147
398597
398678
398759
398840
398924
409955
410005
410468
411732
411808
411809
422856
422906
424725
424800
424870
424889
425119
437509
437807
438034
438057
439100
451289
452089
464869
465297
476754
477957
490200
491541
503295
503377
516772
516779
516849
529915
530061
530063
530306
530308
543230
543509
543591
543593
543594
543658
543733
543734
543808
543812
543885
543891
543958
543968
543971
545391
556876
557024
557248
557315
557316
557386
557465
557534
557538
557541
557546
570341
570409
570476
570546
570679
570942
570944
570947
570948
571013
571018
571020
571111
583834
583902
583982
583987
584363
584364
584440
584600
597298
597370
597446
597842
597843
610850
611366
611443
624499
624939
625021
625687
638459
638460
