19343
23474
23539
28375
37448
37984
38183
43092
43100
43148
43151
43159
43247
43486
43627
43692
43757
43825
43893
44020
44100
44156
49256
49694
49764
50101
50110
50492
50497
55484
55487
55489
55544
55597
55645
55894
55963
56031
56115
56178
56179
56255
56469
56545
56546
56547
56552
56863
56948
62139
62203
62310
62315
62440
62574
62638
62640
62713
62782
62855
62856
62858
62932
63004
63008
63079
63159
63228
63239
63304
63311
63387
69111
69160
69162
69222
69286
69346
69408
69617
69687
69761
69836
69837
69839
69914
69991
69992
69996
69997
70059
70066
70069
70070
70072
70074
70146
70149
70298
70304
70310
70368
70375
70376
70455
70543
70793
70865
70867
76520
76576
76583
76638
76651
76706
76716
76775
76838
76847
76911
76974
76977
77051
77121
77126
77189
77191
77195
77269
77349
77426
77504
77512
77581
77586
77658
77663
77664
77665
77666
77740
77741
77745
77746
77748
77826
77830
77900
77902
77903
77908
77982
77983
77984
78064
78907
84296
84361
84362
84363
84366
84427
84432
84496
84498
84503
84560
84562
84568
84632
84692
84694
84758
84766
84839
84915
84974
84988
85059
85061
85142
85217
85302
85375
85376
85452
85458
85462
85535
85536
85539
85607
85613
85621
85697
85701
85704
85705
85712
85779
85780
85782
85791
85855
85864
85865
85868
85873
85947
85951
85952
86037
86038
86039
92469
92533
92535
92537
92541
92603
92604
92606
92607
92674
92676
92681
92742
92807
92810
92876
92953
92955
93017
93086
93087
93093
93100
93162
93170
93228
93241
93322
93403
93407
93486
93488
93567
93569
93570
93643
93646
93647
93649
93650
93716
93724
93729
93730
93732
93734
93740
93806
93810
93814
93815
93883
93899
93968
93977
93979
94065
94066
94068
94154
94158
94160
94249
94250
94592
94593
94698
100899
101044
101109
101113
101181
101185
101186
101189
101199
101261
101262
101327
101332
101392
101397
101399
101400
101469
101541
101544
101606
101608
101613
101620
101629
101680
101681
101688
101774
101847
101928
102006
102085
102088
102092
102166
102168
102169
102247
102251
102336
102411
102412
102419
102497
102505
102506
102586
102589
102593
102674
102675
102676
102677
102680
102682
102694
102768
102769
102771
102773
109736
109806
109807
109886
110032
110033
110105
110106
110118
110169
110177
110243
110247
110248
110249
110252
110310
110313
110315
110317
110322
110377
110378
110389
110444
110447
110449
110452
110520
110596
110668
110675
110679
110755
110757
110823
110841
110918
110920
110922
111000
111001
111004
111082
111164
111172
111332
111409
111410
111411
111415
111416
111497
111498
111499
111504
111587
111588
111589
111590
111592
111595
111682
111684
111685
111686
111688
118985
118986
119066
119156
119230
119289
119290
119292
119434
119435
119502
119576
119633
119643
119644
119646
119719
119720
119809
119879
119886
119962
119971
119972
120053
120056
120057
120058
120139
120140
120224
120226
120227
120232
120308
120309
120314
120387
120389
120469
120546
120551
120555
120630
120633
120635
120640
120722
120723
120724
120727
120731
120813
120814
120815
120816
120817
120820
120821
120909
120910
120911
120914
128236
128397
128476
128558
128628
128637
128709
128711
128785
128857
128934
128946
129014
129018
129020
129094
129095
129097
129100
129173
129253
129255
129332
129338
129339
129343
129418
129423
129424
129426
129496
129503
129511
129512
129513
129582
129585
129598
129600
129601
129686
129687
129688
129777
129778
129862
129865
129869
129947
129951
129962
130033
130036
130118
130202
130203
130209
130292
130293
130294
130295
130388
131140
138243
138316
138389
138392
138393
138394
138463
138544
138545
138623
138624
138625
138626
138627
138706
138708
138789
138790
138793
138869
138948
139035
139040
139120
139122
139193
139194
139197
139200
139202
139203
139207
139208
139209
139298
139299
139300
139380
139386
139388
139478
139479
139573
139576
139587
139658
139663
139751
139752
139755
139842
139844
139846
139847
139932
139935
139937
139938
140020
140024
140025
140031
147965
148047
148052
148129
148204
148271
148279
148280
148356
148435
148513
148514
148517
148597
148599
148601
148607
148680
148767
148769
148848
148854
148934
148935
148936
149019
149024
149026
149027
149111
149189
149191
149197
149199
149201
149202
149204
149287
149293
149295
149390
149483
149568
149569
149573
149574
149659
149662
149669
149753
149755
149756
149844
149845
149850
149930
150784
158180
158243
158251
158327
158397
158398
158399
158400
158563
158567
158649
158720
158721
158728
158730
158809
158810
158812
158896
158975
159060
159068
159072
159153
159158
159159
159160
159232
159247
159248
159249
159321
159324
159325
159329
159334
159335
159336
159343
159418
159423
159424
159425
159426
159428
159515
159518
159523
159609
159613
159614
159615
159701
159702
159704
159710
159795
159796
159797
159798
159800
159884
159887
159888
159966
159967
159973
159975
168562
168631
168722
168788
168789
168869
169039
169041
169126
169129
169157
169205
169292
169295
169366
169367
169445
169451
169452
169454
169537
169539
169541
169627
169630
169631
169632
169633
169705
169720
169721
169722
169724
169795
169796
169797
169805
169810
169897
169904
169906
169907
169991
169993
169994
169995
170085
170087
170174
170177
170270
179063
179228
179309
179379
179380
179465
179467
179468
179471
179553
179559
179560
179645
179651
179672
179742
179747
179831
179833
179916
179992
179995
179997
180066
180068
180071
180072
180155
180160
180162
180249
180252
180253
180254
180343
180344
180345
180346
180352
180426
180427
180430
180439
180440
180526
180529
180531
180534
180540
180629
180632
180634
180721
180723
180724
189885
190130
190138
190143
190215
190216
190221
190302
190303
190311
190393
190486
190579
190665
190666
190757
190758
190845
190847
190920
190925
191003
191004
191008
191098
191099
191102
191103
191190
191194
191196
191285
191286
191288
191385
191386
191387
191476
191478
191483
191484
191667
191940
201034
201200
201290
201375
201459
201462
201463
201550
201551
201552
201643
201646
201737
201739
201740
201743
201833
201834
201924
202014
202015
202089
202100
202176
202178
202181
202274
202277
202371
202372
202460
202461
202464
202465
202466
202565
202848
202849
202943
202946
203041
203042
212309
212392
212637
212813
212822
212905
212910
212912
212923
213005
213006
213008
213016
213099
213100
213102
213191
213194
213195
213286
213291
213374
213733
214221
214816
214820
223964
224043
224045
224046
224213
224216
224217
224303
224487
224683
225371
225682
225787
235775
235854
236032
236126
236128
236224
236520
236625
248206
248304
248492
248502
248604
260392
260487
