155480
165156
165712
165714
165715
174568
175443
176164
185918
186644
186747
186886
196426
196949
197489
197670
208052
208138
208428
219994
220111
230666
231570
231837
231839
242641
243377
254667
254756
255310
255464
255471
255534
255676
255728
266888
266891
266983
267578
267579
267657
267662
267731
267801
267802
279543
279707
279791
279797
279875
279879
279958
280037
280039
280109
280110
280173
280174
280245
280293
280479
280592
291925
292089
292096
292170
292174
292177
292252
292255
292266
292333
292334
292412
292415
292423
292486
292487
292488
292558
292630
304035
304129
304492
304497
304574
304589
304654
304655
304733
304734
304812
304813
304889
304890
304891
304965
304967
305512
305513
316685
316785
316789
316879
316983
317065
317073
317157
317164
317242
317325
317401
317402
317480
317555
317556
317631
318069
318076
318216
318334
329308
329404
329502
329503
329517
329598
329599
329689
329693
329698
329778
329779
329864
329865
329947
329954
329955
330029
330030
330036
330109
330783
330912
330972
342411
342412
342413
342583
342592
342671
342676
342753
342754
342836
342837
342916
342994
343790
355118
355311
355397
355489
355496
355577
355584
355675
355756
355842
356654
368186
368742
368984
381315
381793
381960
407376
447326
460317
