639418
639420
651709
651836
651905
651980
652684
652843
652934
653004
653006
653008
665113
665241
665359
665492
665563
665641
665730
666342
666418
666421
666486
666489
666490
666491
666498
666561
666562
666563
666565
666568
666632
666634
666635
666714
666715
666720
666790
677929
678411
678490
678547
678554
678618
678690
678759
679346
679352
679430
679509
679510
679740
679819
679972
679973
680050
680052
680053
680059
680126
680127
680129
680130
680131
680132
680199
680201
680202
680204
680275
680277
680278
680280
680283
680429
680430
691991
692132
692204
692282
692344
692347
692413
692481
692559
692636
692943
693021
693022
693024
693099
693256
693489
693490
693567
693573
693641
693643
693646
693647
693648
693656
693726
693727
693728
693729
693730
693731
693735
693736
693798
693799
693801
693802
693803
693804
693872
693873
693874
693875
693879
693950
694028
705181
705679
705681
705684
706030
706096
706325
706400
706471
706543
706619
707145
707151
707152
707228
707233
707234
707236
707309
707310
707311
707312
707313
707315
707316
707385
707387
707388
707390
707392
707463
707465
707475
707546
707626
707709
718799
719071
719189
719256
719398
719461
719463
719527
719528
719599
719673
719675
719677
719752
719753
719756
719828
719829
719831
719841
719906
719907
719909
719985
719986
719993
720213
720214
720218
720289
720366
720434
720444
720507
720514
720586
720589
720590
720591
720592
720593
720595
720596
720620
720667
720671
720672
720673
720675
720676
720677
720753
720758
720759
720760
720832
720835
720836
720837
720913
720915
720922
720999
721080
721162
731741
731971
732173
732216
732277
732281
732319
732375
732378
732379
732436
732438
732498
732499
732502
732564
732565
732629
732630
732696
732697
732760
732762
732763
732829
732894
732898
732900
732968
732969
732970
732971
733042
733043
733046
733118
733120
733121
733198
733350
733423
733566
733646
733647
733711
733719
733720
733794
733795
733796
733797
733798
733806
733867
733868
733869
733871
733872
733874
733876
733948
733949
733950
733955
733956
733959
733963
734025
734029
734037
734105
734106
734107
734109
734117
734185
734197
734199
734263
734264
734276
734358
734520
734646
734647
734713
745144
745192
745195
745309
745311
745393
745396
745397
745398
745436
745440
745442
745476
745477
745479
745482
745524
745526
745528
745578
745579
745641
745693
745694
745747
745749
745806
745811
745865
745927
745928
745931
745933
745997
745999
746000
746001
746002
746004
746065
746066
746067
746069
746070
746073
746075
746080
746137
746138
746139
746140
746141
746143
746213
746217
746218
746221
746428
746499
746501
746502
746570
746573
746639
746712
746714
746786
746788
746792
746857
746860
746862
746927
746929
746930
746938
746941
747002
747005
747008
747015
747079
747083
747155
747167
747170
747230
747232
747236
747241
747245
747309
747311
747312
747320
747386
747390
747461
747531
747660
747731
747732
758071
758082
758143
758144
758145
758178
758213
758214
758254
758300
758342
758343
758345
758378
758379
758380
758386
758388
758418
758420
758421
758426
758461
758507
758508
758562
758564
758618
758619
758677
758798
758863
758864
758867
758868
758869
758870
758931
758932
758933
758934
758935
758936
758937
758938
758939
758941
759004
759006
759007
759009
759010
759011
759012
759076
759078
759148
759356
759357
759358
759499
759500
759503
759504
759505
759583
759645
759651
759656
759712
759713
759719
759721
759780
759781
759782
759783
759785
759793
759794
759854
759855
759860
759862
759926
759927
759928
759934
759936
759939
759940
759941
759997
760002
760003
760005
760006
760009
760010
760011
760012
760013
760073
760074
760075
760081
760083
760084
760087
760141
760142
760145
760148
760151
760152
760154
760213
760217
760278
760280
760346
760352
760354
760555
770894
770900
770911
770912
770971
770974
770991
770995
770997
771025
771054
771056
771057
771090
771123
771124
771161
771162
771164
771199
771200
771201
771202
771238
771239
771283
771435
771550
771622
771623
771687
771688
771689
771703
771756
771757
771758
771759
771760
771773
771821
771825
771827
771828
771893
772022
772023
772024
772094
772155
772157
772232
772233
772295
772296
772298
772302
772364
772365
772375
772376
772439
772440
772441
772445
772447
772449
772450
772451
772455
772520
772521
772523
772582
772584
772586
772592
772596
772599
772612
772655
772657
772659
772660
772663
772665
772667
772668
772674
772677
772730
772737
772740
772754
772797
772800
772807
772808
772863
772864
772865
772866
772873
772875
772876
772880
772935
772938
772946
773006
773007
773019
773071
773072
773138
773151
783401
783413
783416
783446
783447
783483
783484
783485
783487
783493
783503
783505
783506
783508
783529
783554
783555
783580
783581
783610
783643
783644
783647
783676
783679
783681
783707
783709
783744
783745
783786
783830
783881
783999
784047
784052
784113
784115
784117
784118
784119
784180
784181
784182
784183
784246
784319
784369
784372
784373
784379
784385
784445
784447
784581
784597
784654
784655
784716
784719
784721
784724
784725
784783
784784
784787
784788
784854
784855
784856
784858
784859
784868
784871
784879
784926
784928
784935
784937
784940
784995
784997
784998
784999
785004
785027
785065
785074
785075
785076
785085
785155
785334
785343
785399
785410
785466
785468
785469
785475
785537
785539
785545
785547
785614
785697
785853
795813
795816
795819
795830
795831
795834
795845
795846
795848
795849
795860
795862
795874
795877
795886
795888
795893
795894
795928
795933
795942
795953
795965
795988
795990
796015
796038
796063
796096
796456
796457
796460
796461
796518
796519
796521
796523
796581
796585
796586
796590
796644
796648
796650
796652
796655
796709
796719
796725
796779
796780
796786
796787
796791
796792
796849
796858
796866
796919
796921
796922
796924
796926
796933
796989
796990
796991
796992
796993
796994
796999
797005
797024
797055
797058
797059
797060
797062
797063
797064
797078
797124
797125
797126
797129
797130
797131
797132
797136
797140
797141
797147
797197
797199
797201
797205
797207
797267
797275
797279
797340
797593
797676
797677
797735
797737
797738
797750
797810
797812
797813
797814
797965
797972
808026
808033
808049
808058
808067
808069
808070
808072
808563
808616
808617
808672
808721
808733
808734
808736
808782
808793
808794
808808
808862
808909
808910
808911
808912
808913
808916
808973
808975
808977
809044
809046
809063
809103
809105
809111
809121
809171
809172
809202
809235
809310
809313
809318
809373
809374
809377
809432
809488
809696
809697
809698
809777
809778
809779
809786
809850
809851
809854
809855
809859
809860
809866
809926
809933
809938
809939
820368
820412
820413
820414
820416
820417
820423
820463
820510
820520
820571
820575
820615
820616
820634
820639
820679
820682
820689
820692
820695
820696
820742
820743
820745
820746
820754
820803
820805
820807
820924
820929
821047
821071
821072
821170
821304
821379
821455
821458
821459
821460
821463
821535
821536
821539
821540
821546
821547
821610
821614
821616
821618
821620
821623
821693
821695
821771
831935
832021
832046
832074
832075
832076
832078
832131
832186
832239
832241
832248
832302
832309
832310
832359
832361
832412
832416
832470
832472
832607
832680
832681
832683
832761
832764
832767
832843
832848
832849
832854
832924
833093
843035
843082
843108
843128
843129
843130
843178
843179
843181
843208
843281
843401
843544
843609
843686
843692
843762
843763
843766
843843
843845
843927
843935
843938
853887
853927
854149
854353
854428
854504
854511
854579
864794
864949
865027
865028
875002
884878
