130446
139996
141514
150166
160304
160479
171855
181606
181607
191930
192018
192019
192112
192115
192210
192309
192686
202929
203025
203028
203115
203116
203128
203209
203303
203406
203503
203504
203509
214206
214302
214303
214304
214308
214398
214399
214401
214403
214495
214496
214497
214498
214499
214586
214592
214682
214687
214783
214784
214795
214983
215100
215320
216153
225650
225752
225756
225853
225855
225856
225962
225963
225964
225965
225966
225967
226064
226065
226066
226067
226068
226074
226160
226161
226162
226164
226169
226174
226258
226266
226268
226363
226365
226381
226577
226676
226899
237404
237406
237509
237614
237729
237730
237823
237825
237826
237928
237929
237930
237931
237935
237950
238026
238029
238030
238031
238037
238038
238124
238125
238128
238131
238231
238232
238235
238236
238246
238327
238338
238339
238449
238452
238453
238543
238545
238547
238871
238872
249383
249489
249592
249701
249806
249820
249910
249911
249929
250015
250016
250017
250020
250021
250104
250107
250118
250119
250120
250121
250122
250126
250136
250205
250206
250217
250219
250220
250221
250225
250230
250308
250320
250322
250323
250328
250329
250334
250417
250421
250425
250434
250522
250523
250529
250533
250635
250636
250638
250744
250746
250852
250957
250958
261772
261782
261788
261990
262193
262196
262201
262202
262216
262291
262292
262296
262390
262392
262396
262399
262404
262409
262494
262495
262496
262500
262510
262587
262602
262603
262604
262605
262606
262611
262701
262703
262704
262712
262714
262715
262717
262727
262814
262817
262821
262827
262828
262927
262943
263045
273949
274044
274052
274154
274256
274364
274443
274448
274455
274460
274468
274542
274550
274555
274642
274645
274654
274656
274744
274752
274756
274757
274846
274848
274859
274862
274863
274864
274955
274961
274966
274967
274968
274969
274972
275070
275073
275074
275075
275177
275179
275182
275193
275289
275290
275292
275293
275294
275299
275396
275397
286428
286430
286529
286620
286820
286933
287030
287036
287354
287356
287357
287464
287465
287467
287468
287470
287569
287573
287574
287575
287679
287680
287684
287790
287894
288581
298836
298936
298937
298938
299037
299120
299122
299130
299131
299227
299229
299230
299326
299335
299763
299776
299874
299875
299877
299982
299984
300093
300095
300115
300549
311146
311241
311242
311343
311346
311355
311356
311543
311544
311639
311640
311642
311663
311742
311744
311745
311746
311747
311748
311749
311762
311843
311851
311852
311853
311854
311855
311952
311961
311962
311963
311964
311966
311972
312074
312075
312081
312176
312179
312186
312194
312289
312291
312292
312299
312397
312400
312402
312624
312740
312965
323893
323896
323905
323998
323999
324094
324096
324097
324295
324296
324298
324300
324395
324396
324401
324403
324409
324417
324508
324521
324522
324611
324617
324625
324626
324728
324731
324732
324733
324837
324840
324954
325056
325058
336786
336874
336875
336876
336975
336980
337080
337084
337180
337182
337185
337197
337290
337291
337295
337394
337511
337604
337623
337838
349993
350096
350200
350201
350304
350312
350329
350420
351085
351186
352167
352275
362974
362977
362978
363076
363078
363178
363180
363181
363185
363606
363801
376139
376140
376235
376239
389112
389213
389224
389313
389415
402095
402113
402284
402581
415137
415224
415226
415318
415319
415408
415416
415432
415516
415797
416499
427853
428330
428527
428529
428645
428742
428870
440852
440944
440951
441034
441038
441039
441130
441134
441227
441236
441334
441540
441657
441982
454111
454113
454438
455073
467547
467655
467668
467756
467762
468087
468187
468193
468500
480403
480503
480504
480818
480925
481246
481645
481663
493780
494090
494125
495065
507548
507638
520778
534004
534192
534281
534284
534367
