739788
752302
752403
752404
752507
752608
752610
752692
752702
764651
764939
764940
764941
765037
765218
765329
765435
765436
765717
778121
778395
778400
790740
812600
813006
813109
813210
814909
824462
824656
834362
835959
836145
836433
846778
846787
846788
846881
846882
846980
846981
856221
856642
856731
856915
857381
857382
858087
858094
866548
866550
866635
866902
866988
867146
867232
867322
867409
867412
867506
867512
867613
867708
867799
867800
867902
868210
868310
868311
876608
876692
877289
877290
877293
877371
877461
877550
877556
877561
877562
877650
877658
877762
877764
877766
877849
877851
877949
878151
878259
879727
887308
887504
887887
887895
888101
888298
889467
896069
896152
897013
897110
897111
905372
905375
905971
906072
906169
906170
906367
906368
907889
922796
923337
