97377
97536
106095
106170
107564
114910
115001
115167
124047
124142
124230
133754
163232
164782
164859
164939
165016
165734
175206
175285
186436
186699
186752
196609
196689
196694
197185
206522
207235
207329
207426
207784
208366
218362
218364
218465
219305
219549
219851
220058
229053
229458
229990
242550
242812
243139
243376
253179
254480
254758
254931
255009
255086
255386
255391
266698
266793
266795
266984
267078
267169
267336
267414
267661
277631
279188
279280
279542
279626
279706
279799
279960
280475
280539
291566
291658
291750
292180
292489
292943
292947
292949
293007
293175
304407
304575
304817
305235
305239
305241
305309
305313
305368
305375
305376
305384
305438
305439
305443
305449
305506
305507
316586
316688
317413
317494
317850
317857
317926
317927
317932
318003
318004
318005
318007
318068
318077
318078
318079
318142
318144
318213
318273
318333
329212
329405
329505
329868
329961
330028
330035
330037
330045
330106
330107
330108
330112
330113
330182
330188
330256
330260
330332
330483
330484
330559
330562
330634
330635
330636
330638
330640
330641
330711
330784
330787
330849
330851
330909
330913
330967
330973
342134
342231
342232
342322
342323
342589
342752
342833
342835
342844
342915
342920
342990
342996
343069
343131
343201
343213
343282
343283
343284
343358
343359
343364
343373
343435
343438
343441
343511
343515
343587
343589
343598
343656
343721
355212
355307
355583
355673
355755
355758
355839
355840
355847
355855
355917
355986
355988
355989
355994
356003
356058
356059
356129
356132
356136
356208
356209
356211
356284
356286
356287
356295
356360
356361
356362
356368
356434
356435
356436
356444
356511
356513
356582
356583
356650
356657
356720
368283
368377
368378
368471
368473
368481
368565
368566
368653
368658
368830
368835
368987
368988
369052
369053
369055
369056
369057
369122
369123
369125
369126
369200
369203
369278
369280
369281
369283
369289
369293
369358
369359
369360
369362
369366
369370
369438
369440
369443
369444
369450
369517
369518
369597
369666
369816
381508
381509
381605
381610
381619
381700
381701
381703
381791
381879
381880
381961
382037
382039
382043
382111
382112
382117
382180
382181
382184
382258
382259
382260
382261
382333
382334
382337
382338
382418
382421
382499
382500
382502
382580
382738
382739
394504
394597
394598
394690
394692
394784
394796
394871
394942
395014
395017
395018
395087
395088
395092
395160
395161
395164
395235
395236
395313
395314
395315
395392
395393
395477
407470
407556
407557
407559
407643
407644
407718
407719
407721
407798
407800
407870
407871
407953
407954
408032
408033
408111
408187
408188
408263
408343
408346
420484
420485
420556
420557
420560
420632
420633
420711
420794
420795
420874
420875
420951
421028
421111
433655
433743
433744
433826
433827
433899
433980
433981
434063
434154
446983
446984
447061
447062
447151
447155
447239
447242
460229
