172230
193833
263710
274246
274346
274450
287017
287126
287127
287237
287238
287346
287459
300325
300434
312967
313071
313072
313073
313074
313178
313180
313181
313183
325405
325628
325641
325732
325736
325738
325848
325963
325965
326071
338036
338044
338264
338373
338374
338375
338376
338378
338476
338479
338482
338483
338486
338592
338593
338594
338596
338707
338710
338813
338814
338820
338822
338929
338933
339045
339051
339053
339056
339157
339166
350846
351062
351168
351273
351274
351275
351380
351381
351393
351475
351485
351496
351591
351592
351690
351694
351699
351700
351701
351702
351703
351814
351818
351930
352049
352155
352159
363383
364017
364026
364125
364126
364230
364231
364233
364338
364345
364442
364444
364539
364544
364763
365082
365083
376237
376640
376949
377053
377165
377258
377290
377361
377365
377371
377466
377580
390014
390207
390211
390307
390325
390409
390410
390412
391444
402087
403058
403061
403065
403158
403254
403257
403258
403266
403360
404150
404249
415801
415993
416097
416099
416109
416193
416197
416198
416200
416298
428962
429053
429060
429158
429161
429265
429266
429267
429272
429372
429373
429379
429381
429477
442187
442189
442291
442400
442404
442406
442409
442422
442517
442518
442519
442522
442633
442634
442737
442746
442752
442838
442839
443757
454413
455187
455280
455292
455378
455379
455383
455481
455482
455485
455700
455704
455706
455814
455815
455816
455913
455914
455915
455918
467644
468294
468493
468495
468586
468682
468687
468688
468690
468790
480214
480807
481244
481360
481362
481457
481555
481556
481642
481647
481814
481817
481818
481820
481824
481909
494200
494524
494713
494714
494803
494804
494888
507143
507346
507449
507547
520364
520667
520768
520859
520860
520861
520952
521055
533904
534097
534370
547446
560829
