396395
435116
435177
448255
448322
460486
473554
473570
473643
473644
473645
474299
474364
486758
486759
486762
486846
486847
486851
486935
487111
487499
499946
499947
499948
499949
499951
500036
500037
500038
500040
500043
500125
500126
500127
500371
500690
513234
513235
513238
513325
513326
513327
513331
513339
513416
513417
513418
513419
513420
513840
526592
526593
526596
526600
526602
526612
526680
526683
526685
526686
526687
526688
526690
526691
526692
526776
526777
526778
526779
526786
526860
527204
527205
527278
539939
540030
540031
540037
540115
540116
540117
540120
540121
540122
540123
540127
540206
540207
540209
540210
540211
540212
540213
540216
540223
540294
540295
540648
553336
553418
553425
553510
553511
553513
553514
553596
553597
553598
553600
553604
553605
553606
553684
553686
553691
553692
553693
553695
553696
553778
553779
553780
553781
553783
553784
553792
554126
566814
566886
566889
566897
566959
566960
566962
566964
566965
567039
567040
567041
567043
567122
567123
567124
567125
567128
567129
567133
567210
567212
567292
568123
568337
580108
580188
580195
580196
580197
580283
580284
580288
580368
580370
580371
580373
580452
580454
580533
580534
580623
580698
580865
581519
581592
593176
593268
593357
593441
593529
593616
593619
593622
593714
593802
593806
593901
593983
594152
594237
606704
606795
606886
606888
606971
607058
607060
607146
607239
607333
607427
607702
607861
607941
608021
608025
608098
608165
620135
620217
620220
620313
620314
620411
620497
620593
620685
621321
621405
621490
621491
621572
621577
621658
621661
621662
621741
621742
621745
621746
621747
621813
621814
621892
621903
633558
633656
633753
633758
633840
633853
633938
633939
634029
634030
634126
634219
634470
634634
634892
634978
635064
635065
635145
635146
635226
635227
635228
635313
647212
647304
647305
647395
647396
647487
647488
647581
647667
647672
647673
647675
647676
647860
648015
648095
648096
648097
648176
648177
648179
648494
648495
648496
648571
648579
648582
648584
648587
648658
648659
648660
648663
648749
648822
648823
648960
649042
649198
660630
660713
660714
660797
660800
660887
660986
661158
661489
661490
661491
661575
661576
661578
661579
661580
661661
661662
661663
661665
661666
661753
661830
661831
661832
661914
661915
661993
662002
662003
662004
662012
662078
662079
662081
662083
662087
662094
662098
662164
662171
662177
662178
662179
662260
662339
662404
662405
662477
673965
674060
674128
674134
674205
674552
674966
674968
674970
674978
675051
675052
675053
675056
675057
675138
675139
675140
675141
675142
675228
675311
675313
675314
675391
675394
675395
675405
675464
675465
675470
675472
675473
675477
675479
675544
675545
675547
675563
675625
675626
675627
675628
675629
675703
675706
675707
675708
675709
675711
675721
675723
675777
675781
675782
675784
675785
675786
675793
675794
675854
675856
675857
675859
675862
675863
675935
675941
676015
676021
676022
676098
676100
676101
676103
676176
676188
676189
676250
676399
687335
687517
687518
688028
688298
688383
688461
688462
688463
688551
688557
688639
688640
688653
688726
688727
688814
688816
688819
688887
688889
688890
688900
688904
688967
688970
688971
688979
688980
689045
689046
689049
689050
689052
689058
689122
689125
689127
689136
689283
689284
689285
689296
689363
689366
689368
689369
689371
689382
689448
689452
689465
689532
689533
689534
689553
689609
689610
689612
689614
689615
689616
689688
689689
689690
689769
700867
700964
700971
701063
701495
701949
702042
702043
702045
702133
702134
702135
702137
702221
702225
702227
702306
702307
702394
702396
702398
702399
702475
702476
702479
702480
702481
702482
702483
702484
702485
702561
702563
702565
702566
702567
702568
702571
702572
702573
702574
702579
702653
702654
702662
702663
703090
703091
703094
703095
703175
703177
703178
703250
703251
703252
703253
703254
703255
703256
703320
703321
703323
703326
703327
703395
703466
714310
714314
714414
714518
714803
715453
715456
715465
715554
715643
715740
715915
716090
716092
716093
716173
716596
716679
716682
727603
727705
727807
727808
728756
728758
728848
728849
728853
728942
729032
729547
729551
729969
730048
740738
741056
741157
741635
741814
741912
742451
742546
742632
742634
753649
753761
753974
753981
754947
755037
755039
755129
755216
755549
755719
766616
766930
767787
767883
767978
768147
779464
780411
780496
780503
780686
780925
780929
792158
792894
792900
792983
792985
793391
805095
805096
805098
805103
805180
805190
805259
805260
805264
805531
806333
816533
816544
817070
817079
817159
817253
827887
827992
828629
828714
828794
838857
839061
839159
839514
839889
840043
840121
840595
850358
850730
850893
850989
851159
851521
851889
860844
861006
861366
861368
862081
871124
871225
872162
881632
881881
882051
891943
901068
901233
901466
910185
918694
918943
927470
