19767
23419
23421
23593
23718
27690
27749
27803
27808
27859
27862
27916
27917
27979
28101
32636
32757
32760
32817
32818
32825
32870
32875
32937
33005
33007
33067
33139
33968
37847
37982
38041
38173
38174
38176
38300
38302
38364
38366
38639
39253
43694
43754
43885
43947
43952
44015
44026
44154
45006
49625
49898
49961
49964
49982
50099
50166
50169
55825
56033
56405
56463
56475
56539
56540
56542
56615
57104
57737
63077
63158
63164
63226
63300
63301
63306
63457
69221
69223
69226
69244
69287
69296
69345
69835
70225
70226
70230
70301
70302
70373
70384
70450
70451
70458
70541
70542
70632
76641
76642
76643
76644
76646
76707
76708
76709
76710
76713
76772
76773
76780
76799
76836
77496
77739
77821
77904
77977
77978
77979
84429
84493
84495
84502
84561
84564
84577
84626
84629
84630
84633
84691
85698
85856
85859
85861
85862
85942
92528
92601
92605
92672
92673
92675
92743
92744
92745
92746
92749
92808
92809
92817
92872
92946
93018
93101
93735
93808
93888
93973
93976
93984
94059
94061
101180
101188
101201
101252
101253
101254
101255
101257
101258
101259
101260
101263
101270
101328
101329
101331
101333
101341
101395
101396
101537
101612
101694
101922
102010
102170
102242
102326
102498
102669
102670
102767
103314
103316
109955
110023
110025
110029
110095
110097
110099
110100
110104
110107
110174
110176
110178
110179
110241
110244
110312
110441
110513
110515
110589
110590
110593
110666
110840
111240
111327
111495
111583
111584
119061
119137
119142
119211
119214
119291
119356
119358
119359
119360
119423
119429
119431
119504
119505
119506
119638
119713
119885
119964
119966
120629
120719
120809
120810
120905
128474
128546
128550
128551
128626
128634
128636
128638
128703
128705
128717
128780
128783
128784
128792
128859
128863
128871
128938
128939
128942
129019
129172
129428
129859
130117
130198
130286
130288
130386
131705
138156
138234
138236
138238
138310
138312
138381
138388
138459
138468
138471
138475
138547
138552
138573
138628
138709
138947
139119
139206
139840
139841
139931
139934
140018
140019
140107
140864
148120
148198
148199
148275
148355
148358
148363
148437
148438
148440
148448
148516
148521
148523
148685
149110
149673
149749
149839
149841
149927
149934
150015
157944
158242
158391
158477
158480
158483
158553
158560
158569
158641
158646
158813
159883
159970
159972
160059
160066
160151
168636
168709
168717
168787
168860
168868
168954
168956
168962
169037
169038
169050
169125
169127
169208
170082
170172
170262
170345
170346
170355
170436
170437
179140
179220
179221
179223
179301
179315
179370
179378
179464
179470
179555
179556
179646
179647
179650
179740
179741
179743
179834
179915
180161
180719
180813
180829
180906
180990
180996
181081
181092
181178
190047
190050
190061
190127
190136
190206
190212
190214
190298
190300
190390
190392
190394
190484
190485
190491
190573
190575
190580
190664
190756
190923
191104
191109
191197
191576
191579
191585
191669
191674
191762
191764
191858
191952
201111
201112
201113
201192
201195
201196
201201
201283
201289
201370
201384
201452
201461
201549
201644
201837
201925
201926
202013
202093
202179
202276
202278
202373
202375
202376
202471
202473
202474
202567
202570
202670
202671
202861
212384
212465
212467
212468
212476
212558
212821
212902
212911
213193
213285
213287
213372
213460
213467
213549
213644
213645
213646
213740
213742
213744
213836
213933
214035
223878
223953
223956
223957
224038
224042
224044
224129
224132
224218
224304
224489
224586
224587
224681
224682
224781
224782
224879
224881
224971
224976
225073
236025
236223
236426
247924
247951
248014
248022
248103
248109
248299
248399
248497
260211
260297
260388
260395
260396
260483
