828802
828887
828891
828974
829055
829213
840052
840128
840130
840131
840240
840297
840374
840378
840448
840516
840592
851235
851317
851391
851452
859282
861803
862027
862096
862166
869784
870663
872086
872174
872175
872247
872325
872465
879834
882387
882388
882465
882468
890980
891449
892204
892542
892695
900075
900080
900264
900450
900542
900543
900634
900727
900833
901325
901402
901607
901737
901807
901873
907357
908280
908366
908452
908707
908877
910110
910194
910704
910706
910776
911021
915975
916932
917687
918022
918362
919342
919494
919557
919739
926275
934059
936401
936402
936795
936848
937001
942054
949172
956642
964119
