721522
722411
722506
735408
747652
748439
748533
748534
748626
748634
748716
748810
749192
761133
761140
761218
761219
761298
761307
761389
761390
761479
761489
761574
761667
761767
761853
761945
773282
773866
773867
773869
773953
773954
773955
773957
774034
774036
774122
774124
774125
774212
774213
774214
774223
774303
774305
774306
774308
774392
774397
774404
774482
774574
774575
774663
774754
786023
786108
786190
786193
786276
786277
786362
786364
786366
786367
786368
786370
786450
786452
786455
786457
786526
786534
786536
786546
786622
787051
787057
787144
787243
798295
798296
798375
798376
798380
798386
798461
798464
798466
798547
798551
798554
798555
798556
798569
798635
798637
798638
798641
798642
798655
798732
798736
798806
798812
799386
799387
799388
799682
810007
810082
810249
810255
810262
810329
810337
810342
810343
810353
810418
810424
810432
810501
810502
810504
810508
810509
810515
810518
810578
810579
810583
810588
810589
810596
810598
810657
810737
810819
811303
811401
811593
821928
821929
821933
822009
822014
822085
822086
822091
822092
822093
822098
822099
822173
822175
822176
822177
822178
822182
822183
822247
822249
822250
822251
822252
822320
822322
822328
822395
822398
822467
822913
822914
833323
833324
833327
833392
833400
833401
833469
833473
833474
833475
833476
833477
833478
833479
833485
833543
833547
833550
833551
833619
833621
833622
833623
833695
833700
833707
833713
833770
834138
834233
844321
844322
844402
844403
844405
844469
844473
844476
844483
844537
844538
844539
844540
844552
844605
844607
844609
844618
844681
844691
845145
845146
855059
855061
855132
855133
855199
855200
855201
855202
855205
855261
855263
855264
855270
855271
855272
855273
855281
855333
855334
855336
855340
855342
855345
855347
855412
855619
855621
855699
855703
855789
855790
855797
865660
865713
865714
865718
865788
865790
865798
865799
865801
865876
865938
866007
866079
866155
875977
876131
894487
895016
895017
895079
895083
