155774
166126
166167
176587
176627
176716
187468
198261
198496
198839
209442
209838
210071
210073
210130
220834
220838
220839
221261
232431
232439
232550
232551
232556
232558
232596
232597
232642
232690
232693
233216
233281
244368
244410
244411
244498
244499
244543
244545
244547
244589
244641
244806
244919
244927
245033
245201
256485
256488
256526
256617
256618
256665
256667
256668
256669
256769
256771
256819
256874
256876
256995
257054
257114
257169
268740
268744
268971
269018
269067
269069
269071
269119
269126
269177
269348
269539
281089
281422
281461
281464
281466
281507
281554
281556
281655
281705
281707
281710
281764
281822
281826
281827
281886
281946
282114
282383
282447
293596
293845
293936
294115
294116
294118
294164
294168
294213
294217
294267
294268
294330
294389
294391
294392
294393
294449
294450
294453
294504
294559
306118
306132
306157
306276
306456
306601
306651
306653
306703
306706
306754
306760
306762
306817
306877
306935
306992
306993
307049
307059
307096
307101
318888
318926
318961
318962
319008
319093
319096
319191
319198
319239
319394
319445
319495
319549
319605
319610
319659
319833
319949
319950
320012
331674
331707
331709
331713
331804
331846
331854
331858
331898
331899
331900
331947
331997
331998
332226
332282
332319
332436
332498
332682
332806
332875
344670
344673
344674
344715
344763
344806
344807
344811
344822
344857
344966
345080
345082
345249
345493
345686
345829
345901
346618
357808
357943
358058
358289
358394
358639
358989
359067
359068
359623
359709
370875
370999
371056
371108
371166
371226
371232
371287
371576
371640
371846
372273
384056
384219
384372
384376
384670
384781
384842
384909
384967
385055
385326
385481
385549
385551
385559
385563
385629
385631
385635
397021
397067
397109
397164
397170
397171
397338
397438
397491
397739
397793
398048
398136
398627
398635
398730
398782
409910
409916
410136
410494
410555
411009
411082
411515
411520
411699
411770
411773
422819
422979
423038
423039
423087
423095
423096
423606
423669
423798
424168
424309
424363
424436
424513
424514
424599
424688
436229
436230
436356
436955
437027
437319
437404
437701
437770
449552
449553
449554
449620
450214
450287
450581
450584
450660
450798
451178
451675
451774
463596
463667
463743
463811
463812
463875
464196
464694
464900
476204
476206
476864
476867
476939
477009
477010
477077
477358
477438
489604
489737
490078
490151
490228
490307
490308
490383
490770
491038
491133
491203
491312
502610
503033
503242
503565
503640
503717
503838
504097
504117
504292
504380
504467
504474
504555
516400
516636
516791
517036
517095
517102
517111
517165
517168
517180
517240
517244
517441
517606
517607
517695
529923
530088
530319
530409
530492
530560
530574
530636
530639
530640
530651
530711
530729
530808
530881
530896
530972
530973
530984
531063
531065
531159
531324
544064
544154
544220
544221
544248
544307
544311
544316
544391
544472
544475
544476
544477
544480
544559
544560
544650
544904
556737
556898
556974
557175
557409
557481
557561
557566
557640
557642
557643
557715
557718
557721
557790
557803
558039
558040
558041
558044
558048
558049
558137
570422
570480
570893
583983
584138
584213
584292
584300
584301
585268
585269
585761
597375
597529
597608
597685
597767
597854
597863
597937
598016
598100
598103
598177
598179
598182
598266
598337
598591
610854
610985
610986
611054
611055
611138
611140
611212
611295
611372
611373
611383
611455
611461
611464
611536
611537
611542
611544
611545
611619
611620
611623
611624
611626
611627
611628
611630
611700
611703
611704
611705
611706
611707
611709
611710
611711
611782
611785
611786
611787
611788
611862
611864
611940
612093
624565
624717
624953
624955
625036
625114
625115
625121
625198
625280
625284
625364
625366
625368
625369
625370
625371
625372
625451
625452
625453
625527
625528
625530
625531
625615
625619
625696
625933
638317
638392
638393
638468
638471
638706
638788
638789
638873
638951
638955
638957
639036
639043
639121
639126
639205
639285
639524
652074
652221
652223
652227
652305
652463
652470
652543
652544
652549
652552
652630
652633
652706
652711
652716
652785
652787
652866
652867
665751
665756
665828
665830
665834
665906
665910
666058
679216
679371
679449
679529
679534
679613
692893
