3845
5571
5615
5616
7795
7926
8191
10369
10471
16651
16726
20262
20666
20737
24155
24816
29529
34197
34410
39701
39704
45116
45395
45398
45467
45537
51084
51229
51444
51522
51595
51662
51663
51670
51674
57464
57466
57546
57911
57988
57993
58062
64769
64778
64844
64852
65248
71663
71814
71967
71969
71975
72042
72050
79129
79442
79521
79619
79785
79955
86944
87038
87124
87291
87374
87450
87533
87544
87710
87812
95278
95372
95544
95615
95692
95875
103734
103827
103829
103919
103923
103926
104016
104108
104109
104117
104189
104190
104192
104194
104195
104271
104272
104449
104542
112753
112755
112756
112847
112849
112851
112852
112943
112945
112947
112955
112957
113042
113043
113127
113140
113143
113144
113222
122074
122077
122176
122177
122183
122273
122274
122358
122364
122448
131376
131468
131562
131563
131747
131752
131754
131755
131848
131849
131940
141005
141199
141297
141394
141584
141589
141682
151113
151210
151211
151514
161326
