190820
247649
247650
247737
247908
248479
259749
259753
259761
259841
259940
259943
260018
260196
260464
271932
271934
271935
272017
272027
272028
272029
272030
272110
272113
272114
272117
272119
272202
272204
272205
272207
272209
272210
272214
272221
272222
272379
284249
284335
284417
284505
284506
284507
284508
284509
284510
284596
284599
284600
284602
284605
284607
284685
284688
284689
284691
284779
284853
284858
285036
296851
296854
296931
296934
297021
297023
297032
297103
297105
297109
297111
297112
297113
297114
297118
297200
297201
297202
297204
297205
297284
297288
297289
297290
297291
297294
297295
297367
309373
309375
309532
309542
309550
309621
309622
309626
309700
309797
309798
309799
309801
309806
309879
309884
309885
309888
309893
309894
309976
310069
310070
310072
310160
310163
310176
310263
310265
310270
321922
322012
322189
322270
322272
322434
322445
322446
322525
322530
322532
322533
322534
322538
322540
322541
322542
322616
322618
322622
322623
322625
322626
322627
322631
322632
322638
322709
322711
322712
322713
322714
322718
322719
322720
322724
322725
322728
322807
322808
322813
322814
322901
323008
323016
323101
323102
323203
323204
323206
323308
323399
323402
323403
323404
323405
323506
334857
335049
335136
335150
335233
335241
335322
335324
335404
335405
335412
335413
335419
335420
335501
335502
335506
335507
335508
335521
335598
335600
335603
335604
335605
335606
335607
335608
335614
335621
335704
335706
335707
335708
335714
335715
335721
335798
335800
335806
335808
335813
335899
335900
335913
335914
336001
336011
336014
336015
336106
336109
336111
336112
336205
336207
336305
347945
348036
348037
348040
348133
348150
348245
348332
348333
348419
348422
348426
348431
348432
348518
348519
348520
348522
348523
348524
348528
348529
348530
348531
348535
348614
348615
348618
348619
348620
348621
348622
348626
348627
348629
348713
348719
348721
348724
348727
348729
348730
348735
348816
348823
348829
348831
348835
348917
348918
348920
348922
348923
348928
348929
349025
349027
349028
349029
349030
349033
349034
349039
349128
349130
349131
349135
360927
361023
361120
361121
361131
361132
361133
361135
361136
361137
361234
361236
361237
361316
361327
361337
361430
361515
361518
361519
361522
361526
361527
361616
361617
361618
361624
361710
361711
361714
361715
361716
361718
361722
361723
361810
361814
361815
361816
361818
361819
361820
361830
361905
361908
361913
361914
361915
361916
361917
361918
362005
362006
362012
362013
362014
362015
362016
362017
362107
362108
362116
362215
362313
362315
362316
374216
374328
374330
374337
374338
374425
374428
374429
374430
374438
374520
374527
374529
374531
374532
374624
374627
374633
374712
374718
374719
374720
374724
374805
374806
374812
374813
374816
374899
374900
374903
374909
374910
374911
374913
374994
374997
374998
375001
375002
375003
375004
375005
375006
375007
375008
375013
375096
375099
375102
375104
375105
375106
375110
375111
375195
375196
375203
375204
375206
375211
375306
375307
375399
375407
375499
387528
387529
387530
387620
387623
387626
387628
387629
387630
387631
387632
387720
387726
387727
387728
387729
387730
387734
387817
387818
387822
387823
387827
387830
387905
387906
387909
387911
387912
387915
387916
387917
387995
387996
388001
388003
388004
388005
388006
388008
388009
388010
388014
388019
388090
388093
388095
388097
388099
388100
388103
388105
388106
388109
388112
388189
388191
388192
388193
388197
388198
388199
388200
388201
388203
388204
388211
388288
388290
388294
388295
388296
388299
388301
388303
388385
388387
388388
388390
388391
388393
388395
388396
388482
388483
388484
388485
388486
388488
388490
388581
388588
400560
400566
400567
400569
400663
400665
400666
400667
400673
400764
400766
400768
400769
400773
400777
400862
400864
400866
400867
400873
400874
400948
400951
400953
400955
400956
400957
401036
401037
401039
401045
401046
401047
401048
401051
401052
401124
401127
401128
401129
401132
401133
401134
401135
401136
401141
401216
401217
401220
401222
401225
401226
401227
401228
401229
401307
401308
401310
401311
401312
401313
401316
401318
401321
401324
401401
401402
401408
401487
401490
401492
401493
413267
413635
413641
413732
413734
413735
413738
413740
413741
413746
413747
413826
413829
413830
413832
413836
413837
413838
413839
413921
413925
413929
413930
413931
413935
414016
414019
414020
414021
414022
414023
414102
414103
414104
414105
414112
414182
414187
414189
414190
414269
414270
414271
414272
414277
414281
414355
414357
414359
414360
414362
414445
414447
414538
426314
426408
426502
426687
426689
426690
426692
426696
426778
426779
426780
426786
426789
426795
426796
426869
426874
426876
426878
426879
426880
426960
426970
426971
426976
426977
427052
427058
427060
427062
427141
427234
427317
427318
427409
427410
427417
427504
427594
439505
439506
439600
439609
439693
439694
439695
439704
439782
439784
439785
439786
439787
439872
439873
439874
439875
439876
439877
439878
439879
439958
439961
439966
439967
439968
439973
439975
440045
440047
440054
440055
440060
440135
440136
440137
440143
440144
440146
440231
440232
440233
440234
440239
440329
440410
440416
440493
440500
440589
440678
440679
440680
440681
452397
452569
452576
452583
452661
452756
452758
452852
452853
452938
452939
452941
452947
452948
453029
453031
453032
453033
453036
453041
453116
453117
453118
453119
453121
453122
453124
453207
453209
453210
453211
453212
453298
453301
453302
453303
453304
453385
453391
453478
453479
453754
453758
464890
465968
466049
466051
466052
466136
466138
466139
466140
466141
466226
466229
466231
466234
466327
466412
466416
466589
466873
479021
479025
479207
479295
479296
479297
479383
479386
479565
479567
479747
479749
479841
479845
479940
492566
492567
492569
492747
492755
492835
492837
493027
505930
505931
505933
506020
506031
506113
506126
506386
506478
506480
506568
518730
518820
518826
518909
518911
518996
518998
519007
519084
519085
519091
519157
519164
519167
519168
519169
519245
519256
519259
519335
519345
519347
519427
519438
519439
519529
519531
519793
532170
532255
532256
532346
532347
532435
532436
532438
532520
532524
532607
532683
532692
532694
532776
532779
532783
532870
532871
532957
533045
533225
545818
545819
546065
546078
546079
546167
546255
546331
546433
546780
559383
559642
559720
559728
559732
559814
559815
559816
559818
559903
559905
559987
559993
560160
560161
573271
573272
573356
573358
573360
586813
586902
613959
641440
