137113
147046
156848
177825
177895
177976
178890
178891
188660
188727
188728
199769
199770
200759
211019
211031
211084
211085
211968
212047
212301
221466
222407
222408
222480
222548
222620
222694
223356
223371
234196
234197
234198
234273
234274
234277
234285
234345
234346
234417
235193
235356
246229
246230
246246
246265
246308
246309
246310
246314
246316
246456
246458
247401
257535
258311
258397
258398
258401
258477
258479
258480
258494
258497
258554
259585
270021
270605
270671
270673
270757
270758
270759
270760
270762
270770
270837
270845
270846
270848
270919
271000
271081
282696
282765
282841
283080
283163
283174
283242
283245
283246
283247
283258
283263
283320
283322
283331
283332
283333
283406
283407
283415
283488
283489
284256
295227
295284
295435
295604
295605
295606
295607
295682
295684
295685
295692
295765
295766
295767
295769
295770
295777
295848
295854
295860
295863
295931
295938
295954
306597
306644
307756
307771
307826
308056
308137
308139
308226
308234
308302
308304
308306
308307
308308
308311
308312
308313
308314
308315
308320
308321
308387
308389
308392
308393
308394
308396
308400
308403
308404
308472
308473
308474
308475
308487
319389
320407
320543
320777
320780
320781
320862
320863
320864
320865
320866
320867
320941
320942
320946
320949
320950
320951
320953
320956
321025
321026
321027
321028
321029
321030
321031
321032
321034
321035
321036
321037
321038
321039
321040
321041
321110
321111
321112
321122
321123
321124
321125
321132
321133
321200
321215
321307
333462
333539
333560
333621
333625
333626
333644
333702
333705
333707
333709
333710
333711
333715
333720
333723
333785
333786
333787
333788
333789
333790
333793
333794
333795
333796
333797
333802
333805
333869
333870
333871
333872
333873
333882
333883
333884
333885
333886
333887
333888
333890
333891
333957
333960
333961
333972
333974
334049
334056
334066
334068
334069
334070
334160
344899
345069
345958
345960
346107
346190
346273
346287
346449
346514
346532
346595
346596
346598
346601
346602
346615
346679
346682
346685
346687
346688
346692
346695
346697
346765
346767
346772
346774
346779
346780
346862
346863
346867
346868
346871
346873
346874
346879
346944
346964
346965
347055
358045
358218
358968
359048
359125
359126
359203
359284
359523
359600
359601
359612
359617
359685
359688
359706
359712
359781
359789
359790
359866
359872
359882
359888
359958
359969
360062
360240
371389
371505
372171
372600
372737
372815
372894
372899
372908
372914
372977
372978
372979
373061
373062
373063
373064
373150
373169
384657
385948
385955
386097
386100
386246
386317
386384
386458
397834
398957
399103
399215
399290
399359
399428
399433
399498
410788
410789
410843
410855
411842
411846
411919
411991
411996
412204
412205
412206
412285
412362
412602
412697
423936
424747
424832
424907
424913
425230
425304
425311
436869
437086
437161
437234
437381
437469
437981
437984
438073
438152
438234
438502
438505
451322
451409
451488
451489
451490
451496
451498
451592
452214
464189
464268
464269
464270
464349
464437
464438
464515
464521
464523
464526
464527
464528
464607
464610
464611
464613
464617
464619
464624
464709
464712
464713
464714
464715
476994
477074
477075
477128
477129
477197
477198
477204
477270
477272
477275
477276
477277
477350
477353
477354
477355
477359
477434
477435
477442
477517
477524
477526
477605
477615
477616
477618
477621
477697
477700
477702
477704
477706
477709
477710
477714
477800
477801
477805
477890
489592
489655
489656
489721
489723
489787
490225
490294
490295
490298
490306
490364
490366
490370
490372
490380
490381
490431
490432
490433
490434
490435
490439
490502
490503
490504
490507
490517
490518
490522
490596
490597
490600
490602
490671
490676
490677
490679
490686
490765
490766
490855
490857
490945
490946
490947
490949
490950
491029
491030
491035
491037
491042
491043
502882
502946
502947
502948
503013
503014
503308
503382
503457
503464
503470
503542
503544
503549
503621
503622
503623
503624
503629
503630
503632
503636
503698
503701
503703
503705
503709
503710
503715
503764
503767
503771
503772
503773
503775
503777
503778
503779
503780
503781
503782
503837
503839
503840
503841
503842
503843
503844
503846
503847
503848
503849
503850
503851
503854
503919
503920
503922
503926
503928
503930
503931
503933
503937
504004
504010
504018
504019
504020
504021
504025
504026
504106
504107
504108
504109
504110
504111
504113
504114
504189
504194
504196
504199
504204
504205
504279
504280
504286
504287
504288
504289
516190
516192
516256
516259
516260
516261
516858
516863
516864
516867
516942
516943
516944
516945
516946
517022
517025
517027
517028
517033
517101
517103
517104
517105
517106
517107
517115
517167
517169
517170
517171
517172
517173
517174
517176
517179
517241
517242
517245
517247
517248
517251
517253
517254
517255
517257
517262
517326
517334
517339
517340
517341
517343
517344
517347
517424
517428
517430
517431
517434
517435
517437
517520
517522
517604
517605
529647
529783
529850
530403
530486
530559
530568
530569
530578
530632
530638
530644
530645
530646
530647
530648
530715
530716
530717
530719
530721
530722
530723
530724
530725
530726
530792
530793
530796
530799
530804
530805
530809
530885
530886
530887
530889
530895
530979
543235
543310
543313
543383
543453
543454
543603
543604
543676
543681
543682
543973
544058
544141
544222
544223
544304
544305
556731
556957
557032
557108
557186
557261
570264
