422730
448993
462193
462285
462361
475265
475284
475379
475423
475475
475517
478379
488551
489047
491443
501793
501808
501823
501864
502013
502137
502142
502247
515101
515102
515154
515307
528435
528446
528501
528565
528648
528650
528653
528686
528730
542053
542087
542095
542140
542169
542170
542726
544526
555625
555686
555779
555863
555867
555918
555919
555920
555973
556031
556269
556438
557842
557926
569153
569199
569218
569386
569423
569427
569428
569435
569437
569473
569476
569480
569482
569485
569529
569592
569594
569966
570166
570234
570310
570376
570388
570930
570998
571077
571401
582635
582723
582786
582788
582824
582825
582829
582860
582865
582913
583394
583736
583745
583806
583808
583876
584037
584111
584114
584191
584192
584348
584741
584910
585153
596130
596133
596137
596151
596154
596178
596288
596336
596337
596338
596383
596385
596421
596422
596426
596461
596463
596509
596512
597073
597737
598075
598141
598387
598473
598566
598812
609738
609739
609757
609759
609784
609788
609793
609817
609900
609902
609951
609953
609956
610001
610002
610055
610094
610099
610100
610140
610145
610146
610194
610366
610428
610699
611043
611105
611108
611346
611432
612153
612237
612317
613599
623359
623371
623374
623402
623436
623529
623565
623566
623570
623622
623669
623671
623726
623729
623730
623780
623796
623966
624042
624399
624460
624461
624484
624848
625430
625644
625988
626071
626156
626161
626333
626589
626631
627071
628183
628277
637028
637046
637138
637139
637145
637146
637182
637184
637186
637187
637189
637233
637250
637287
637289
637291
637303
637345
637346
637400
637408
637521
637608
637637
637704
637827
638088
638212
638221
638299
638370
638379
638432
638433
638439
638508
638597
638599
638604
638609
638683
638762
638765
638840
638848
638925
638928
639013
639016
639258
639574
639579
640082
640136
640160
640540
640616
640625
640706
640791
640797
640802
641083
641252
641994
650670
650675
650689
650761
650815
650855
650910
650911
650967
650969
651024
651025
651027
651090
651146
651149
651168
651264
651320
651329
651580
651642
651643
651652
651654
651712
651982
652063
652110
652113
652124
652135
652191
652356
652364
652370
652447
652615
652671
653085
653140
653227
653417
653483
653487
653557
653882
654038
654436
654631
654904
655793
664178
664180
664197
664225
664280
664306
664308
664349
664356
664404
664405
664461
664463
664465
664522
664524
664542
664589
664591
664650
664655
664656
664657
664718
664834
664896
664897
664912
664979
665101
665120
665242
665362
665421
665480
665489
665491
665640
665647
665716
665722
665723
665807
665810
665892
665954
665955
665969
666036
666049
666052
666109
666401
666488
666631
666711
666716
666861
666868
666876
666946
666954
667022
667023
667025
667102
667275
667510
667651
667732
667906
667995
668084
668085
668175
669437
677759
677801
677832
677833
677839
677844
677876
677879
677920
677928
677977
677978
678032
678034
678036
678098
678110
678154
678215
678352
678355
678466
678480
678489
678548
678749
678756
678770
678830
678834
678890
678893
678897
678901
678902
678965
679039
679042
679046
679047
679114
679119
679123
679192
679194
679195
679263
679272
679273
679275
679277
679345
679417
679432
679433
679495
679609
679806
679822
679890
679970
680045
680047
680125
680128
680194
680217
680272
680352
680427
680432
680438
680505
680507
680576
680580
680582
680645
680653
680654
680655
680738
680740
681046
681092
681185
681342
681343
681427
681501
681519
681520
682589
683749
691279
691282
691283
691315
691355
691395
691404
691475
691525
691526
691528
691529
691581
691582
691586
691636
691637
691641
691642
691644
691696
691755
691765
691810
691814
691815
691872
691873
691931
691940
691986
691987
692043
692054
692062
692065
692066
692125
692137
692143
692272
692275
692276
692279
692281
692348
692349
692352
692414
692418
692484
692550
692557
692562
692565
692571
692634
692641
692647
692713
692718
692719
692722
692723
692788
692792
692798
692804
692866
692873
692936
692940
692950
692952
692953
693018
693019
693090
693093
693106
693173
693175
693177
693242
693253
693254
693326
693402
693423
693502
693558
693572
693637
693640
693654
693719
693722
693725
693793
693794
693805
693866
693867
693868
693869
693935
693936
693944
693945
693949
694023
694024
694031
694032
694103
694105
694180
694182
694194
694259
694263
694337
694576
694636
694700
694703
694762
694773
694776
694778
694784
694789
694845
694848
694856
694864
694923
694924
694937
694938
695017
695025
695026
695032
695099
695108
695110
695113
695115
695194
695206
695294
695301
695783
695870
695872
696273
704923
704929
704931
704968
705032
705117
705119
705122
705124
705129
705214
705215
705265
705266
705322
705323
705381
705382
705383
705385
705435
705491
705492
705501
705546
705549
705606
705609
705633
705682
705822
705891
705895
705902
705966
706022
706024
706028
706029
706031
706038
706094
706095
706097
706100
706101
706103
706108
706171
706175
706176
706177
706233
706241
706245
706250
706315
706317
706319
706326
706329
706392
706465
706470
706477
706478
706542
706554
706606
706613
706689
706768
706770
706772
706840
706855
706931
706987
706990
707069
707142
707144
707222
707223
707229
707304
707306
707317
707381
707382
707451
707462
707464
707466
707542
707543
707548
707624
707625
707627
707628
707705
707706
707707
707711
707721
707784
707792
707860
707861
707866
707935
707940
707941
707947
708017
708068
708223
708272
708285
708286
708287
708344
708352
708353
708355
708356
708420
708421
708436
708437
708438
708439
708444
708505
708518
708519
708520
708521
708527
708593
708608
708609
708613
708684
708702
708788
708795
708871
708883
708964
708965
708978
709078
709147
709255
709635
709922
710023
710134
710922
711024
711120
718361
718394
718398
718423
718426
718455
718459
718495
718498
718564
718611
718645
718646
718649
718665
718691
718692
718696
718699
718700
718701
718737
718742
718794
718841
718842
718851
718903
718908
718947
718996
718999
719055
719056
719062
719121
719122
719123
719128
719187
719188
719190
719199
719263
719271
719319
719394
719400
719401
719464
719538
719542
719607
719610
719681
719682
719684
719685
719754
719905
719915
719980
719981
720057
720062
720074
720129
720131
720210
720211
720212
720269
720281
720283
720358
720435
720506
720510
720584
720585
720668
720678
720748
720749
720755
720830
720831
720833
720834
720909
720916
720992
720993
720995
721005
721073
721074
721075
721077
721147
721155
721157
721158
721160
721238
721241
721242
721243
721245
721312
721315
721318
721321
721324
721388
721394
721395
721454
721593
721602
721604
721658
721661
721664
721665
721671
721675
721721
721732
721733
721736
721739
721740
721790
721799
721802
721806
721807
721808
721809
721810
721814
721874
721876
721881
721889
721892
721893
721894
721897
721944
721958
721959
721973
721976
721977
721979
721980
722047
722051
722061
722064
722065
722134
722137
722152
722226
722231
722320
722321
722322
722329
722333
722388
722409
722412
722416
722421
722422
722430
722432
722501
722503
722504
722514
722519
722598
722599
722608
722612
722613
722695
722698
722700
722708
722710
722711
722712
722795
722804
722807
722810
722812
722898
722899
722996
723174
723384
723486
723982
724187
724197
724403
724509
731722
731736
731810
731843
731878
731900
732062
732088
732093
732127
732133
732136
732170
732178
732227
732228
732263
732317
732321
732376
732377
732500
732501
732507
732512
732563
732572
732574
732639
732690
732703
732705
732769
732835
732844
732892
732903
732904
732906
732957
732981
733038
733048
733053
733112
733133
733189
733190
733194
733197
733201
733266
733270
733272
733275
733283
733342
733346
733349
733413
733425
733480
733495
733563
733565
733580
733637
733639
733723
733725
733783
733784
733862
733863
733943
733945
734022
734028
734100
734101
734103
734168
734180
734186
734256
734258
734261
734326
734327
734337
734339
734340
734342
734355
734410
734412
734419
734421
734422
734434
734481
734489
734492
734496
734497
734498
734499
734502
734510
734512
734556
734557
734560
734561
734562
734563
734565
734566
734569
734579
734622
734627
734628
734630
734632
734691
734704
734766
734781
734793
734798
734847
734854
734855
734859
734864
734865
734868
734876
734877
734927
734930
734938
734939
734943
734944
734945
734946
734949
734999
735002
735003
735017
735018
735019
735020
735021
735023
735024
735025
735026
735075
735081
735082
735095
735096
735097
735098
735099
735100
735102
735161
735162
735174
735178
735179
735181
735183
735184
735241
735242
735248
735252
735253
735257
735259
735303
735318
735321
735325
735332
735334
735338
735339
735343
735394
735407
735413
735418
735419
735496
735497
735499
735508
735509
735517
735518
735567
735587
735589
735592
735593
735601
735602
735611
735614
735680
735681
735682
735683
735684
735686
735688
735692
735693
735698
735703
735705
735777
735778
735779
735780
735782
735786
735794
735795
735806
735875
735877
735878
735879
735880
735883
735890
735891
735893
735976
735977
735978
735980
735981
735983
735986
735987
735988
736070
736073
736079
736166
736170
736175
736260
736261
736355
736364
736575
736780
736876
737395
737507
737509
737510
737616
744971
744976
744999
745003
745026
745267
745268
745270
745273
745274
745312
745351
745352
745355
745391
745400
745431
745435
745480
745492
745529
745532
745533
745580
745584
745635
745636
745651
745691
745764
745812
745813
745817
745872
745874
745937
745994
745998
746007
746008
746068
746134
746142
746207
746210
746215
746216
746279
746280
746282
746283
746351
746352
746355
746356
746357
746358
746360
746422
746423
746424
746425
746427
746429
746431
746435
746490
746491
746492
746561
746578
746637
746642
746643
746706
746707
746777
746778
746837
746863
746873
746922
746944
747004
747069
747070
747071
747074
747139
747148
747156
747161
747214
747216
747223
747225
747237
747299
747302
747303
747304
747378
747379
747387
747389
747436
747447
747450
747451
747452
747512
747514
747515
747517
747518
747580
747581
747585
747587
747632
747633
747635
747638
747642
747643
747644
747645
747647
747653
747665
747705
747710
747713
747714
747716
747718
747723
747734
747789
747798
747806
747810
747868
747869
747878
747879
747880
747882
747884
747885
747886
747935
747947
747949
747960
747962
747963
747967
747968
747973
748025
748028
748031
748037
748048
748049
748050
748051
748052
748055
748058
748101
748103
748110
748114
748117
748123
748128
748130
748132
748133
748134
748135
748136
748137
748195
748202
748210
748211
748212
748213
748216
748259
748271
748280
748284
748286
748290
748292
748348
748351
748352
748357
748365
748367
748369
748370
748371
748434
748435
748436
748437
748449
748450
748451
748511
748516
748530
748531
748532
748545
748552
748553
748610
748612
748622
748624
748633
748635
748636
748639
748711
748712
748713
748717
748722
748726
748728
748729
748730
748731
748733
748737
748739
748791
748805
748808
748811
748816
748817
748818
748819
748823
748824
748826
748830
748902
748903
748905
748907
748910
748912
748913
748914
748916
748917
748923
748924
748996
748998
749000
749004
749007
749008
749009
749011
749013
749092
749093
749097
749101
749103
749105
749180
749183
749184
749186
749187
749193
749194
749195
749199
749286
749375
749379
749381
749384
749464
749476
749477
749479
749576
749590
749886
749992
750319
750320
750426
750427
750538
757990
758002
758010
758118
758140
758148
758150
758184
758187
758257
758273
758290
758291
758297
758298
758335
758336
758339
758349
758374
758377
758416
758422
758456
758465
758469
758505
758506
758514
758520
758554
758573
758574
758620
758621
758626
758729
758738
758739
758743
758748
758788
758790
758796
758799
758809
758857
758862
758865
758866
758922
758924
758929
758995
759001
759018
759022
759074
759142
759143
759146
759149
759150
759206
759212
759215
759216
759217
759218
759219
759220
759221
759222
759226
759279
759281
759282
759284
759285
759286
759287
759290
759292
759298
759344
759350
759354
759355
759359
759362
759363
759421
759427
759428
759430
759487
759490
759495
759497
759498
759553
759560
759573
759626
759629
759701
759776
759788
759790
759848
759849
759919
759930
759991
759992
759996
760192
760328
760343
760344
760393
760407
760415
760475
760481
760497
760498
760538
760539
760540
760542
760544
760545
760546
760547
760560
760561
760562
760564
760611
760613
760614
760617
760620
760621
760623
760625
760633
760634
760635
760689
760690
760691
760692
760693
760697
760699
760701
760708
760710
760712
760713
760714
760715
760716
760717
760727
760770
760771
760773
760777
760781
760782
760786
760792
760793
760794
760796
760797
760798
760854
760856
760858
760860
760861
760863
760869
760878
760879
760882
760883
760884
760885
760889
760944
760947
760951
760954
760959
760968
760969
760970
760971
760972
761033
761034
761037
761040
761041
761044
761045
761049
761057
761061
761062
761063
761065
761068
761120
761130
761131
761132
761144
761145
761147
761149
761200
761217
761223
761225
761228
761231
761232
761236
761284
761292
761296
761297
761309
761315
761316
761383
761386
761388
761400
761401
761402
761475
761476
761488
761490
761494
761495
761499
761500
761504
761554
761570
761571
761573
761582
761583
761584
761585
761589
761591
761651
761653
761657
761661
761662
761666
761669
761672
761674
761675
761676
761677
761681
761684
761757
761758
761760
761763
761768
761769
761770
761771
761772
761773
761774
761777
761850
761851
761852
761858
761859
761860
761861
761862
761863
761864
761869
761939
761942
761944
761947
761950
761952
761953
761960
762033
762034
762035
762036
762044
762045
762046
762047
762056
762126
762127
762129
762137
762216
762224
762226
762227
762230
762327
762330
762335
762420
762431
762433
762441
762527
762535
762537
762643
762750
762751
762752
762767
762853
762854
762858
762958
762960
762963
763065
763069
763070
763072
763074
763174
763180
763287
763289
770883
770922
770938
770943
770948
770952
770996
770998
771024
771035
771087
771120
771122
771125
771157
771159
771160
771197
771233
771237
771243
771279
771323
771324
771328
771329
771332
771377
771378
771379
771388
771391
771423
771429
771436
771441
771502
771505
771544
771563
771613
771614
771615
771620
771624
771674
771681
771691
771693
771750
771752
771775
771819
771820
771831
771879
771884
771890
771892
771894
771895
771896
771899
771948
771957
771958
771960
771961
771962
771963
771968
772018
772019
772021
772025
772030
772033
772036
772079
772084
772087
772088
772090
772093
772098
772106
772107
772148
772153
772154
772212
772218
772221
772227
772287
772354
772356
772426
772431
772432
772435
772503
772505
772575
772585
772652
772654
772851
772920
772997
773134
773154
773155
773156
773206
773231
773280
773286
773287
773291
773292
773294
773297
773305
773347
773348
773356
773358
773360
773372
773376
773377
773378
773379
773383
773426
773427
773428
773429
773434
773437
773438
773442
773450
773451
773455
773456
773457
773458
773468
773507
773512
773513
773514
773515
773516
773517
773518
773519
773522
773530
773531
773532
773536
773541
773543
773593
773595
773597
773598
773600
773610
773613
773614
773615
773616
773620
773622
773673
773681
773684
773686
773698
773699
773702
773703
773704
773705
773707
773708
773709
773765
773766
773767
773774
773775
773787
773790
773791
773792
773795
773796
773850
773857
773861
773863
773865
773877
773880
773881
773882
773884
773934
773940
773947
773950
773952
773964
773965
773966
773967
773971
774030
774032
774035
774037
774041
774052
774053
774055
774064
774109
774136
774138
774146
774218
774225
774226
774228
774243
774312
774313
774314
774315
774325
774327
774332
774405
774406
774407
774409
774410
774411
774412
774415
774416
774481
774485
774487
774491
774492
774493
774494
774496
774498
774501
774569
774580
774581
774582
774583
774584
774585
774596
774668
774671
774672
774673
774681
774686
774749
774751
774760
774761
774762
774764
774765
774769
774773
774853
774859
774860
774862
774863
774865
774886
774952
774953
774954
774956
774963
774964
774965
774976
775047
775049
775050
775052
775053
775055
775056
775060
775061
775062
775148
775150
775151
775154
775157
775160
775164
775251
775254
775259
775264
775266
775359
775360
775361
775362
775364
775365
775374
775460
775461
775464
775465
775466
775468
775563
775568
775569
775570
775571
775669
775672
775673
775674
775681
775686
775778
775780
775782
775889
775892
775997
775999
783406
783422
783431
783439
783449
783458
783469
783528
783552
783553
783588
783619
783637
783639
783640
783641
783650
783669
783670
783671
783677
783682
783701
783702
783703
783708
783737
783738
783741
783742
783743
783746
783750
783752
783785
783787
783790
783792
783839
783840
783878
783890
783923
783924
783926
783930
783985
783986
783987
784040
784041
784046
784057
784102
784106
784109
784114
784168
784172
784178
784188
784235
784241
784243
784247
784248
784254
784259
784298
784299
784300
784303
784306
784310
784314
784323
784364
784365
784366
784368
784370
784376
784378
784430
784431
784435
784439
784457
784458
784461
784497
784498
784501
784502
784503
784505
784506
784509
784515
784517
784531
784569
784571
784572
784585
784587
784632
784633
784635
784640
784641
784661
784707
784709
784712
784775
784782
784860
784920
784923
784934
784985
784993
785067
785254
785481
785551
785554
785623
785624
785626
785627
785628
785693
785698
785699
785701
785761
785762
785779
785780
785835
785842
785843
785846
785849
785855
785861
785863
785864
785868
785869
785922
785924
785928
785929
785930
785932
785933
785934
785935
785944
785950
785951
785953
785954
786005
786006
786007
786008
786010
786011
786012
786014
786016
786017
786020
786028
786030
786031
786033
786034
786035
786038
786042
786090
786092
786093
786094
786096
786097
786098
786099
786101
786105
786110
786115
786117
786118
786119
786121
786179
786181
786182
786186
786187
786188
786189
786201
786206
786207
786208
786211
786263
786268
786270
786271
786273
786275
786282
786293
786295
786296
786302
786355
786379
786380
786385
786389
786391
786467
786468
786475
786525
786549
786550
786552
786630
786635
786636
786640
786710
786711
786712
786713
786716
786721
786722
786725
786795
786796
786797
786799
786800
786801
786802
786803
786804
786811
786878
786880
786882
786883
786884
786885
786887
786888
786889
786893
786897
786967
786968
786971
786972
786980
787047
787053
787059
787060
787061
787062
787140
787148
787150
787151
787152
787153
787154
787155
787159
787238
787239
787242
787246
787248
787249
787250
787251
787252
787253
787254
787264
787338
787341
787343
787344
787345
787346
787348
787349
787350
787351
787352
787353
787362
787436
787438
787440
787444
787445
787448
787451
787452
787539
787541
787542
787543
787544
787546
787548
787551
787559
787563
787566
787631
787636
787638
787639
787640
787642
787645
787650
787651
787742
787743
787746
787747
787748
787749
787750
787751
787757
787768
787847
787850
787851
787852
787853
787854
787855
787858
787860
787872
787948
787954
787956
787957
787958
787960
787961
787962
787974
788051
788058
788059
788060
788063
788064
788165
788166
788168
788169
788268
788269
788272
788375
795794
795822
795861
795896
795915
795916
795941
795966
795975
795976
795987
795989
796000
796010
796012
796017
796018
796035
796036
796042
796045
796057
796058
796059
796060
796065
796073
796090
796091
796103
796134
796136
796137
796138
796179
796225
796335
796385
796387
796393
796441
796442
796443
796444
796454
796471
796508
796510
796522
796524
796528
796568
796569
796570
796578
796587
796636
796637
796639
796653
796668
796707
796710
796718
796738
796769
796770
796773
796776
796789
796838
796840
796908
796910
796911
796914
796973
796974
796982
796984
797053
797127
797137
797195
797745
797746
797751
797758
797793
797819
797821
797822
797824
797831
797895
797896
797897
797900
797901
797961
797969
797970
797973
797974
797976
797981
798049
798052
798054
798061
798125
798131
798136
798138
798140
798142
798147
798199
798200
798207
798210
798217
798226
798284
798285
798286
798300
798301
798306
798307
798309
798310
798311
798365
798367
798374
798378
798384
798388
798392
798394
798395
798396
798454
798456
798457
798458
798459
798460
798469
798471
798472
798478
798479
798480
798486
798548
798550
798564
798571
798573
798575
798652
798664
798719
798733
798734
798742
798795
798811
798818
798822
798868
798887
798890
798891
798895
798954
798959
798960
798963
798964
799030
799033
799039
799041
799042
799043
799045
799119
799121
799124
799130
799131
799207
799211
799214
799219
799298
799300
799301
799303
799304
799305
799307
799390
799396
799397
799399
799400
799405
799486
799488
799489
799494
799496
799497
799498
799503
799504
799584
799589
799592
799593
799594
799602
799676
799681
799683
799684
799685
799687
799689
799690
799692
799694
799779
799780
799781
799783
799784
799785
799786
799787
799788
799789
799790
799794
799879
799880
799882
799883
799884
799885
799886
799887
799888
799889
799890
799892
799893
799904
799984
799986
799988
799989
799990
799991
799993
799994
799995
799996
799999
800005
800011
800087
800091
800092
800093
800094
800095
800097
800098
800191
800192
800193
800194
800195
800196
800201
800213
800292
800294
800296
800297
800298
800299
800397
800398
800399
800400
800494
800495
800507
800598
808016
808017
808082
808097
808103
808104
808108
808121
808151
808154
808155
808187
808191
808193
808209
808218
808233
808236
808237
808238
808240
808256
808257
808259
808277
808298
808366
808376
808404
808414
808419
808451
808453
808456
808461
808464
808498
808500
808501
808504
808511
808550
808551
808557
808560
808568
808600
808601
808611
808659
808680
808719
808737
808783
808835
808900
808901
808965
808967
809098
809293
809473
809629
809630
809631
809708
809709
809710
809713
809714
809788
809789
809791
809792
809794
809863
809867
809871
809872
809874
809941
809942
809943
809944
809947
809948
809949
810005
810014
810021
810023
810024
810025
810026
810027
810033
810080
810083
810094
810100
810101
810103
810114
810120
810167
810169
810172
810175
810180
810185
810186
810189
810245
810248
810265
810266
810268
810274
810335
810352
810354
810358
810409
810411
810412
810433
810441
810443
810495
810496
810497
810521
810522
810525
810577
810580
810594
810667
810668
810670
810676
810680
810747
810749
810754
810800
810817
810818
810827
810885
810887
810888
810894
810895
810965
810975
810976
811044
811045
811055
811057
811118
811134
811135
811136
811210
811211
811213
811216
811224
811304
811307
811312
811313
811400
811402
811403
811405
811414
811423
811495
811498
811499
811502
811503
811505
811506
811507
811520
811591
811594
811595
811596
811597
811598
811599
811601
811602
811603
811686
811687
811688
811689
811690
811691
811693
811695
811700
811704
811780
811782
811784
811785
811787
811788
811789
811790
811794
811795
811875
811877
811879
811880
811883
811884
811885
811886
811887
811888
811893
811978
811981
811982
811983
811985
811986
811995
811996
812083
812084
812085
812086
812088
812095
812184
812185
812186
812187
812188
812189
812276
812280
812281
812282
812283
812285
812376
812379
812482
819854
819867
819885
819907
819919
819925
819929
819986
820002
820003
820010
820022
820023
820027
820039
820046
820049
820050
820051
820069
820071
820072
820088
820105
820185
820191
820214
820231
820233
820239
820266
820267
820268
820282
820310
820321
820349
820351
820355
820403
820406
820407
820410
820451
820554
820558
820737
821148
821158
821159
821243
821327
821387
821389
821393
821394
821395
821466
821467
821468
821470
821472
821543
821544
821549
821550
821552
821624
821625
821626
821630
821632
821633
821674
821696
821698
821699
821700
821704
821705
821769
821773
821778
821780
821781
821782
821790
821791
821837
821851
821856
821857
821858
821939
821940
821941
821942
821947
822021
822022
822024
822025
822029
822030
822031
822080
822081
822082
822083
822100
822106
822113
822116
822166
822174
822187
822188
822189
822191
822197
822201
822241
822244
822246
822261
822263
822272
822273
822319
822335
822344
822345
822384
822405
822406
822408
822417
822418
822421
822475
822480
822486
822487
822488
822489
822490
822494
822537
822541
822542
822544
822549
822550
822551
822552
822553
822558
822599
822600
822602
822608
822609
822665
822666
822669
822675
822736
822751
822830
822836
822915
822918
822922
822923
823011
823012
823016
823017
823020
823022
823109
823113
823115
823117
823121
823123
823202
823205
823207
823208
823210
823212
823217
823302
823305
823308
823309
823321
823391
823395
823397
823400
823401
823485
823487
823488
823491
823492
823493
823495
823496
823584
823585
823586
823587
823588
823590
823676
823677
823763
823778
831367
831436
831466
831586
831650
831657
831701
831703
831733
831736
831770
831785
831790
831810
831868
831908
831961
831975
832015
832128
832475
832536
832543
832610
832616
832689
832691
832694
832695
832701
832702
832769
832772
832777
832779
832782
832858
832859
832861
832929
832932
832934
832936
832941
832984
832998
833012
833013
833017
833019
833024
833097
833098
833144
833145
833149
833153
833175
833179
833180
833230
833244
833248
833255
833257
833329
833334
833335
833343
833388
833390
833395
833405
833407
833408
833409
833416
833417
833423
833425
833486
833489
833490
833491
833494
833500
833505
833552
833559
833560
833562
833563
833564
833575
833633
833637
833640
833645
833646
833651
833708
833709
833715
833719
833778
833779
833782
833785
833787
833788
833838
833840
833841
833843
833844
833846
833849
833850
833900
833901
833909
833964
833971
833973
833977
833980
833982
834048
834049
834066
834068
834136
834140
834141
834143
834147
834152
834153
834231
834235
834236
834238
834239
834253
834330
834331
834335
834336
834346
834347
834420
834422
834423
834425
834426
834428
834509
834511
834513
834514
834518
834595
834597
834598
834599
834600
834613
834684
834686
834687
834690
834691
834693
834780
834781
834782
834784
834787
834788
834873
834876
834878
842503
842784
842848
842861
842916
843227
843334
843464
843467
843468
843469
843537
843611
843612
843613
843614
843618
843619
843620
843687
843688
843690
843693
843694
843695
843698
843700
843775
843777
843783
843853
843854
843864
843931
843932
843939
843949
844017
844019
844022
844024
844027
844075
844104
844107
844182
844223
844230
844255
844260
844272
844273
844313
844315
844331
844333
844336
844340
844341
844342
844346
844394
844396
844408
844409
844411
844412
844413
844416
844418
844475
844479
844481
844482
844485
844486
844491
844550
844555
844557
844558
844570
844623
844625
844626
844638
844688
844694
844695
844700
844701
844760
844761
844767
844818
844820
844822
844827
844884
844887
844888
844894
844961
844966
844972
844973
844974
845057
845061
845064
845065
845148
845152
845153
845241
845242
845246
845248
845329
845331
845332
845335
845336
845338
845341
845419
845422
845425
845428
845438
845502
845505
845506
845508
845518
845520
845589
845590
845591
845592
845601
845666
845671
845672
845689
845759
853449
853460
853482
853497
853655
853802
853924
853980
854014
854148
854197
854209
854210
854211
854213
854279
854280
854281
854283
854285
854286
854287
854295
854351
854355
854356
854357
854359
854361
854362
854363
854429
854430
854432
854433
854435
854506
854507
854508
854512
854514
854585
854586
854588
854589
854599
854671
854672
854673
854677
854744
854747
854750
854751
854752
854756
854762
854794
854826
854830
854831
854835
854836
854843
854904
854905
854912
854913
854915
854927
854928
854929
854992
854993
854994
854995
854998
855001
855002
855003
855004
855008
855068
855070
855073
855074
855076
855082
855137
855138
855139
855140
855144
855145
855146
855156
855204
855206
855207
855208
855210
855211
855212
855213
855219
855277
855278
855279
855282
855284
855289
855291
855344
855348
855350
855351
855352
855355
855413
855415
855416
855417
855419
855420
855476
855479
855489
855491
855494
855540
855544
855545
855548
855553
855617
855622
855704
855709
855715
855785
855791
855792
855794
855804
855872
855879
855880
855961
855962
855963
855971
855972
856048
856049
856050
856051
856054
856064
856125
856126
856128
856129
856137
856200
856201
856203
856284
864155
864479
864594
864654
864655
864658
864659
864661
864665
864723
864724
864725
864726
864727
864729
864732
864738
864795
864796
864799
864800
864802
864805
864807
864811
864871
864875
864876
864878
864879
864880
864883
864887
864951
864954
864955
864959
864969
865034
865035
865039
865040
865047
865048
865123
865124
865130
865132
865174
865179
865201
865202
865203
865206
865274
865280
865283
865287
865291
865327
865357
865359
865360
865361
865365
865432
865435
865436
865437
865439
865442
865509
865510
865511
865512
865513
865514
865515
865519
865520
865571
865577
865578
865579
865580
865582
865585
865587
865591
865595
865649
865651
865652
865653
865654
865658
865670
865725
865726
865729
865732
865733
865743
865744
865795
865803
865806
865807
865810
865818
865875
865877
865878
865887
865890
865941
865942
865943
865945
866003
866005
866006
866008
866011
866076
866078
866082
866083
866086
866088
866092
866156
866158
866163
866231
866232
866235
866243
866297
866299
866300
866301
866302
866305
866306
866369
866371
866374
866376
866381
866449
866450
866452
866455
866527
866530
866536
866621
866640
874729
874731
874733
874788
874790
874792
874793
874794
874795
874796
874797
874804
874855
874856
874857
874859
874861
874863
874864
874865
874867
874925
874930
874932
874933
874934
874935
874936
874937
874938
874940
875003
875004
875005
875006
875007
875008
875009
875012
875013
875014
875020
875080
875084
875088
875089
875090
875100
875150
875152
875155
875156
875161
875162
875163
875169
875206
875231
875234
875235
875237
875238
875239
875243
875248
875307
875308
875309
875310
875312
875313
875315
875317
875318
875319
875325
875326
875386
875391
875400
875430
875435
875464
875465
875467
875469
875470
875472
875540
875547
875550
875551
875554
875622
875623
875624
875625
875626
875628
875631
875635
875638
875693
875694
875697
875700
875703
875704
875708
875712
875767
875768
875770
875772
875773
875775
875776
875779
875846
875849
875851
875852
875864
875917
875918
875919
875921
875929
875986
875987
875988
876004
876054
876056
876058
876066
876132
876134
876197
876202
876203
876219
876276
876281
876349
876351
876352
876355
876357
876424
876425
876428
876444
876499
876504
876506
876508
876585
876590
876673
876681
884576
884630
884666
884667
884673
884717
884718
884719
884721
884722
884763
884764
884768
884769
884772
884773
884783
884821
884823
884824
884825
884828
884829
884830
884831
884832
884833
884834
884840
884879
884883
884885
884886
884887
884888
884889
884890
884891
884896
884898
884941
884942
884943
884945
884946
884947
884948
884950
884951
884955
884999
885001
885002
885006
885008
885010
885065
885071
885072
885073
885074
885075
885076
885079
885136
885137
885138
885139
885140
885142
885146
885147
885148
885149
885159
885160
885198
885209
885211
885212
885216
885219
885220
885221
885223
885224
885227
885292
885293
885297
885298
885303
885304
885306
885346
885348
885365
885372
885373
885374
885377
885379
885380
885381
885382
885385
885386
885447
885450
885452
885453
885456
885459
885460
885481
885521
885524
885525
885526
885527
885528
885532
885545
885596
885597
885598
885600
885602
885604
885605
885612
885616
885664
885666
885668
885672
885739
885740
885742
885743
885807
885808
885810
885822
885824
885879
885880
885883
885953
885955
885963
886024
886025
886027
886028
886031
886032
886100
886104
886106
886107
886117
886121
886177
886181
886186
886187
886188
886259
886260
886261
886336
886340
886358
886360
886424
894230
894231
894256
894262
894280
894282
894285
894286
894289
894314
894318
894319
894321
894322
894323
894328
894329
894350
894352
894353
894355
894356
894357
894358
894359
894360
894361
894363
894365
894366
894394
894395
894396
894399
894400
894401
894402
894405
894411
894412
894437
894441
894442
894443
894445
894446
894447
894448
894450
894455
894486
894488
894489
894490
894496
894497
894498
894500
894501
894505
894506
894541
894544
894545
894549
894550
894552
894553
894554
894555
894559
894560
894603
894608
894609
894610
894611
894612
894613
894616
894617
894620
894626
894675
894678
894683
894684
894687
894751
894752
894755
894756
894757
894818
894822
894823
894825
894826
894828
894835
894836
894888
894889
894894
894896
894897
894900
894971
894978
895023
895024
895030
895031
895035
895037
895044
895092
895093
895094
895096
895103
895107
895110
895161
895162
895164
895233
895298
895303
895306
895309
895322
895378
895381
895448
895452
895454
895455
895457
895468
895530
895533
895534
895615
895616
895704
903466
903467
903471
903487
903489
903492
903498
903515
903516
903518
903542
903543
903544
903545
903573
903574
903575
903577
903579
903580
903582
903584
903585
903604
903606
903608
903609
903612
903613
903614
903621
903644
903645
903646
903647
903652
903653
903681
903687
903688
903693
903729
903730
903734
903735
903736
903737
903738
903740
903745
903746
903786
903789
903792
903794
903840
903842
903846
903847
903848
903899
903906
903910
903915
903959
903964
903965
903974
903977
904027
904028
904078
904081
904083
904141
904144
904149
904150
904202
904268
904269
904270
904271
904276
904342
904344
904349
904350
904351
904352
904416
904417
904423
904430
904489
904496
904590
904670
904744
904751
912274
912287
912288
912308
912309
912310
912315
912327
912328
912331
912338
912356
912385
912387
912388
912412
912413
912414
912416
912418
912420
912421
912424
912425
912431
912446
912449
912453
912458
912459
912460
912461
912467
912488
912489
912490
912494
912495
912496
912497
912499
912529
912531
912532
912533
912534
912537
912542
912566
912577
912579
912581
912609
912622
912624
912652
912658
912659
912664
912694
912695
912696
912707
912738
912743
912744
912796
912803
912804
912805
912809
912870
912881
912925
912927
912932
912936
912994
912997
913005
913012
913068
913071
913078
913139
913147
913153
913231
913306
913391
913398
920899
920902
920925
920927
920954
920980
920981
921009
921012
921013
921016
921053
921056
921057
921061
921062
921101
921102
921103
921104
921136
921142
921143
921151
921154
921179
921182
921186
921190
921226
921232
921265
921271
921275
921277
921280
921309
921311
921319
921359
921360
921372
921410
921419
921463
921525
921527
921533
921534
921543
921549
921593
921601
921733
921741
921747
921748
921805
921814
921891
921904
921969
921970
922050
922058
922719
929455
929494
929502
929532
929534
929535
929541
929575
929577
929578
929579
929580
929620
929632
929666
929674
929702
929703
929704
929705
929707
929709
929743
929745
929751
929755
929796
929799
929805
929846
929847
929849
929850
929851
929853
929861
929893
929894
929898
929945
929947
929949
929963
930022
930067
930070
930079
930082
930140
930200
930213
930275
930280
930351
930496
937644
937710
937744
937745
937755
937782
937783
937788
937822
937863
937947
937952
937954
937957
937967
938003
938051
938101
938102
938205
938256
938518
938532
938580
938584
938592
938593
945483
945564
945596
945601
945602
945629
945634
945635
945636
945641
945645
945675
945678
945688
945717
945725
945764
945812
945814
945828
945852
945862
945866
945905
945912
945919
945958
945966
946009
946119
946192
946252
946325
946331
952958
953081
953133
953136
953144
953175
953209
953217
953265
953309
953311
953353
953354
953458
953553
953676
953743
960311
960340
960341
960379
960471
960523
960612
960654
960703
960706
960761
960764
961291
967477
967480
967536
967576
967667
967714
974711
974746
974780
974817
974864
974951
975378
976125
981831
981872
988747
988792
988823
988855
988900
988997
989046
995507
995529
995697
996068
1.00223e+06
1.00231e+06
1.00231e+06
