239101
263184
263286
263620
275424
275533
275535
275536
275644
275757
275758
275759
275868
275875
275983
287924
287925
288034
288037
288038
288041
288144
288369
288370
288606
300454
300458
300459
300781
301558
313747
313856
313964
314192
326496
327027
339399
339508
352600
352702
365433
365626
365740
378237
378334
378339
378435
391372
391373
391475
391565
391568
403966
403971
404069
416957
416959
417050
417149
417238
417411
417512
417715
429926
430096
430177
430625
430628
430646
443001
443088
443163
443165
443166
443342
443347
443352
443760
444042
444043
444142
444146
444153
456166
456171
456257
456260
456334
456336
456428
456432
456519
456520
457104
457183
457188
457192
457280
457282
457561
469425
469426
470189
470278
470280
470281
470283
470284
496404
496940
496943
510218
510398
510486
523632
523633
537319
577775
